DTE,CE,PE,Total
1441,66,63,129
1441,73,60,133
1441,70,81,151
1441,78,108,186
1441,129,119,248
1441,83,56,139
1441,78,106,184
1441,135,140,275
1441,87,95,182
1441,58,80,138
1441,54,49,103
1441,97,57,154
1441,100,59,159
1441,52,51,103
1441,95,59,154
1441,120,82,202
1441,78,53,131
1441,68,41,109
1441,68,92,160
1441,91,78,169
1441,87,57,144
1441,76,67,143
1441,111,120,231
1441,127,117,244
1441,49,62,111
1441,86,72,158
1441,68,41,109
1441,84,45,129
1441,83,101,184
1441,64,46,110
1441,97,97,194
1441,87,57,144
1441,74,83,157
1441,73,64,137
1441,73,64,137
1441,103,74,177
1441,105,68,173
1441,125,102,227
1442,84,54,138
1442,58,56,114
1442,74,61,135
1442,135,142,277
1442,60,86,146
1442,77,66,143
1442,92,76,168
1442,77,66,143
1442,48,60,108
1442,115,84,199
1442,72,62,134
1442,153,111,264
1442,78,42,120
1442,98,57,155
1442,90,94,184
1442,95,55,150
1442,68,80,148
1442,104,73,177
1442,122,99,221
1442,66,46,112
1442,127,119,246
1442,92,81,173
1442,87,54,141
1442,103,64,167
1442,122,71,193
1442,77,95,172
1442,97,71,168
1442,75,54,129
1442,74,88,162
1442,97,72,169
1442,79,57,136
1442,54,52,106
1442,81,64,145
1442,72,46,118
1442,125,115,240
1442,94,62,156
1442,97,70,167
1442,72,46,118
1443,76,84,160
1443,122,111,233
1443,109,81,190
1443,65,79,144
1443,103,75,178
1443,137,139,276
1443,69,41,110
1443,91,79,170
1443,69,41,110
1443,88,57,145
1443,120,116,236
1443,104,66,170
1443,88,95,183
1443,97,71,168
1443,77,69,146
1443,63,45,108
1443,70,83,153
1443,127,101,228
1443,87,94,181
1443,52,47,99
1443,152,113,265
1443,77,56,133
1443,74,94,168
1443,78,65,143
1443,62,70,132
1443,47,86,133
1443,62,86,148
1443,97,59,156
1443,77,69,146
1443,110,79,189
1443,90,59,149
1443,54,53,107
1443,83,46,129
1443,87,66,153
1443,73,66,139
1443,93,72,165
1443,44,48,92
1443,97,80,177
1444,144,140,284
1444,77,96,173
1444,59,80,139
1444,83,56,139
1444,105,85,190
1444,68,80,148
1444,91,57,148
1444,83,45,128
1444,127,105,232
1444,91,79,170
1444,50,43,93
1444,96,68,164
1444,78,57,135
1444,49,82,131
1444,74,42,116
1444,123,113,236
1444,120,73,193
1444,53,49,102
1444,48,58,106
1444,76,66,142
1444,61,66,127
1444,67,46,113
1444,80,69,149
1444,90,63,153
1444,124,135,259
1444,120,105,225
1444,88,95,183
1444,96,73,169
1444,73,84,157
1444,90,69,159
1444,74,42,116
1444,108,76,184
1444,95,73,168
1444,80,65,145
1444,101,77,178
1444,106,68,174
1444,80,69,149
1444,74,80,154
1445,83,47,130
1445,93,79,172
1445,80,70,150
1445,105,68,173
1445,147,110,257
1445,58,39,97
1445,80,69,149
1445,100,74,174
1445,46,78,124
1445,90,70,160
1445,78,56,134
1445,127,102,229
1445,75,92,167
1445,85,48,133
1445,56,75,131
1445,122,113,235
1445,78,94,172
1445,61,66,127
1445,89,65,154
1445,85,48,133
1445,96,74,170
1445,96,59,155
1445,122,123,245
1445,50,45,95
1445,65,45,110
1445,108,84,192
1445,46,57,103
1445,62,74,136
1445,80,69,149
1445,78,95,173
1445,121,71,192
1445,78,66,144
1445,76,81,157
1445,93,61,154
1445,140,132,272
1445,91,71,162
1445,88,93,181
1445,93,73,166
1446,73,92,165
1446,85,72,157
1446,56,76,132
1446,78,57,135
1446,94,76,170
1446,90,47,137
1446,90,47,137
1446,94,92,186
1446,69,45,114
1446,60,64,124
1446,77,69,146
1446,91,69,160
1446,93,73,166
1446,63,67,130
1446,76,91,167
1446,84,46,130
1446,98,60,158
1446,85,69,154
1446,133,99,232
1446,92,92,184
1446,54,51,105
1446,154,107,261
1446,111,69,180
1446,45,72,117
1446,56,40,96
1446,58,91,149
1446,77,69,146
1446,131,134,265
1446,97,57,154
1446,110,75,185
1446,84,89,173
1446,87,79,166
1446,47,62,109
1446,122,110,232
1446,121,130,251
1446,106,70,176
1446,74,65,139
1446,115,84,199
1447,98,74,172
1447,96,73,169
1447,108,69,177
1447,98,59,157
1447,122,128,250
1447,72,66,138
1447,75,89,164
1447,64,74,138
1447,76,66,142
1447,65,84,149
1447,58,63,121
1447,72,66,138
1447,91,83,174
1447,103,91,194
1447,89,94,183
1447,136,132,268
1447,88,90,178
1447,52,51,103
1447,122,132,254
1447,45,62,107
1447,134,99,233
1447,85,68,153
1447,107,83,190
1447,80,72,152
1447,88,50,138
1447,118,110,228
1447,69,39,108
1447,58,86,144
1447,81,58,139
1447,87,74,161
1447,71,47,118
1447,88,50,138
1447,110,76,186
1447,51,42,93
1447,70,86,156
1447,56,75,131
1447,44,68,112
1447,91,69,160
1448,115,108,223
1448,76,104,180
1448,89,88,177
1448,93,57,150
1448,127,131,258
1448,90,91,181
1448,95,91,186
1448,86,73,159
1448,51,48,99
1448,136,99,235
1448,119,127,246
1448,82,58,140
1448,46,62,108
1448,69,84,153
1448,149,108,257
1448,81,69,150
1448,96,52,148
1448,96,52,148
1448,43,59,102
1448,73,73,146
1448,118,73,191
1448,87,82,169
1448,74,88,162
1448,62,71,133
1448,56,72,128
1448,93,74,167
1448,79,51,130
1448,60,69,129
1448,102,57,159
1448,77,44,121
1448,73,66,139
1448,87,69,156
1448,93,66,159
1448,80,68,148
1448,73,66,139
1448,114,85,199
1448,53,43,96
1448,57,84,141
1449,100,89,189
1449,93,68,161
1449,114,73,187
1449,150,108,258
1449,58,85,143
1449,63,70,133
1449,73,85,158
1449,56,70,126
1449,80,93,173
1449,115,115,230
1449,134,99,233
1449,70,68,138
1449,91,66,157
1449,70,68,138
1449,77,88,165
1449,103,64,167
1449,45,66,111
1449,55,47,102
1449,84,69,153
1449,111,87,198
1449,66,85,151
1449,73,87,160
1449,82,76,158
1449,92,58,150
1449,92,57,149
1449,123,133,256
1449,70,42,112
1449,52,47,99
1449,79,53,132
1449,119,120,239
1449,100,57,157
1449,91,72,163
1449,83,62,145
1449,43,56,99
1449,81,68,149
1449,78,70,148
1449,100,57,157
1449,93,76,169
1450,99,87,186
1450,101,76,177
1450,53,64,117
1450,110,77,187
1450,75,49,124
1450,83,78,161
1450,55,49,104
1450,67,44,111
1450,118,131,249
1450,80,74,154
1450,132,97,229
1450,79,91,170
1450,120,111,231
1450,102,54,156
1450,79,60,139
1450,74,100,174
1450,102,54,156
1450,83,63,146
1450,61,90,151
1450,81,68,149
1450,74,88,162
1450,76,52,128
1450,97,58,155
1450,64,79,143
1450,84,67,151
1450,100,87,187
1450,74,78,152
1450,93,62,155
1450,74,78,152
1450,129,136,265
1450,118,119,237
1450,51,71,122
1450,42,46,88
1450,84,57,141
1450,112,71,183
1450,68,66,134
1450,97,84,181
1450,52,48,100
1451,97,67,164
1451,78,57,135
1451,81,76,157
1451,88,71,159
1451,73,96,169
1451,123,108,231
1451,67,65,132
1451,47,67,114
1451,96,83,179
1451,55,69,124
1451,86,77,163
1451,94,85,179
1451,60,86,146
1451,108,78,186
1451,124,132,256
1451,102,55,157
1451,79,93,172
1451,56,54,110
1451,54,55,109
1451,84,53,137
1451,65,80,145
1451,91,58,149
1451,73,96,169
1451,139,106,245
1451,92,59,151
1451,60,66,126
1451,88,79,167
1451,74,91,165
1451,67,65,132
1451,62,42,104
1451,116,73,189
1451,111,110,221
1451,75,88,163
1451,102,55,157
1451,73,96,169
1451,131,100,231
1451,76,63,139
1451,80,71,151
1451,40,42,82
1451,80,66,146
1452,92,83,175
1452,104,83,187
1452,99,68,167
1452,56,58,114
1452,112,106,218
1452,77,50,127
1452,74,57,131
1452,102,54,156
1452,63,78,141
1452,102,54,156
1452,71,85,156
1452,90,56,146
1452,84,69,153
1452,73,96,169
1452,61,41,102
1452,57,70,127
1452,110,76,186
1452,116,110,226
1452,89,81,170
1452,77,65,142
1452,48,66,114
1452,56,63,119
1452,116,74,190
1452,69,67,136
1452,86,71,157
1452,138,103,241
1452,73,96,169
1452,79,53,132
1452,69,67,136
1452,97,73,170
1452,39,41,80
1452,62,66,128
1452,71,89,160
1452,67,65,132
1452,80,88,168
1452,58,84,142
1452,73,96,169
1452,139,101,240
1452,125,147,272
1452,77,67,144
1453,89,71,160
1453,53,62,115
1453,73,58,131
1453,93,83,176
1453,59,62,121
1453,73,56,129
1453,113,114,227
1453,100,77,177
1453,65,76,141
1453,86,79,165
1453,105,77,182
1453,129,149,278
1453,48,42,90
1453,100,73,173
1453,70,76,146
1453,81,93,174
1453,71,66,137
1453,76,78,154
1453,79,46,125
1453,119,109,228
1453,100,73,173
1453,144,102,246
1453,57,82,139
1453,79,53,132
1453,105,75,180
1453,57,60,117
1453,84,70,154
1453,45,63,108
1453,81,83,164
1453,62,77,139
1453,75,90,165
1453,136,103,239
1453,53,62,115
1453,76,78,154
1453,101,58,159
1453,55,67,122
1453,117,71,188
1453,70,76,146
1453,116,88,204
1453,87,70,157
1453,100,73,173
1454,55,62,117
1454,55,62,117
1454,138,104,242
1454,87,52,139
1454,115,123,238
1454,68,65,133
1454,101,76,177
1454,47,67,114
1454,53,43,96
1454,115,73,188
1454,101,76,177
1454,122,109,231
1454,79,77,156
1454,71,55,126
1454,86,95,181
1454,134,167,301
1454,55,56,111
1454,126,100,226
1454,72,89,161
1454,113,64,177
1454,53,60,113
1454,71,82,153
1454,91,95,186
1454,95,85,180
1454,81,69,150
1454,91,77,168
1454,65,66,131
1454,60,59,119
1454,85,72,157
1454,125,91,216
1454,75,89,164
1454,71,82,153
1454,101,51,152
1454,101,51,152
1454,63,77,140
1454,115,82,197
1454,57,86,143
1454,92,69,161
1454,63,54,117
1454,101,76,177
1454,85,46,131
1455,57,60,117
1455,110,72,182
1455,87,54,141
1455,88,72,160
1455,44,58,102
1455,55,75,130
1455,99,72,171
1455,79,93,172
1455,83,90,173
1455,74,89,163
1455,58,58,116
1455,75,53,128
1455,131,162,293
1455,56,44,100
1455,91,71,162
1455,93,92,185
1455,144,107,251
1455,72,85,157
1455,102,54,156
1455,64,77,141
1455,60,53,113
1455,99,72,171
1455,113,115,228
1455,50,44,94
1455,71,76,147
1455,72,85,157
1455,89,46,135
1455,102,54,156
1455,66,73,139
1455,65,71,136
1455,91,100,191
1455,96,84,180
1455,93,74,167
1455,96,60,156
1455,123,109,232
1455,101,117,218
1455,50,44,94
1455,78,69,147
1455,99,72,171
1455,52,57,109
1455,136,104,240
1456,110,70,180
1456,136,160,296
1456,74,67,141
1456,55,76,131
1456,152,107,259
1456,88,99,187
1456,87,83,170
1456,73,86,159
1456,114,119,233
1456,92,69,161
1456,135,103,238
1456,108,54,162
1456,65,50,115
1456,82,74,156
1456,52,58,110
1456,78,70,148
1456,93,60,153
1456,99,106,205
1456,89,47,136
1456,60,66,126
1456,54,60,114
1456,88,70,158
1456,72,89,161
1456,73,86,159
1456,62,94,156
1456,56,51,107
1456,88,94,182
1456,110,79,189
1456,57,43,100
1456,65,72,137
1456,59,51,110
1456,44,60,104
1456,59,46,105
1456,92,69,161
1456,91,56,147
1456,92,69,161
1456,127,107,234
1456,68,74,142
1456,70,78,148
1456,57,43,100
1456,108,54,162
1457,103,53,156
1457,91,67,158
1457,74,92,166
1457,89,46,135
1457,139,168,307
1457,93,70,163
1457,72,86,158
1457,57,44,101
1457,65,79,144
1457,93,72,165
1457,70,90,160
1457,91,67,158
1457,103,53,156
1457,118,120,238
1457,114,115,229
1457,70,73,143
1457,55,79,134
1457,63,80,143
1457,82,72,154
1457,49,52,101
1457,145,101,246
1457,41,54,95
1457,63,45,108
1457,60,64,124
1457,63,45,108
1457,91,67,158
1457,69,54,123
1457,96,111,207
1457,83,88,171
1457,86,95,181
1457,56,60,116
1457,56,54,110
1457,95,77,172
1457,56,53,109
1457,74,92,166
1457,95,85,180
1457,123,106,229
1457,106,71,177
1457,88,71,159
1457,95,60,155
1457,118,82,200
1458,75,93,168
1458,140,164,304
1458,96,103,199
1458,82,66,148
1458,139,101,240
1458,82,66,148
1458,95,100,195
1458,83,74,157
1458,86,73,159
1458,106,70,176
1458,71,54,125
1458,106,79,185
1458,52,57,109
1458,75,81,156
1458,54,52,106
1458,75,93,168
1458,121,110,231
1458,82,66,148
1458,112,115,227
1458,89,103,192
1458,57,42,99
1458,64,75,139
1458,63,44,107
1458,91,71,162
1458,85,48,133
1458,67,80,147
1458,99,61,160
1458,152,108,260
1458,55,62,117
1458,69,73,142
1458,94,72,166
1458,75,81,156
1458,89,86,175
1458,60,83,143
1458,60,63,123
1458,69,86,155
1458,63,44,107
1458,41,48,89
1458,54,49,103
1458,66,86,152
1458,91,68,159
1459,55,60,115
1459,65,62,127
1459,56,50,106
1459,129,105,234
1459,73,48,121
1459,82,46,128
1459,67,81,148
1459,55,50,105
1459,65,62,127
1459,94,62,156
1459,110,108,218
1459,91,79,170
1459,74,93,167
1459,58,66,124
1459,65,62,127
1459,66,87,153
1459,75,80,155
1459,62,66,128
1459,88,93,181
1459,94,105,199
1459,80,62,142
1459,50,41,91
1459,75,80,155
1459,90,76,166
1459,73,48,121
1459,99,74,173
1459,74,93,167
1459,71,55,126
1459,109,83,192
1459,63,72,135
1459,95,67,162
1459,69,69,138
1459,69,90,159
1459,60,89,149
1459,138,103,241
1459,90,75,165
1459,89,96,185
1459,122,97,219
1459,93,88,181
1459,46,50,96
1459,139,165,304
1460,92,71,163
1460,66,72,138
1460,82,82,164
1460,94,106,200
1460,125,107,232
1460,148,108,256
1460,72,49,121
1460,131,100,231
1460,58,67,125
1460,93,73,166
1460,103,69,172
1460,54,51,105
1460,72,49,121
1460,65,86,151
1460,76,58,134
1460,57,61,118
1460,72,112,184
1460,91,59,150
1460,101,55,156
1460,77,82,159
1460,54,56,110
1460,52,43,95
1460,70,63,133
1460,64,68,132
1460,45,49,94
1460,89,71,160
1460,101,55,156
1460,112,113,225
1460,94,102,196
1460,150,137,287
1460,69,89,158
1460,72,87,159
1460,68,90,158
1460,55,63,118
1460,58,67,125
1460,63,74,137
1460,58,67,125
1460,100,80,180
1460,75,49,124
1460,94,74,168
1460,72,87,159
1461,83,76,159
1461,75,73,148
1461,98,74,172
1461,83,60,143
1461,60,71,131
1461,73,48,121
1461,61,83,144
1461,91,87,178
1461,67,87,154
1461,96,72,168
1461,94,100,194
1461,46,40,86
1461,73,48,121
1461,87,95,182
1461,61,83,144
1461,137,104,241
1461,82,68,150
1461,106,73,179
1461,71,88,159
1461,142,139,281
1461,101,62,163
1461,59,68,127
1461,53,46,99
1461,122,104,226
1461,69,79,148
1461,101,69,170
1461,61,83,144
1461,63,73,136
1461,70,94,164
1461,53,52,105
1461,64,78,142
1461,49,55,104
1461,70,62,132
1461,106,57,163
1461,120,98,218
1461,85,51,136
1461,71,88,159
1461,61,93,154
1461,106,57,163
1461,54,51,105
1461,114,116,230
1462,71,87,158
1462,61,69,130
1462,132,108,240
1462,65,82,147
1462,112,114,226
1462,80,78,158
1462,60,77,137
1462,56,53,109
1462,141,143,284
1462,70,91,161
1462,60,77,137
1462,71,87,158
1462,60,54,114
1462,61,92,153
1462,72,48,120
1462,60,77,137
1462,91,80,171
1462,105,58,163
1462,64,61,125
1462,76,50,126
1462,60,68,128
1462,90,62,152
1462,124,101,225
1462,94,67,161
1462,105,58,163
1462,71,63,134
1462,48,50,98
1462,121,98,219
1462,87,57,144
1462,89,71,160
1462,59,41,100
1462,72,48,120
1462,54,56,110
1462,99,61,160
1462,98,105,203
1462,67,75,142
1462,111,83,194
1462,91,89,180
1462,74,70,144
1462,100,77,177
1462,69,83,152
1463,73,97,170
1463,87,67,154
1463,64,45,109
1463,75,77,152
1463,71,63,134
1463,73,112,185
1463,97,104,201
1463,71,72,143
1463,131,105,236
1463,59,74,133
1463,103,114,217
1463,78,61,139
1463,72,96,168
1463,86,57,143
1463,59,74,133
1463,60,87,147
1463,59,66,125
1463,86,99,185
1463,78,64,142
1463,115,95,210
1463,57,43,100
1463,66,71,137
1463,95,74,169
1463,90,71,161
1463,64,55,119
1463,59,74,133
1463,77,63,140
1463,60,68,128
1463,125,107,232
1463,81,60,141
1463,75,77,152
1463,48,45,93
1463,75,50,125
1463,71,85,156
1463,55,52,107
1463,143,139,282
1463,61,79,140
1463,113,119,232
1463,61,76,137
1463,71,85,156
1463,64,45,109
1464,109,109,218
1464,91,68,159
1464,61,55,116
1464,84,56,140
1464,68,50,118
1464,124,85,209
1464,73,83,156
1464,96,56,152
1464,65,69,134
1464,68,46,114
1464,71,105,176
1464,71,67,138
1464,71,61,132
1464,47,46,93
1464,68,46,114
1464,87,86,173
1464,57,78,135
1464,53,54,107
1464,58,64,122
1464,95,83,178
1464,137,139,276
1464,59,75,134
1464,57,68,125
1464,66,81,147
1464,73,83,156
1464,57,68,125
1464,86,69,155
1464,79,57,136
1464,92,70,162
1464,72,91,163
1464,58,58,116
1464,61,41,102
1464,99,116,215
1464,71,67,138
1464,126,97,223
1464,114,106,220
1464,83,82,165
1464,75,69,144
1464,57,68,125
1464,136,104,240
1464,69,62,131
1465,72,63,135
1465,58,61,119
1465,68,98,166
1465,55,60,115
1465,72,81,153
1465,93,68,161
1465,96,82,178
1465,113,112,225
1465,71,88,159
1465,54,51,105
1465,55,68,123
1465,78,113,191
1465,136,109,245
1465,131,135,266
1465,78,51,129
1465,60,79,139
1465,72,81,153
1465,117,90,207
1465,55,68,123
1465,69,96,165
1465,55,68,123
1465,78,51,129
1465,62,44,106
1465,95,73,168
1465,87,63,150
1465,59,66,125
1465,78,61,139
1465,80,67,147
1465,78,53,131
1465,56,59,115
1465,72,63,135
1465,57,78,135
1465,61,51,112
1465,131,101,232
1465,46,49,95
1465,96,96,192
1465,67,72,139
1465,88,98,186
1465,78,75,153
1465,144,105,249
1465,83,56,139
1466,89,55,144
1466,57,72,129
1466,67,74,141
1466,89,70,159
1466,67,95,162
1466,112,114,226
1466,81,89,170
1466,88,100,188
1466,72,59,131
1466,86,76,162
1466,86,53,139
1466,115,81,196
1466,58,63,121
1466,56,50,106
1466,62,56,118
1466,56,63,119
1466,48,50,98
1466,61,78,139
1466,76,91,167
1466,135,103,238
1466,86,67,153
1466,72,65,137
1466,67,89,156
1466,76,50,126
1466,89,103,192
1466,129,98,227
1466,72,65,137
1466,77,110,187
1466,89,55,144
1466,68,61,129
1466,50,59,109
1466,76,91,167
1466,145,112,257
1466,82,56,138
1466,48,47,95
1466,107,67,174
1466,61,78,139
1466,82,102,184
1466,61,78,139
1466,96,102,198
1466,135,135,270
1467,81,95,176
1467,90,52,142
1467,127,94,221
1467,59,81,140
1467,88,92,180
1467,70,98,168
1467,58,75,133
1467,79,90,169
1467,87,68,155
1467,69,50,119
1467,101,72,173
1467,72,65,137
1467,82,73,155
1467,107,77,184
1467,62,69,131
1467,73,63,136
1467,59,71,130
1467,59,60,119
1467,109,105,214
1467,50,51,101
1467,60,87,147
1467,79,90,169
1467,130,100,230
1467,104,81,185
1467,60,87,147
1467,137,130,267
1467,73,63,136
1467,61,66,127
1467,48,47,95
1467,139,106,245
1467,98,107,205
1467,87,55,142
1467,86,57,143
1467,59,81,140
1467,59,59,118
1467,77,100,177
1467,77,115,192
1467,65,72,137
1467,86,57,143
1467,82,67,149
1467,60,87,147
1468,137,109,246
1468,92,57,149
1468,59,55,114
1468,78,94,172
1468,60,67,127
1468,71,59,130
1468,92,57,149
1468,106,80,186
1468,87,84,171
1468,86,53,139
1468,61,48,109
1468,62,94,156
1468,109,111,220
1468,86,68,154
1468,54,69,123
1468,78,94,172
1468,128,108,236
1468,78,98,176
1468,60,53,113
1468,67,78,145
1468,62,94,156
1468,55,64,119
1468,71,59,130
1468,80,67,147
1468,75,70,145
1468,77,63,140
1468,57,73,130
1468,114,78,192
1468,57,64,121
1468,105,81,186
1468,136,152,288
1468,124,97,221
1468,96,108,204
1468,77,54,131
1468,62,94,156
1468,88,91,179
1468,77,88,165
1468,62,70,132
1468,48,50,98
1468,61,86,147
1468,66,94,160
1469,72,53,125
1469,57,76,133
1469,75,86,161
1469,78,105,183
1469,95,108,203
1469,59,54,113
1469,73,67,140
1469,51,45,96
1469,57,76,133
1469,71,70,141
1469,103,84,187
1469,57,70,127
1469,79,67,146
1469,57,76,133
1469,81,84,165
1469,91,85,176
1469,75,86,161
1469,84,68,152
1469,62,70,132
1469,73,67,140
1469,55,52,107
1469,129,113,242
1469,48,49,97
1469,63,81,144
1469,53,75,128
1469,73,78,151
1469,121,138,259
1469,135,150,285
1469,63,92,155
1469,87,55,142
1469,96,79,175
1469,56,66,122
1469,62,71,133
1469,57,70,127
1469,89,103,192
1469,124,95,219
1469,90,69,159
1469,106,115,221
1469,55,64,119
1469,67,53,120
1469,68,77,145
1470,89,97,186
1470,56,74,130
1470,49,54,103
1470,132,118,250
1470,61,86,147
1470,70,71,141
1470,61,56,117
1470,62,95,157
1470,89,77,166
1470,137,131,268
1470,56,64,120
1470,70,71,141
1470,56,74,130
1470,106,121,227
1470,52,54,106
1470,138,115,253
1470,73,68,141
1470,56,74,130
1470,62,67,129
1470,96,73,169
1470,60,51,111
1470,72,61,133
1470,77,76,153
1470,133,107,240
1470,75,92,167
1470,80,64,144
1470,57,78,135
1470,55,65,120
1470,74,80,154
1470,72,61,133
1470,71,101,172
1470,74,73,147
1470,90,82,172
1470,58,72,130
1470,69,86,155
1470,97,70,167
1470,55,65,120
1470,56,44,100
1470,67,72,139
1470,77,52,129
1470,65,53,118
1471,56,60,116
1471,95,54,149
1471,57,84,141
1471,110,76,186
1471,73,77,150
1471,57,68,125
1471,71,50,121
1471,81,90,171
1471,111,85,196
1471,103,91,194
1471,71,89,160
1471,39,50,89
1471,118,108,226
1471,94,66,160
1471,77,62,139
1471,72,51,123
1471,61,68,129
1471,55,64,119
1471,78,74,152
1471,78,74,152
1471,138,106,244
1471,104,74,178
1471,61,68,129
1471,96,96,192
1471,84,87,171
1471,61,68,129
1471,78,102,180
1471,56,60,116
1471,77,73,150
1471,76,56,132
1471,94,66,160
1471,66,63,129
1471,137,137,274
1471,82,65,147
1471,58,70,128
1471,87,82,169
1471,109,106,215
1471,84,51,135
1471,70,80,150
1471,70,50,120
1471,85,75,160
1472,95,91,186
1472,59,74,133
1472,138,153,291
1472,90,112,202
1472,53,58,111
1472,75,62,137
1472,52,56,108
1472,79,88,167
1472,47,51,98
1472,79,58,137
1472,86,69,155
1472,79,83,162
1472,85,78,163
1472,63,80,143
1472,115,111,226
1472,82,74,156
1472,77,50,127
1472,131,104,235
1472,115,108,223
1472,63,51,114
1472,59,78,137
1472,58,70,128
1472,84,48,132
1472,78,90,168
1472,100,75,175
1472,52,56,108
1472,58,77,135
1472,76,91,167
1472,106,57,163
1472,106,57,163
1472,82,65,147
1472,78,106,184
1472,59,78,137
1472,82,65,147
1472,66,71,137
1472,74,52,126
1472,91,85,176
1472,59,78,137
1472,77,63,140
1472,71,73,144
1472,95,101,196
1473,78,83,161
1473,72,97,169
1473,65,93,158
1473,74,67,141
1473,54,68,122
1473,136,155,291
1473,102,77,179
1473,72,57,129
1473,57,69,126
1473,86,53,139
1473,57,69,126
1473,100,109,209
1473,109,99,208
1473,76,59,135
1473,87,81,168
1473,82,51,133
1473,79,108,187
1473,120,99,219
1473,78,79,157
1473,61,81,142
1473,95,99,194
1473,99,98,197
1473,55,58,113
1473,115,87,202
1473,57,69,126
1473,69,51,120
1473,77,61,138
1473,89,58,147
1473,71,74,145
1473,74,67,141
1473,67,83,150
1473,58,70,128
1473,49,49,98
1473,104,57,161
1473,104,57,161
1473,61,80,141
1473,54,68,122
1473,62,78,140
1473,83,97,180
1473,74,102,176
1473,126,112,238
1474,72,85,157
1474,58,70,128
1474,79,86,165
1474,93,94,187
1474,99,98,197
1474,71,65,136
1474,65,46,111
1474,63,94,157
1474,80,55,135
1474,89,79,168
1474,73,66,139
1474,139,148,287
1474,52,64,116
1474,89,69,158
1474,58,72,130
1474,74,109,183
1474,94,61,155
1474,40,50,90
1474,58,72,130
1474,96,55,151
1474,70,60,130
1474,58,72,130
1474,68,68,136
1474,89,55,144
1474,52,64,116
1474,65,76,141
1474,82,67,149
1474,137,104,241
1474,124,100,224
1474,83,85,168
1474,54,53,107
1474,62,81,143
1474,99,75,174
1474,96,55,151
1474,59,80,139
1474,123,84,207
1474,132,111,243
1474,78,108,186
1474,82,67,149
1474,101,81,182
1474,72,83,155
1475,88,64,152
1475,78,100,178
1475,46,51,97
1475,138,157,295
1475,57,72,129
1475,106,83,189
1475,57,55,112
1475,83,88,171
1475,117,77,194
1475,99,55,154
1475,118,102,220
1475,58,64,122
1475,97,105,202
1475,62,90,152
1475,65,78,143
1475,78,53,131
1475,115,130,245
1475,78,86,164
1475,99,100,199
1475,87,105,192
1475,62,78,140
1475,133,113,246
1475,58,61,119
1475,77,105,182
1475,77,66,143
1475,69,55,124
1475,99,55,154
1475,67,48,115
1475,77,66,143
1475,66,108,174
1475,75,67,142
1475,55,70,125
1475,57,72,129
1475,69,64,133
1475,55,70,125
1475,73,85,158
1475,62,82,144
1475,57,72,129
1475,68,90,158
1475,72,70,142
1475,66,58,124
1476,80,93,173
1476,98,92,190
1476,72,73,145
1476,98,108,206
1476,82,104,186
1476,78,92,170
1476,60,67,127
1476,60,54,114
1476,88,51,139
1476,53,63,116
1476,105,77,182
1476,74,52,126
1476,62,92,154
1476,53,63,116
1476,74,65,139
1476,74,60,134
1476,60,78,138
1476,66,61,127
1476,74,65,139
1476,62,92,154
1476,122,110,232
1476,74,92,166
1476,68,98,166
1476,74,62,136
1476,63,88,151
1476,63,100,163
1476,103,57,160
1476,75,100,175
1476,61,79,140
1476,121,109,230
1476,88,52,140
1476,108,116,224
1476,60,45,105
1476,103,57,160
1476,62,92,154
1476,79,76,155
1476,46,50,96
1476,55,59,114
1476,81,88,169
1476,68,62,130
1476,137,156,293
1477,58,48,106
1477,61,83,144
1477,97,56,153
1477,76,55,131
1477,73,67,140
1477,78,102,180
1477,63,102,165
1477,79,91,170
1477,86,108,194
1477,84,95,179
1477,54,57,111
1477,84,52,136
1477,109,117,226
1477,63,94,157
1477,105,76,181
1477,71,51,122
1477,58,74,132
1477,97,56,153
1477,97,107,204
1477,81,100,181
1477,46,51,97
1477,73,67,140
1477,63,102,165
1477,58,77,135
1477,63,102,165
1477,60,65,125
1477,85,61,146
1477,137,139,276
1477,74,60,134
1477,66,91,157
1477,58,77,135
1477,79,85,164
1477,85,63,148
1477,72,88,160
1477,71,76,147
1477,59,82,141
1477,123,118,241
1477,66,59,125
1477,98,96,194
1477,122,110,232
1477,61,71,132
1478,61,84,145
1478,68,63,131
1478,135,141,276
1478,73,51,124
1478,80,66,146
1478,65,95,160
1478,61,68,129
1478,94,86,180
1478,80,50,130
1478,82,87,169
1478,120,107,227
1478,62,73,135
1478,80,108,188
1478,84,92,176
1478,84,61,145
1478,61,94,155
1478,86,102,188
1478,99,102,201
1478,87,61,148
1478,55,65,120
1478,101,56,157
1478,58,51,109
1478,107,75,182
1478,109,117,226
1478,64,55,119
1478,69,68,137
1478,95,85,180
1478,72,91,163
1478,80,66,146
1478,55,59,114
1478,66,101,167
1478,66,101,167
1478,55,65,120
1478,43,50,93
1478,72,62,134
1478,61,83,144
1478,101,56,157
1478,111,77,188
1478,98,77,175
1478,125,114,239
1478,66,101,167
1479,81,84,165
1479,82,101,183
1479,76,60,136
1479,91,86,177
1479,80,54,134
1479,77,60,137
1479,87,56,143
1479,89,81,170
1479,103,76,179
1479,96,98,194
1479,56,69,125
1479,98,54,152
1479,58,87,145
1479,80,113,193
1479,71,86,157
1479,57,60,117
1479,69,80,149
1479,108,114,222
1479,76,62,138
1479,78,97,175
1479,132,145,277
1479,77,50,127
1479,91,86,177
1479,72,76,148
1479,76,63,139
1479,74,95,169
1479,60,66,126
1479,56,69,125
1479,94,89,183
1479,83,51,134
1479,77,85,162
1479,91,86,177
1479,114,105,219
1479,88,68,156
1479,85,85,170
1479,43,51,94
1479,88,68,156
1479,61,87,148
1479,52,54,106
1479,98,54,152
1479,124,122,246
1480,72,80,152
1480,97,95,192
1480,107,115,222
1480,54,54,108
1480,82,67,149
1480,101,103,204
1480,73,79,152
1480,81,84,165
1480,80,61,141
1480,123,120,243
1480,86,79,165
1480,59,82,141
1480,127,87,214
1480,59,77,136
1480,89,85,174
1480,76,67,143
1480,82,67,149
1480,87,97,184
1480,89,86,175
1480,72,80,152
1480,86,55,141
1480,86,54,140
1480,84,51,135
1480,81,86,167
1480,89,86,175
1480,51,52,103
1480,54,46,100
1480,75,61,136
1480,102,85,187
1480,82,97,179
1480,59,77,136
1480,53,53,106
1480,89,86,175
1480,77,89,166
1480,92,89,181
1480,144,143,287
1480,79,48,127
1480,107,76,183
1480,68,74,142
1480,65,76,141
1480,69,63,132
1481,80,92,172
1481,114,86,200
1481,91,83,174
1481,50,52,102
1481,89,73,162
1481,74,80,154
1481,76,72,148
1481,77,110,187
1481,96,53,149
1481,53,47,100
1481,73,63,136
1481,61,79,140
1481,98,99,197
1481,70,67,137
1481,77,86,163
1481,135,143,278
1481,105,103,208
1481,122,117,239
1481,72,82,154
1481,59,80,139
1481,111,76,187
1481,52,55,107
1481,65,78,143
1481,95,98,193
1481,79,52,131
1481,66,71,137
1481,72,88,160
1481,72,80,152
1481,94,90,184
1481,79,60,139
1481,143,108,251
1481,91,83,174
1481,61,79,140
1481,70,67,137
1481,90,54,144
1481,65,47,112
1481,57,58,115
1481,70,63,133
1481,96,53,149
1481,74,95,169
1481,91,83,174
1482,79,95,174
1482,73,86,159
1482,77,52,129
1482,40,50,90
1482,64,80,144
1482,93,89,182
1482,59,60,119
1482,98,62,160
1482,95,89,184
1482,58,46,104
1482,55,49,104
1482,132,142,274
1482,77,80,157
1482,80,95,175
1482,64,80,144
1482,59,78,137
1482,71,63,134
1482,76,107,183
1482,70,51,121
1482,123,105,228
1482,54,57,111
1482,59,78,137
1482,77,82,159
1482,64,80,144
1482,70,51,121
1482,122,119,241
1482,78,97,175
1482,69,57,126
1482,72,83,155
1482,58,81,139
1482,105,104,209
1482,75,66,141
1482,74,62,136
1482,94,77,171
1482,75,66,141
1482,87,53,140
1482,69,76,145
1482,65,79,144
1482,60,66,126
1482,110,77,187
1482,109,84,193
1483,59,47,106
1483,77,61,138
1483,94,55,149
1483,42,48,90
1483,55,70,125
1483,133,139,272
1483,91,114,205
1483,52,77,129
1483,71,61,132
1483,69,84,153
1483,64,68,132
1483,71,65,136
1483,67,54,121
1483,68,99,167
1483,123,106,229
1483,57,58,115
1483,70,81,151
1483,62,72,134
1483,102,77,179
1483,80,65,145
1483,71,65,136
1483,52,77,129
1483,108,107,215
1483,75,52,127
1483,71,65,136
1483,102,77,179
1483,66,48,114
1483,82,97,179
1483,68,77,145
1483,86,86,172
1483,94,92,186
1483,104,89,193
1483,66,48,114
1483,124,123,247
1483,52,77,129
1483,57,79,136
1483,81,51,132
1483,73,93,166
1483,79,105,184
1483,52,47,99
1483,55,70,125
1484,67,57,124
1484,65,83,148
1484,105,75,180
1484,74,81,155
1484,49,53,102
1484,99,93,192
1484,82,55,137
1484,49,53,102
1484,61,66,127
1484,127,111,238
1484,82,61,143
1484,89,101,190
1484,54,100,154
1484,69,65,134
1484,112,84,196
1484,63,49,112
1484,75,58,133
1484,81,52,133
1484,117,105,222
1484,42,51,93
1484,72,69,141
1484,85,67,152
1484,54,100,154
1484,72,94,166
1484,54,100,154
1484,57,43,100
1484,65,98,163
1484,97,89,186
1484,122,119,241
1484,63,49,112
1484,141,145,286
1484,60,58,118
1484,66,45,111
1484,87,69,156
1484,87,69,156
1484,92,85,177
1484,100,77,177
1484,95,97,192
1484,60,84,144
1484,67,75,142
1484,64,77,141
1485,50,82,132
1485,105,92,197
1485,77,60,137
1485,96,102,198
1485,73,56,129
1485,73,92,165
1485,50,82,132
1485,77,50,127
1485,86,65,151
1485,90,60,150
1485,108,105,213
1485,64,78,142
1485,59,58,117
1485,98,80,178
1485,69,83,152
1485,40,56,96
1485,72,81,153
1485,57,51,108
1485,160,148,308
1485,79,66,145
1485,59,42,101
1485,50,82,132
1485,65,97,162
1485,127,132,259
1485,65,56,121
1485,58,56,114
1485,87,69,156
1485,65,56,121
1485,98,70,168
1485,56,73,129
1485,96,82,178
1485,59,62,121
1485,87,94,181
1485,84,84,168
1485,98,70,168
1485,101,76,177
1485,64,72,136
1485,57,51,108
1485,79,59,138
1485,137,112,249
1485,64,67,131
1486,70,93,163
1486,61,64,125
1486,68,81,149
1486,80,63,143
1486,67,70,137
1486,109,93,202
1486,78,81,159
1486,151,147,298
1486,52,90,142
1486,69,57,126
1486,69,57,126
1486,53,58,111
1486,52,90,142
1486,64,60,124
1486,55,74,129
1486,69,80,149
1486,95,70,165
1486,40,59,99
1486,80,99,179
1486,64,60,124
1486,108,139,247
1486,70,67,137
1486,73,49,122
1486,95,110,205
1486,61,84,145
1486,90,103,193
1486,60,66,126
1486,95,97,192
1486,108,87,195
1486,51,41,92
1486,52,90,142
1486,60,84,144
1486,77,61,138
1486,80,57,137
1486,69,61,130
1486,95,70,165
1486,79,56,135
1486,84,92,176
1486,108,116,224
1486,125,126,251
1486,65,79,144
1487,135,141,276
1487,111,118,229
1487,73,56,129
1487,97,106,203
1487,75,125,200
1487,77,61,138
1487,62,67,129
1487,78,50,128
1487,105,126,231
1487,70,92,162
1487,79,98,177
1487,103,71,174
1487,67,83,150
1487,58,81,139
1487,101,75,176
1487,127,126,253
1487,79,86,165
1487,61,57,118
1487,53,41,94
1487,63,54,117
1487,87,93,180
1487,50,86,136
1487,63,55,118
1487,93,57,150
1487,82,53,135
1487,115,81,196
1487,103,71,174
1487,73,84,157
1487,65,77,142
1487,76,69,145
1487,99,89,188
1487,50,86,136
1487,58,52,110
1487,63,55,118
1487,40,52,92
1487,81,97,178
1487,55,59,114
1487,59,83,142
1487,73,60,133
1487,63,54,117
1487,50,86,136
1488,83,96,179
1488,53,44,97
1488,79,51,130
1488,79,58,137
1488,52,83,135
1488,53,50,103
1488,60,44,104
1488,57,58,115
1488,119,94,213
1488,58,80,138
1488,102,115,217
1488,71,67,138
1488,52,83,135
1488,70,51,121
1488,106,76,182
1488,93,68,161
1488,66,66,132
1488,66,84,150
1488,94,91,185
1488,81,57,138
1488,84,56,140
1488,93,68,161
1488,70,51,121
1488,63,69,132
1488,59,82,141
1488,61,66,127
1488,131,140,271
1488,52,83,135
1488,97,90,187
1488,157,112,269
1488,65,74,139
1488,72,116,188
1488,86,55,141
1488,91,96,187
1488,75,84,159
1488,65,80,145
1488,72,87,159
1488,55,53,108
1488,53,50,103
1488,110,111,221
1488,84,69,153
1489,93,98,191
1489,66,78,144
1489,67,64,131
1489,69,87,156
1489,61,52,113
1489,59,60,119
1489,58,80,138
1489,63,51,114
1489,132,144,276
1489,52,52,104
1489,61,52,113
1489,67,87,154
1489,67,87,154
1489,69,58,127
1489,68,77,145
1489,103,102,205
1489,88,69,157
1489,79,62,141
1489,92,55,147
1489,53,41,94
1489,71,88,159
1489,125,125,250
1489,56,72,128
1489,94,89,183
1489,84,56,140
1489,60,46,106
1489,107,85,192
1489,66,73,139
1489,92,93,185
1489,106,136,242
1489,71,67,138
1489,76,89,165
1489,83,102,185
1489,76,86,162
1489,78,50,128
1489,88,69,157
1489,71,115,186
1489,77,87,164
1489,55,46,101
1489,67,87,154
1489,63,51,114
1490,87,56,143
1490,64,75,139
1490,79,94,173
1490,71,86,157
1490,66,50,116
1490,105,83,188
1490,140,170,310
1490,68,53,121
1490,63,85,148
1490,87,56,143
1490,66,50,116
1490,72,67,139
1490,56,46,102
1490,109,105,214
1490,61,54,115
1490,73,88,161
1490,81,92,173
1490,72,85,157
1490,72,85,157
1490,121,107,228
1490,92,107,199
1490,68,49,117
1490,64,102,166
1490,59,78,137
1490,92,73,165
1490,66,76,142
1490,53,45,98
1490,69,83,152
1490,67,70,137
1490,92,73,165
1490,59,59,118
1490,78,83,161
1490,68,53,121
1490,68,67,135
1490,126,114,240
1490,78,62,140
1490,86,74,160
1490,97,89,186
1490,60,46,106
1490,73,88,161
1491,73,54,127
1491,73,54,127
1491,65,49,114
1491,59,63,122
1491,51,40,91
1491,60,47,107
1491,54,51,105
1491,62,60,122
1491,69,83,152
1491,92,57,149
1491,99,67,166
1491,84,55,139
1491,79,84,163
1491,101,71,172
1491,126,130,256
1491,60,85,145
1491,77,86,163
1491,126,108,234
1491,101,71,172
1491,58,53,111
1491,73,82,155
1491,85,80,165
1491,88,74,162
1491,140,173,313
1491,71,103,174
1491,117,111,228
1491,77,64,141
1491,52,53,105
1491,103,93,196
1491,77,86,163
1491,78,86,164
1491,73,87,160
1491,81,70,151
1491,84,56,140
1491,67,108,175
1491,79,87,166
1491,101,87,188
1491,67,84,151
1491,96,70,166
1492,73,101,174
1492,90,55,145
1492,67,52,119
1492,62,93,155
1492,93,86,179
1492,55,48,103
1492,97,73,170
1492,77,82,159
1492,79,85,164
1492,68,50,118
1492,56,42,98
1492,73,69,142
1492,69,118,187
1492,80,54,134
1492,168,157,325
1492,52,51,103
1492,65,85,150
1492,67,52,119
1492,59,66,125
1492,72,86,158
1492,108,88,196
1492,129,112,241
1492,68,64,132
1492,96,70,166
1492,78,85,163
1492,90,100,190
1492,58,76,134
1492,125,129,254
1492,60,54,114
1492,79,84,163
1492,61,60,121
1492,70,83,153
1492,61,50,111
1492,65,85,150
1492,108,94,202
1492,72,93,165
1492,97,73,170
1492,76,67,143
1492,112,104,216
1493,91,76,167
1493,62,54,116
1493,77,62,139
1493,141,170,311
1493,70,51,121
1493,67,107,174
1493,56,52,108
1493,80,88,168
1493,79,64,143
1493,62,60,122
1493,75,86,161
1493,74,68,142
1493,57,74,131
1493,64,56,120
1493,73,95,168
1493,99,70,169
1493,77,114,191
1493,66,43,109
1493,74,91,165
1493,99,70,169
1493,105,89,194
1493,78,85,163
1493,84,55,139
1493,62,59,121
1493,106,130,236
1493,126,129,255
1493,62,49,111
1493,63,47,110
1493,75,86,161
1493,134,114,248
1493,80,83,163
1493,70,51,121
1493,84,80,164
1493,71,84,155
1493,84,51,135
1493,112,93,205
1493,103,71,174
1493,76,60,136
1493,66,111,177
1494,79,88,167
1494,65,87,152
1494,95,89,184
1494,54,54,108
1494,119,92,211
1494,73,53,126
1494,73,53,126
1494,72,105,177
1494,71,82,153
1494,100,71,171
1494,63,48,111
1494,66,56,122
1494,81,94,175
1494,58,77,135
1494,73,67,140
1494,66,104,170
1494,76,102,178
1494,92,90,182
1494,61,60,121
1494,63,63,126
1494,80,54,134
1494,123,89,212
1494,66,77,143
1494,72,93,165
1494,76,81,157
1494,65,87,152
1494,64,43,107
1494,100,71,171
1494,90,67,157
1494,156,113,269
1494,63,95,158
1494,82,83,165
1494,106,131,237
1494,138,171,309
1494,65,48,113
1494,53,61,114
1494,83,62,145
1494,139,117,256
1494,106,73,179
1495,108,133,241
1495,103,81,184
1495,73,74,147
1495,141,184,325
1495,74,101,175
1495,105,72,177
1495,63,60,123
1495,78,86,164
1495,90,117,207
1495,53,59,112
1495,70,79,149
1495,63,48,111
1495,150,113,263
1495,74,49,123
1495,73,54,127
1495,56,56,112
1495,125,109,234
1495,56,84,140
1495,62,58,120
1495,97,91,188
1495,64,72,136
1495,62,110,172
1495,70,114,184
1495,124,91,215
1495,54,57,111
1495,94,72,166
1495,59,42,101
1495,71,58,129
1495,70,93,163
1495,94,72,166
1495,56,84,140
1495,68,55,123
1495,65,96,161
1495,80,83,163
1495,71,107,178
1495,72,73,145
1495,91,63,154
1495,73,54,127
1495,59,79,138
1496,121,106,227
1496,58,42,100
1496,129,93,222
1496,63,65,128
1496,75,69,144
1496,73,87,160
1496,102,93,195
1496,66,51,117
1496,70,52,122
1496,140,112,252
1496,105,73,178
1496,85,61,146
1496,66,48,114
1496,70,52,122
1496,51,83,134
1496,80,89,169
1496,55,51,106
1496,69,111,180
1496,56,58,114
1496,65,48,113
1496,53,59,112
1496,66,82,148
1496,75,104,179
1496,140,184,324
1496,87,113,200
1496,61,49,110
1496,51,83,134
1496,69,56,125
1496,68,84,152
1496,133,113,246
1496,69,69,138
1496,113,76,189
1496,74,80,154
1496,123,91,214
1496,74,118,192
1496,91,91,182
1496,105,73,178
1496,67,67,134
1496,90,60,150
1497,80,67,147
1497,64,55,119
1497,68,83,151
1497,61,45,106
1497,70,57,127
1497,109,101,210
1497,70,92,162
1497,50,83,133
1497,61,92,153
1497,76,49,125
1497,108,75,183
1497,64,49,113
1497,72,58,130
1497,109,137,246
1497,50,83,133
1497,53,60,113
1497,79,88,167
1497,93,101,194
1497,139,181,320
1497,108,75,183
1497,73,122,195
1497,84,88,172
1497,64,49,113
1497,72,86,158
1497,82,91,173
1497,96,91,187
1497,72,68,140
1497,78,58,136
1497,119,88,207
1497,89,60,149
1497,53,51,104
1497,125,140,265
1497,83,85,168
1497,74,76,150
1497,56,41,97
1497,64,55,119
1497,113,74,187
1497,61,57,118
1497,107,88,195
1498,60,84,144
1498,81,93,174
1498,64,49,113
1498,55,42,97
1498,60,78,138
1498,81,64,145
1498,79,99,178
1498,110,75,185
1498,95,94,189
1498,64,57,121
1498,53,90,143
1498,64,60,124
1498,53,90,143
1498,60,53,113
1498,68,82,150
1498,79,61,140
1498,54,54,108
1498,103,117,220
1498,64,116,180
1498,62,45,107
1498,111,74,185
1498,87,87,174
1498,134,158,292
1498,73,121,194
1498,111,74,185
1498,82,64,146
1498,82,95,177
1498,105,86,191
1498,64,57,121
1498,126,138,264
1498,64,50,114
1498,68,86,154
1498,89,80,169
1498,72,51,123
1498,53,59,112
1498,114,104,218
1498,69,67,136
1498,74,85,159
1498,106,86,192
1499,63,107,170
1499,124,137,261
1499,100,89,189
1499,73,51,124
1499,78,59,137
1499,74,84,158
1499,105,74,179
1499,65,45,110
1499,103,116,219
1499,66,80,146
1499,59,51,110
1499,62,49,111
1499,65,66,131
1499,108,90,198
1499,134,93,227
1499,83,96,179
1499,57,42,99
1499,77,57,134
1499,96,112,208
1499,107,101,208
1499,78,95,173
1499,86,67,153
1499,66,50,116
1499,136,167,303
1499,105,74,179
1499,71,114,185
1499,80,88,168
1499,93,94,187
1499,68,102,170
1499,60,84,144
1499,77,57,134
1499,64,71,135
1499,73,68,141
1499,68,85,153
1499,83,97,180
1499,55,55,110
1499,81,65,146
1499,68,85,153
1499,55,68,123
1500,130,89,219
1500,76,72,148
1500,107,73,180
1500,72,76,148
1500,104,120,224
1500,86,81,167
1500,87,73,160
1500,56,41,97
1500,140,170,310
1500,96,90,186
1500,67,76,143
1500,76,90,166
1500,61,53,114
1500,82,65,147
1500,83,62,145
1500,90,59,149
1500,64,113,177
1500,125,135,260
1500,63,86,149
1500,120,105,225
1500,52,51,103
1500,85,52,137
1500,56,70,126
1500,74,53,127
1500,63,50,113
1500,69,84,153
1500,107,74,181
1500,57,62,119
1500,60,79,139
1500,74,120,194
1500,78,118,196
1500,70,54,124
1500,107,73,180
1500,83,95,178
1500,93,99,192
1500,74,53,127
1500,61,53,114
1500,63,86,149
1500,72,68,140
1501,144,188,332
1501,56,55,111
1501,87,92,179
1501,124,128,252
1501,85,87,172
1501,87,92,179
1501,88,58,146
1501,71,109,180
1501,103,115,218
1501,68,53,121
1501,93,105,198
1501,61,47,108
1501,80,109,189
1501,83,72,155
1501,109,93,202
1501,83,68,151
1501,74,75,149
1501,70,53,123
1501,113,74,187
1501,59,82,141
1501,98,68,166
1501,89,67,156
1501,110,100,210
1501,84,70,154
1501,65,78,143
1501,108,73,181
1501,45,49,94
1501,76,110,186
1501,108,73,181
1501,52,59,111
1501,65,59,124
1501,61,50,111
1501,58,49,107
1501,51,45,96
1501,89,63,152
1501,98,85,183
1501,98,70,168
1501,96,81,177
1501,68,53,121
1502,104,116,220
1502,71,83,154
1502,103,93,196
1502,78,101,179
1502,63,53,116
1502,81,100,181
1502,53,62,115
1502,79,75,154
1502,73,59,132
1502,71,55,126
1502,52,46,98
1502,89,56,145
1502,59,84,143
1502,84,96,180
1502,105,74,179
1502,106,68,174
1502,95,70,165
1502,44,60,104
1502,67,101,168
1502,61,49,110
1502,105,91,196
1502,84,88,172
1502,101,84,185
1502,62,48,110
1502,74,70,144
1502,89,63,152
1502,90,101,191
1502,79,71,150
1502,63,109,172
1502,63,53,116
1502,63,109,172
1502,162,158,320
1502,62,59,121
1502,81,100,181
1502,53,53,106
1502,63,64,127
1502,95,82,177
1502,105,103,208
1502,122,128,250
1503,124,131,255
1503,59,48,107
1503,92,70,162
1503,66,48,114
1503,63,52,115
1503,95,89,184
1503,99,73,172
1503,106,68,174
1503,78,52,130
1503,81,97,178
1503,42,60,102
1503,85,64,149
1503,73,82,155
1503,104,118,222
1503,65,63,128
1503,81,97,178
1503,60,53,113
1503,88,82,170
1503,108,102,210
1503,85,86,171
1503,80,119,199
1503,83,71,154
1503,94,97,191
1503,64,112,176
1503,64,112,176
1503,153,158,311
1503,57,69,126
1503,90,65,155
1503,68,99,167
1503,63,52,115
1503,73,91,164
1503,111,94,205
1503,83,93,176
1503,55,68,123
1503,85,75,160
1503,74,56,130
1503,63,91,154
1503,85,72,157
1503,50,42,92
1504,93,65,158
1504,43,50,93
1504,98,68,166
1504,59,47,106
1504,65,52,117
1504,93,94,187
1504,61,83,144
1504,85,99,184
1504,65,52,117
1504,56,73,129
1504,59,95,154
1504,79,71,150
1504,100,84,184
1504,72,78,150
1504,98,70,168
1504,104,70,174
1504,66,63,129
1504,64,68,132
1504,80,79,159
1504,85,88,173
1504,83,74,157
1504,59,95,154
1504,109,90,199
1504,76,53,129
1504,91,68,159
1504,89,74,163
1504,104,91,195
1504,166,162,328
1504,54,42,96
1504,73,94,167
1504,57,73,130
1504,104,70,174
1504,75,101,176
1504,70,94,164
1504,124,133,257
1504,77,57,134
1504,103,122,225
1504,108,101,209
1504,62,48,110
1505,93,69,162
1505,74,56,130
1505,60,103,163
1505,74,102,176
1505,143,186,329
1505,62,56,118
1505,84,62,146
1505,97,88,185
1505,52,41,93
1505,62,56,118
1505,59,56,115
1505,80,95,175
1505,54,65,119
1505,70,89,159
1505,86,98,184
1505,90,70,160
1505,58,76,134
1505,153,115,268
1505,53,46,99
1505,66,101,167
1505,93,69,162
1505,106,91,197
1505,65,72,137
1505,87,63,150
1505,108,107,215
1505,80,75,155
1505,100,106,206
1505,84,73,157
1505,67,63,130
1505,84,66,150
1505,106,87,193
1505,92,80,172
1505,73,82,155
1505,98,115,213
1505,92,75,167
1505,60,103,163
1505,42,51,93
1505,66,115,181
1505,82,56,138
1506,98,60,158
1506,84,72,156
1506,75,84,159
1506,101,71,172
1506,59,50,109
1506,57,73,130
1506,109,113,222
1506,89,76,165
1506,63,56,119
1506,67,70,137
1506,82,82,164
1506,98,77,175
1506,97,86,183
1506,41,50,91
1506,95,72,167
1506,84,91,175
1506,141,184,325
1506,101,71,172
1506,60,45,105
1506,60,48,108
1506,80,87,167
1506,98,89,187
1506,95,69,164
1506,90,94,184
1506,64,58,122
1506,96,86,182
1506,73,55,128
1506,82,95,177
1506,66,104,170
1506,82,90,172
1506,57,64,121
1506,70,91,161
1506,89,58,147
1506,144,114,258
1506,84,91,175
1506,64,58,122
1506,76,64,140
1506,101,109,210
1506,97,67,164
1507,67,74,141
1507,144,186,330
1507,95,64,159
1507,112,122,234
1507,84,90,174
1507,68,54,122
1507,86,68,154
1507,86,76,162
1507,102,116,218
1507,83,87,170
1507,60,80,140
1507,89,83,172
1507,95,97,192
1507,51,51,102
1507,64,61,125
1507,98,77,175
1507,81,53,134
1507,62,61,123
1507,88,68,156
1507,58,51,109
1507,71,95,166
1507,64,61,125
1507,82,88,170
1507,96,70,166
1507,84,90,174
1507,96,70,166
1507,70,76,146
1507,98,94,192
1507,55,72,127
1507,79,71,150
1507,78,93,171
1507,76,83,159
1507,62,87,149
1507,65,50,115
1507,99,99,198
1507,60,43,103
1507,70,64,134
1507,152,116,268
1507,107,91,198
1508,77,89,166
1508,58,58,116
1508,72,69,141
1508,65,62,127
1508,60,52,112
1508,67,71,138
1508,68,55,123
1508,112,121,233
1508,99,70,169
1508,99,70,169
1508,94,87,181
1508,67,49,116
1508,89,71,160
1508,65,62,127
1508,69,46,115
1508,63,85,148
1508,89,88,177
1508,70,93,163
1508,82,87,169
1508,94,83,177
1508,60,77,137
1508,127,89,216
1508,48,50,98
1508,63,85,148
1508,84,96,180
1508,61,78,139
1508,66,66,132
1508,76,74,150
1508,79,66,145
1508,102,118,220
1508,169,159,328
1508,85,62,147
1508,77,89,166
1508,141,112,253
1508,72,92,164
1508,98,97,195
1508,77,73,150
1508,103,114,217
1508,94,74,168
1509,100,108,208
1509,63,59,122
1509,89,73,162
1509,62,52,114
1509,94,66,160
1509,82,81,163
1509,73,86,159
1509,68,69,137
1509,73,86,159
1509,89,75,164
1509,170,161,331
1509,40,51,91
1509,103,118,221
1509,59,56,115
1509,61,83,144
1509,60,45,105
1509,95,82,177
1509,63,59,122
1509,62,91,153
1509,73,85,158
1509,102,72,174
1509,84,92,176
1509,73,66,139
1509,92,80,172
1509,102,72,174
1509,102,115,217
1509,85,66,151
1509,139,113,252
1509,68,93,161
1509,61,54,115
1509,69,61,130
1509,80,75,155
1509,62,47,109
1509,112,120,232
1509,84,92,176
1509,98,89,187
1509,65,53,118
1509,61,88,149
1509,64,86,150
1510,85,77,162
1510,61,78,139
1510,66,89,155
1510,112,114,226
1510,104,113,217
1510,58,49,107
1510,60,47,107
1510,59,54,113
1510,66,70,136
1510,69,110,179
1510,51,42,93
1510,73,87,160
1510,66,83,149
1510,103,70,173
1510,96,90,186
1510,66,89,155
1510,96,90,186
1510,80,88,168
1510,81,99,180
1510,60,75,135
1510,42,53,95
1510,71,90,161
1510,63,49,112
1510,71,90,161
1510,103,70,173
1510,98,78,176
1510,82,67,149
1510,78,61,139
1510,84,87,171
1510,139,112,251
1510,73,84,157
1510,101,110,211
1510,66,70,136
1510,62,86,148
1510,68,71,139
1510,96,101,197
1510,146,185,331
1510,62,54,116
1510,97,66,163
1511,109,74,183
1511,72,79,151
1511,96,90,186
1511,100,72,172
1511,123,108,231
1511,74,68,142
1511,68,77,145
1511,49,48,97
1511,68,115,183
1511,73,93,166
1511,72,85,157
1511,91,64,155
1511,81,92,173
1511,100,100,200
1511,94,90,184
1511,100,72,172
1511,63,52,115
1511,105,120,225
1511,99,72,171
1511,49,54,103
1511,62,51,113
1511,66,77,143
1511,73,90,163
1511,101,67,168
1511,63,56,119
1511,103,100,203
1511,81,92,173
1511,55,82,137
1511,99,76,175
1511,111,119,230
1511,83,93,176
1511,62,80,142
1511,64,48,112
1511,59,76,135
1511,65,61,126
1511,114,92,206
1511,143,174,317
1511,68,77,145
1511,94,80,174
1512,103,72,175
1512,94,92,186
1512,64,65,129
1512,64,56,120
1512,67,70,137
1512,74,96,170
1512,91,58,149
1512,92,73,165
1512,95,66,161
1512,125,110,235
1512,65,52,117
1512,54,55,109
1512,59,51,110
1512,82,68,150
1512,97,99,196
1512,109,117,226
1512,82,93,175
1512,99,80,179
1512,140,168,308
1512,106,73,179
1512,61,46,107
1512,100,92,192
1512,75,88,163
1512,62,85,147
1512,89,98,187
1512,107,89,196
1512,67,70,137
1512,97,72,169
1512,90,91,181
1512,70,86,156
1512,82,93,175
1512,54,82,136
1512,63,77,140
1512,80,87,167
1512,53,45,98
1512,106,73,179
1512,106,73,179
1512,130,99,229
1512,56,70,126
1513,137,111,248
1513,55,48,103
1513,62,82,144
1513,111,74,185
1513,81,90,171
1513,61,48,109
1513,136,160,296
1513,106,72,178
1513,83,67,150
1513,112,122,234
1513,59,90,149
1513,111,74,185
1513,81,90,171
1513,73,117,190
1513,62,68,130
1513,116,99,215
1513,70,76,146
1513,104,99,203
1513,53,66,119
1513,111,74,185
1513,58,56,114
1513,68,62,130
1513,102,91,193
1513,71,94,165
1513,105,120,225
1513,107,75,182
1513,106,91,197
1513,92,74,166
1513,107,68,175
1513,70,87,157
1513,58,46,104
1513,82,81,163
1513,89,68,157
1513,70,76,146
1513,87,56,143
1513,75,84,159
1513,50,46,96
1513,98,75,173
1513,64,58,122
1513,94,79,173
1514,125,98,223
1514,59,55,114
1514,115,104,219
1514,70,93,163
1514,83,95,178
1514,60,60,120
1514,54,61,115
1514,87,61,148
1514,78,57,135
1514,70,71,141
1514,84,68,152
1514,105,121,226
1514,103,94,197
1514,91,65,156
1514,70,71,141
1514,66,97,163
1514,110,92,202
1514,54,60,114
1514,87,103,190
1514,58,91,149
1514,82,100,182
1514,88,90,178
1514,52,50,102
1514,64,55,119
1514,73,90,163
1514,88,90,178
1514,98,69,167
1514,83,66,149
1514,57,59,116
1514,84,73,157
1514,69,91,160
1514,98,69,167
1514,137,111,248
1514,134,149,283
1514,110,125,235
1514,87,74,161
1514,98,69,167
1514,63,68,131
1514,81,66,147
1514,90,79,169
1515,88,70,158
1515,72,99,171
1515,88,70,158
1515,128,97,225
1515,63,61,124
1515,80,90,170
1515,73,83,156
1515,65,93,158
1515,96,102,198
1515,63,81,144
1515,65,81,146
1515,61,59,120
1515,131,156,287
1515,53,58,111
1515,66,68,134
1515,92,75,167
1515,79,73,152
1515,125,98,223
1515,109,135,244
1515,88,71,159
1515,90,66,156
1515,73,83,156
1515,63,81,144
1515,81,92,173
1515,65,78,143
1515,73,62,135
1515,52,51,103
1515,86,79,165
1515,75,81,156
1515,86,62,148
1515,124,107,231
1515,85,70,155
1515,69,93,162
1515,88,70,158
1515,79,57,136
1515,87,68,155
1515,106,93,199
1515,101,72,173
1515,126,98,224
1515,74,51,125
1516,84,69,153
1516,96,60,156
1516,91,87,178
1516,123,98,221
1516,57,94,151
1516,89,64,153
1516,74,82,156
1516,121,110,231
1516,70,71,141
1516,57,67,124
1516,78,58,136
1516,66,51,117
1516,75,60,135
1516,93,64,157
1516,73,93,166
1516,66,72,138
1516,96,74,170
1516,50,51,101
1516,73,71,144
1516,78,83,161
1516,135,150,285
1516,108,84,192
1516,57,94,151
1516,58,51,109
1516,125,116,241
1516,112,105,217
1516,81,83,164
1516,56,58,114
1516,80,120,200
1516,83,95,178
1516,74,82,156
1516,84,66,150
1516,68,99,167
1516,84,66,150
1516,73,99,172
1516,98,72,170
1516,133,99,232
1516,78,83,161
1516,84,66,150
1516,135,104,239
1517,129,99,228
1517,65,59,124
1517,108,103,211
1517,93,97,190
1517,75,56,131
1517,56,93,149
1517,102,92,194
1517,85,74,159
1517,57,47,104
1517,139,150,289
1517,73,92,165
1517,72,58,130
1517,65,89,154
1517,125,112,237
1517,83,67,150
1517,77,87,164
1517,73,99,172
1517,83,67,150
1517,77,87,164
1517,81,93,174
1517,86,84,170
1517,72,93,165
1517,66,53,119
1517,55,58,113
1517,76,84,160
1517,81,97,178
1517,67,83,150
1517,118,96,214
1517,133,113,246
1517,84,92,176
1517,58,73,131
1517,70,103,173
1517,97,72,169
1517,110,85,195
1517,133,99,232
1517,99,73,172
1517,83,63,146
1517,83,67,150
1517,52,49,101
1517,56,93,149
1518,89,86,175
1518,81,92,173
1518,56,64,120
1518,81,74,155
1518,83,63,146
1518,67,54,121
1518,64,64,128
1518,72,86,158
1518,96,73,169
1518,80,64,144
1518,82,94,176
1518,122,108,230
1518,105,69,174
1518,88,92,180
1518,131,117,248
1518,71,121,192
1518,66,78,144
1518,65,59,124
1518,55,48,103
1518,128,98,226
1518,57,47,104
1518,106,123,229
1518,101,110,211
1518,105,69,174
1518,96,73,169
1518,57,88,145
1518,96,73,169
1518,96,91,187
1518,86,80,166
1518,96,73,169
1518,149,154,303
1518,71,97,168
1518,61,57,118
1518,59,88,147
1518,57,88,145
1518,101,74,175
1518,74,86,160
1518,101,69,170
1518,102,84,186
1518,135,113,248
1519,133,110,243
1519,63,75,138
1519,59,49,108
1519,78,72,150
1519,92,73,165
1519,74,87,161
1519,105,94,199
1519,75,76,151
1519,52,55,107
1519,67,82,149
1519,77,93,170
1519,105,85,190
1519,92,92,184
1519,85,62,147
1519,55,47,102
1519,95,73,168
1519,57,100,157
1519,60,56,116
1519,57,100,157
1519,83,74,157
1519,66,66,132
1519,133,119,252
1519,95,73,168
1519,81,101,182
1519,85,66,151
1519,111,85,196
1519,119,107,226
1519,153,150,303
1519,63,52,115
1519,67,69,136
1519,72,102,174
1519,88,86,174
1519,77,93,170
1519,95,73,168
1519,104,118,222
1519,96,73,169
1519,85,91,176
1519,72,92,164
1519,66,99,165
1519,99,96,195
1520,69,84,153
1520,65,113,178
1520,69,115,184
1520,80,91,171
1520,108,90,198
1520,75,85,160
1520,100,90,190
1520,98,75,173
1520,59,94,153
1520,86,75,161
1520,104,76,180
1520,120,107,227
1520,107,85,192
1520,153,156,309
1520,67,69,136
1520,69,90,159
1520,104,76,180
1520,103,119,222
1520,71,87,158
1520,62,61,123
1520,67,88,155
1520,78,78,156
1520,54,51,105
1520,72,70,142
1520,50,47,97
1520,104,76,180
1520,59,94,153
1520,124,112,236
1520,101,97,198
1520,97,91,188
1520,133,117,250
1520,59,54,113
1520,104,102,206
1520,67,63,130
1520,101,74,175
1520,67,53,120
1520,76,85,161
1520,74,59,133
1520,75,85,160
1520,67,74,141
1521,87,105,192
1521,107,102,209
1521,93,87,180
1521,108,68,176
1521,66,100,166
1521,61,84,145
1521,108,68,176
1521,89,75,164
1521,104,114,218
1521,68,79,147
1521,112,100,212
1521,58,51,109
1521,102,76,178
1521,74,95,169
1521,101,107,208
1521,122,94,216
1521,74,61,135
1521,78,96,174
1521,55,54,109
1521,50,46,96
1521,102,76,178
1521,78,81,159
1521,104,76,180
1521,135,115,250
1521,67,53,120
1521,95,95,190
1521,69,63,132
1521,102,76,178
1521,67,80,147
1521,73,103,176
1521,87,64,151
1521,64,57,121
1521,102,92,194
1521,110,86,196
1521,70,63,133
1521,127,116,243
1521,64,61,125
1521,61,84,145
1521,81,97,178
1521,163,159,322
1522,109,95,204
1522,108,75,183
1522,102,117,219
1522,160,156,316
1522,74,90,164
1522,95,77,172
1522,79,117,196
1522,67,73,140
1522,75,90,165
1522,67,78,145
1522,66,83,149
1522,129,115,244
1522,88,92,180
1522,84,112,196
1522,72,90,162
1522,76,62,138
1522,149,115,264
1522,83,60,143
1522,79,97,176
1522,72,90,162
1522,79,82,161
1522,79,97,176
1522,52,51,103
1522,61,79,140
1522,53,50,103
1522,73,63,136
1522,102,113,215
1522,49,91,140
1522,79,98,177
1522,82,93,175
1522,75,90,165
1522,64,85,149
1522,95,101,196
1522,60,53,113
1522,64,56,120
1522,79,97,176
1522,64,106,170
1522,61,54,115
1522,100,105,205
1522,86,94,180
1523,76,105,181
1523,45,76,121
1523,71,93,164
1523,79,91,170
1523,97,60,157
1523,64,100,164
1523,131,115,246
1523,79,84,163
1523,97,102,199
1523,76,89,165
1523,86,93,179
1523,61,78,139
1523,79,91,170
1523,85,109,194
1523,76,58,134
1523,76,89,165
1523,63,53,116
1523,81,93,174
1523,77,60,137
1523,62,83,145
1523,109,73,182
1523,148,115,263
1523,115,97,212
1523,55,54,109
1523,93,90,183
1523,73,67,140
1523,104,122,226
1523,72,81,153
1523,78,98,176
1523,68,77,145
1523,64,44,108
1523,72,81,153
1523,92,76,168
1523,52,52,104
1523,74,96,170
1523,103,110,213
1523,99,100,199
1523,165,159,324
1523,79,91,170
1523,57,46,103
1524,80,83,163
1524,82,105,187
1524,82,89,171
1524,73,68,141
1524,50,57,107
1524,84,60,144
1524,112,84,196
1524,82,105,187
1524,63,49,112
1524,75,88,163
1524,55,53,108
1524,76,59,135
1524,72,79,151
1524,109,76,185
1524,81,103,184
1524,72,116,188
1524,82,80,162
1524,75,88,163
1524,100,77,177
1524,107,123,230
1524,72,86,158
1524,137,100,237
1524,72,79,151
1524,124,135,259
1524,82,105,187
1524,142,179,321
1524,68,84,152
1524,61,69,130
1524,65,113,178
1524,72,89,161
1524,105,100,205
1524,103,118,221
1524,44,77,121
1524,62,77,139
1524,105,73,178
1524,71,95,166
1524,91,100,191
1524,68,53,121
1524,63,64,127
1524,120,112,232
1525,100,109,209
1525,90,91,181
1525,100,99,199
1525,143,184,327
1525,84,104,188
1525,60,67,127
1525,56,53,109
1525,83,58,141
1525,67,45,112
1525,72,79,151
1525,61,75,136
1525,45,78,123
1525,80,85,165
1525,83,97,180
1525,73,85,158
1525,84,104,188
1525,107,84,191
1525,97,71,168
1525,64,69,133
1525,72,79,151
1525,60,55,115
1525,103,74,177
1525,69,52,121
1525,73,83,156
1525,66,93,159
1525,68,86,154
1525,50,44,94
1525,93,72,165
1525,99,103,202
1525,102,93,195
1525,110,82,192
1525,94,75,169
1525,75,99,174
1525,68,86,154
1525,130,115,245
1525,86,92,178
1525,72,61,133
1525,84,104,188
1525,155,117,272
1525,70,85,155
1526,73,88,161
1526,72,93,165
1526,128,99,227
1526,60,54,114
1526,97,94,191
1526,62,71,133
1526,105,72,177
1526,106,75,181
1526,68,68,136
1526,99,106,205
1526,98,80,178
1526,78,88,166
1526,110,140,250
1526,69,85,154
1526,88,101,189
1526,164,159,323
1526,101,105,206
1526,102,77,179
1526,63,78,141
1526,69,96,165
1526,88,99,187
1526,65,80,145
1526,44,77,121
1526,78,88,166
1526,107,76,183
1526,84,73,157
1526,50,45,95
1526,107,76,183
1526,82,83,165
1526,99,79,178
1526,57,54,111
1526,145,117,262
1526,70,56,126
1526,91,91,182
1526,69,85,154
1526,107,76,183
1526,76,108,184
1526,59,59,118
1526,65,48,113
1526,71,58,129
1527,69,69,138
1527,76,81,157
1527,94,101,195
1527,69,92,161
1527,59,92,151
1527,62,73,135
1527,54,51,105
1527,76,71,147
1527,102,74,176
1527,68,56,124
1527,88,90,178
1527,102,74,176
1527,161,157,318
1527,97,93,190
1527,109,91,200
1527,88,90,178
1527,72,68,140
1527,111,139,250
1527,76,81,157
1527,97,79,176
1527,94,82,176
1527,83,103,186
1527,102,74,176
1527,63,44,107
1527,85,94,179
1527,100,76,176
1527,153,117,270
1527,105,120,225
1527,63,74,137
1527,51,45,96
1527,45,76,121
1527,72,65,137
1527,121,96,217
1527,79,103,182
1527,61,75,136
1527,120,98,218
1527,102,107,209
1527,57,48,105
1527,110,74,184
1527,68,86,154
1528,95,74,169
1528,150,153,303
1528,100,95,195
1528,117,93,210
1528,56,50,106
1528,141,119,260
1528,45,74,119
1528,58,45,103
1528,71,63,134
1528,67,60,127
1528,68,106,174
1528,95,76,171
1528,60,56,116
1528,105,128,233
1528,88,79,167
1528,109,99,208
1528,69,85,154
1528,128,141,269
1528,104,114,218
1528,95,74,169
1528,108,74,182
1528,95,74,169
1528,57,49,106
1528,67,69,136
1528,67,60,127
1528,70,82,152
1528,63,79,142
1528,84,73,157
1528,66,46,112
1528,58,45,103
1528,96,75,171
1528,95,103,198
1528,65,83,148
1528,71,98,169
1528,112,80,192
1528,61,97,158
1528,68,106,174
1528,123,99,222
1528,83,97,180
1528,85,102,187
1529,98,92,190
1529,84,71,155
1529,98,92,190
1529,58,52,110
1529,105,132,237
1529,51,45,96
1529,66,55,121
1529,65,87,152
1529,77,81,158
1529,138,115,253
1529,91,73,164
1529,84,123,207
1529,73,93,166
1529,125,101,226
1529,136,87,223
1529,75,60,135
1529,70,68,138
1529,73,84,157
1529,66,55,121
1529,65,77,142
1529,69,116,185
1529,82,94,176
1529,115,91,206
1529,134,118,252
1529,86,75,161
1529,104,72,176
1529,60,56,116
1529,91,73,164
1529,67,68,135
1529,148,153,301
1529,91,73,164
1529,80,99,179
1529,64,78,142
1529,99,94,193
1529,83,71,154
1529,56,49,105
1529,45,76,121
1529,99,102,201
1529,84,101,185
1529,54,49,103
1530,143,117,260
1530,66,52,118
1530,82,72,154
1530,66,101,167
1530,133,119,252
1530,59,55,114
1530,108,93,201
1530,150,155,305
1530,88,69,157
1530,112,76,188
1530,108,132,240
1530,100,100,200
1530,72,121,193
1530,73,63,136
1530,107,72,179
1530,66,87,153
1530,75,67,142
1530,100,103,203
1530,120,99,219
1530,68,95,163
1530,58,55,113
1530,66,79,145
1530,84,124,208
1530,60,52,112
1530,84,95,179
1530,52,44,96
1530,88,88,176
1530,76,89,165
1530,88,69,157
1530,77,93,170
1530,88,69,157
1530,89,73,162
1530,77,71,148
1530,66,81,147
1530,58,48,106
1530,72,121,193
1530,66,77,143
1530,66,52,118
1530,104,81,185
1530,44,73,117
1531,59,58,117
1531,69,100,169
1531,68,118,186
1531,128,116,244
1531,89,98,187
1531,116,75,191
1531,46,77,123
1531,87,72,159
1531,96,64,160
1531,104,128,232
1531,75,78,153
1531,69,93,162
1531,82,98,180
1531,77,67,144
1531,168,160,328
1531,92,70,162
1531,122,91,213
1531,90,65,155
1531,61,56,117
1531,110,95,205
1531,57,47,104
1531,70,65,135
1531,99,100,199
1531,114,77,191
1531,87,82,169
1531,77,67,144
1531,84,122,206
1531,70,65,135
1531,69,100,169
1531,58,47,105
1531,81,87,168
1531,67,78,145
1531,77,67,144
1531,75,64,139
1531,61,50,111
1531,90,72,162
1531,148,119,267
1531,72,78,150
1531,69,89,158
1531,82,68,150
1532,111,93,204
1532,91,67,158
1532,145,176,321
1532,70,77,147
1532,75,70,145
1532,85,64,149
1532,75,70,145
1532,75,70,145
1532,72,70,142
1532,105,95,200
1532,81,114,195
1532,72,64,136
1532,73,94,167
1532,83,98,181
1532,109,75,184
1532,59,50,109
1532,84,81,165
1532,122,112,234
1532,68,118,186
1532,65,79,144
1532,72,70,142
1532,61,57,118
1532,47,83,130
1532,83,69,152
1532,82,70,152
1532,96,93,189
1532,74,85,159
1532,82,89,171
1532,112,75,187
1532,68,84,152
1532,63,74,137
1532,86,85,171
1532,148,117,265
1532,101,120,221
1532,55,46,101
1532,90,72,162
1532,58,46,104
1532,69,84,153
1532,69,84,153
1532,94,67,161
1533,83,96,179
1533,98,100,198
1533,65,78,143
1533,76,85,161
1533,107,101,208
1533,71,72,143
1533,73,91,164
1533,80,62,142
1533,54,48,102
1533,67,89,156
1533,72,96,168
1533,113,94,207
1533,73,94,167
1533,76,71,147
1533,90,69,159
1533,88,69,157
1533,105,84,189
1533,59,55,114
1533,85,89,174
1533,67,80,147
1533,58,51,109
1533,100,119,219
1533,72,68,140
1533,72,68,140
1533,129,116,245
1533,76,63,139
1533,154,116,270
1533,87,94,181
1533,98,96,194
1533,56,55,111
1533,71,72,143
1533,76,69,145
1533,72,68,140
1533,72,96,168
1533,143,166,309
1533,55,47,102
1533,96,69,165
1533,67,109,176
1533,107,75,182
1533,92,72,164
1534,72,69,141
1534,71,90,161
1534,119,114,233
1534,88,88,176
1534,89,93,182
1534,59,55,114
1534,101,104,205
1534,65,80,145
1534,68,68,136
1534,100,71,171
1534,74,94,168
1534,77,79,156
1534,76,94,170
1534,56,53,109
1534,142,167,309
1534,67,73,140
1534,103,122,225
1534,103,75,178
1534,62,57,119
1534,98,66,164
1534,78,70,148
1534,55,54,109
1534,98,69,167
1534,69,61,130
1534,112,84,196
1534,84,72,156
1534,103,100,203
1534,72,69,141
1534,102,105,207
1534,75,65,140
1534,57,47,104
1534,76,63,139
1534,64,108,172
1534,84,72,156
1534,70,96,166
1534,113,95,208
1534,70,96,166
1534,84,72,156
1534,128,144,272
1534,90,71,161
1535,83,129,212
1535,73,105,178
1535,60,45,105
1535,113,77,190
1535,57,47,104
1535,88,72,160
1535,70,81,151
1535,86,70,156
1535,72,77,149
1535,61,56,117
1535,54,48,102
1535,99,106,205
1535,86,70,156
1535,77,85,162
1535,77,70,147
1535,77,85,162
1535,62,99,161
1535,77,82,159
1535,72,90,162
1535,68,88,156
1535,67,74,141
1535,112,95,207
1535,95,67,162
1535,86,70,156
1535,122,113,235
1535,72,90,162
1535,146,118,264
1535,79,86,165
1535,145,176,321
1535,91,103,194
1535,108,124,232
1535,84,100,184
1535,59,60,119
1535,103,114,217
1535,75,75,150
1535,78,96,174
1535,57,59,116
1535,95,69,164
1535,71,68,139
1535,50,92,142
1536,72,73,145
1536,57,61,118
1536,106,75,181
1536,86,66,152
1536,146,175,321
1536,48,87,135
1536,61,100,161
1536,75,80,155
1536,74,69,143
1536,91,101,192
1536,82,70,152
1536,101,110,211
1536,148,117,265
1536,104,113,217
1536,82,70,152
1536,74,110,184
1536,77,72,149
1536,104,109,213
1536,112,110,222
1536,71,64,135
1536,79,65,144
1536,117,96,213
1536,70,84,154
1536,62,60,122
1536,73,95,168
1536,56,46,102
1536,104,97,201
1536,73,51,124
1536,84,105,189
1536,74,88,162
1536,68,58,126
1536,72,59,131
1536,72,73,145
1536,71,89,160
1536,82,70,152
1536,65,77,142
1536,88,69,157
1536,71,89,160
1536,86,70,156
1536,60,50,110
1537,70,95,165
1537,64,64,128
1537,95,111,206
1537,94,95,189
1537,93,67,160
1537,57,65,122
1537,65,70,135
1537,105,75,180
1537,85,107,192
1537,128,140,268
1537,91,75,166
1537,101,71,172
1537,91,75,166
1537,76,52,128
1537,62,50,112
1537,81,68,149
1537,72,71,143
1537,77,71,148
1537,70,98,168
1537,70,95,165
1537,71,84,155
1537,112,113,225
1537,90,67,157
1537,80,96,176
1537,53,46,99
1537,72,71,143
1537,120,98,218
1537,97,63,160
1537,72,95,167
1537,145,172,317
1537,64,106,170
1537,91,75,166
1537,63,56,119
1537,48,86,134
1537,84,69,153
1537,104,108,212
1537,74,69,143
1537,98,111,209
1537,100,103,203
1537,55,55,110
1538,99,106,205
1538,71,69,140
1538,81,56,137
1538,74,66,140
1538,71,107,178
1538,102,78,180
1538,65,69,134
1538,105,117,222
1538,78,73,151
1538,105,111,216
1538,56,47,103
1538,84,100,184
1538,62,59,121
1538,71,107,178
1538,76,86,162
1538,81,69,150
1538,84,107,191
1538,56,56,112
1538,57,60,117
1538,69,83,152
1538,74,96,170
1538,76,100,176
1538,100,100,200
1538,90,64,154
1538,103,64,167
1538,112,94,206
1538,102,78,180
1538,77,111,188
1538,63,58,121
1538,57,61,118
1538,117,96,213
1538,89,67,156
1538,48,81,129
1538,148,180,328
1538,61,96,157
1538,152,117,269
1538,76,88,164
1538,102,78,180
1538,71,69,140
1538,116,110,226
1539,105,111,216
1539,70,79,149
1539,60,69,129
1539,74,71,145
1539,68,81,149
1539,114,95,209
1539,147,188,335
1539,74,71,145
1539,110,77,187
1539,78,85,163
1539,71,95,166
1539,102,67,169
1539,88,99,187
1539,56,61,117
1539,67,76,143
1539,110,77,187
1539,78,61,139
1539,80,126,206
1539,54,49,103
1539,110,77,187
1539,75,53,128
1539,73,86,159
1539,100,110,210
1539,66,87,153
1539,63,69,132
1539,115,112,227
1539,112,78,190
1539,104,121,225
1539,65,63,128
1539,127,138,265
1539,48,84,132
1539,110,93,203
1539,93,69,162
1539,72,67,139
1539,104,84,188
1539,77,74,151
1539,53,55,108
1539,63,66,129
1539,70,79,149
1539,62,100,162
1540,83,66,149
1540,68,78,146
1540,100,92,192
1540,50,53,103
1540,109,87,196
1540,100,100,200
1540,79,95,174
1540,69,93,162
1540,77,87,164
1540,70,92,162
1540,126,136,262
1540,116,133,249
1540,75,73,148
1540,71,75,146
1540,58,54,112
1540,74,77,151
1540,102,77,179
1540,66,114,180
1540,49,87,136
1540,69,70,139
1540,69,73,142
1540,97,105,202
1540,107,124,231
1540,69,93,162
1540,110,93,203
1540,76,70,146
1540,67,91,158
1540,81,55,136
1540,74,77,151
1540,123,97,220
1540,60,60,120
1540,94,64,158
1540,145,172,317
1540,71,73,144
1540,57,61,118
1540,103,76,179
1540,81,61,142
1540,103,76,179
1540,56,48,104
1540,103,76,179
1541,61,101,162
1541,71,83,154
1541,70,59,129
1541,58,51,109
1541,83,114,197
1541,73,82,155
1541,124,131,255
1541,128,100,228
1541,73,82,155
1541,56,61,117
1541,96,95,191
1541,70,91,161
1541,73,90,163
1541,51,88,139
1541,97,73,170
1541,80,74,154
1541,98,101,199
1541,127,100,227
1541,134,99,233
1541,76,53,129
1541,55,50,105
1541,72,67,139
1541,68,70,138
1541,96,75,171
1541,97,73,170
1541,90,61,151
1541,65,76,141
1541,66,75,141
1541,70,91,161
1541,75,96,171
1541,76,71,147
1541,100,90,190
1541,74,67,141
1541,97,73,170
1541,57,52,109
1541,145,180,325
1541,54,64,118
1541,68,97,165
1541,117,134,251
1541,77,86,163
1542,83,68,151
1542,105,125,230
1542,92,79,171
1542,123,99,222
1542,115,128,243
1542,74,53,127
1542,124,133,257
1542,113,94,207
1542,69,80,149
1542,63,101,164
1542,107,77,184
1542,83,68,151
1542,91,84,175
1542,60,54,114
1542,76,92,168
1542,98,108,206
1542,144,174,318
1542,61,60,121
1542,79,66,145
1542,120,96,216
1542,99,71,170
1542,110,86,196
1542,51,86,137
1542,71,84,155
1542,96,71,167
1542,54,67,121
1542,68,84,152
1542,73,95,168
1542,75,98,173
1542,99,102,201
1542,101,72,173
1542,79,69,148
1542,68,84,152
1542,52,46,98
1542,86,60,146
1542,83,68,151
1542,76,92,168
1542,76,71,147
1542,58,50,108
1542,73,65,138
1543,73,82,155
1543,95,82,177
1543,105,71,176
1543,128,100,228
1543,122,142,264
1543,82,109,191
1543,130,101,231
1543,74,68,142
1543,58,46,104
1543,94,64,158
1543,69,85,154
1543,56,71,127
1543,96,72,168
1543,74,68,142
1543,101,89,190
1543,77,70,147
1543,105,99,204
1543,77,53,130
1543,67,72,139
1543,91,86,177
1543,60,90,150
1543,78,60,138
1543,76,105,181
1543,86,101,187
1543,65,55,120
1543,145,174,319
1543,106,125,231
1543,68,70,138
1543,60,67,127
1543,66,86,152
1543,123,129,252
1543,100,115,215
1543,81,112,193
1543,82,71,153
1543,50,85,135
1543,73,69,142
1543,62,51,113
1543,69,85,154
1543,74,68,142
1543,73,82,155
1544,75,89,164
1544,113,74,187
1544,70,80,150
1544,132,101,233
1544,74,104,178
1544,134,101,235
1544,49,78,127
1544,146,187,333
1544,76,100,176
1544,73,71,144
1544,120,142,262
1544,68,76,144
1544,68,53,121
1544,58,76,134
1544,78,73,151
1544,73,71,144
1544,113,78,191
1544,99,82,181
1544,97,88,185
1544,58,56,114
1544,94,103,197
1544,84,108,192
1544,73,71,144
1544,73,57,130
1544,100,96,196
1544,69,85,154
1544,76,93,169
1544,68,70,138
1544,84,56,140
1544,138,102,240
1544,63,101,164
1544,93,70,163
1544,76,93,169
1544,70,80,150
1544,64,47,111
1544,103,114,217
1544,70,77,147
1544,88,72,160
1544,121,130,251
1544,75,70,145
1545,145,187,332
1545,110,85,195
1545,85,95,180
1545,133,100,233
1545,114,128,242
1545,73,71,144
1545,104,68,172
1545,68,98,166
1545,65,51,116
1545,80,58,138
1545,73,71,144
1545,55,46,101
1545,105,126,231
1545,100,91,191
1545,83,99,182
1545,112,80,192
1545,78,68,146
1545,73,71,144
1545,71,81,152
1545,71,81,152
1545,49,76,125
1545,76,68,144
1545,94,95,189
1545,85,98,183
1545,118,114,232
1545,66,64,130
1545,81,95,176
1545,76,87,163
1545,98,65,163
1545,86,56,142
1545,78,90,168
1545,99,86,185
1545,66,112,178
1545,126,97,223
1545,74,101,175
1545,104,68,172
1545,58,72,130
1545,71,56,127
1545,104,121,225
1545,66,72,138
1546,82,83,165
1546,74,76,150
1546,79,64,143
1546,137,115,252
1546,86,105,191
1546,116,80,196
1546,78,58,136
1546,50,80,130
1546,53,44,97
1546,69,76,145
1546,117,74,191
1546,77,93,170
1546,107,66,173
1546,69,78,147
1546,62,97,159
1546,64,70,134
1546,69,76,145
1546,107,114,221
1546,104,119,223
1546,86,55,141
1546,168,158,326
1546,112,86,198
1546,115,130,245
1546,107,128,235
1546,66,55,121
1546,74,76,150
1546,91,91,182
1546,84,70,154
1546,96,87,183
1546,68,97,165
1546,82,92,174
1546,82,83,165
1546,84,110,194
1546,151,122,273
1546,61,55,116
1546,85,94,179
1546,58,75,133
1546,80,87,167
1546,72,94,166
1546,74,76,150
1547,74,77,151
1547,86,94,180
1547,94,94,188
1547,83,83,166
1547,49,74,123
1547,74,93,167
1547,104,72,176
1547,70,56,126
1547,75,86,161
1547,109,84,193
1547,113,77,190
1547,85,101,186
1547,62,82,144
1547,87,64,151
1547,73,91,164
1547,111,118,229
1547,101,113,214
1547,162,156,318
1547,95,86,181
1547,83,108,191
1547,63,59,122
1547,118,131,249
1547,66,53,119
1547,74,77,151
1547,69,65,134
1547,63,98,161
1547,94,94,188
1547,54,45,99
1547,91,70,161
1547,104,117,221
1547,73,56,129
1547,81,54,135
1547,98,74,172
1547,70,56,126
1547,95,96,191
1547,83,83,166
1547,138,114,252
1547,124,142,266
1547,74,77,151
1547,60,76,136
1548,112,123,235
1548,89,71,160
1548,108,131,239
1548,73,79,152
1548,120,140,260
1548,68,89,157
1548,102,75,177
1548,110,85,195
1548,67,73,140
1548,113,76,189
1548,101,113,214
1548,79,94,173
1548,79,64,143
1548,52,46,98
1548,87,84,171
1548,75,70,145
1548,149,153,302
1548,69,56,125
1548,63,60,123
1548,97,87,184
1548,90,59,149
1548,87,84,171
1548,63,96,159
1548,89,88,177
1548,66,68,134
1548,75,70,145
1548,90,59,149
1548,98,96,194
1548,122,134,256
1548,109,84,193
1548,75,70,145
1548,117,78,195
1548,60,76,136
1548,47,72,119
1548,101,72,173
1548,103,110,213
1548,104,98,202
1548,82,89,171
1548,57,56,113
1548,76,52,128
1549,168,159,327
1549,100,90,190
1549,108,83,191
1549,122,150,272
1549,115,86,201
1549,55,53,108
1549,124,140,264
1549,65,70,135
1549,67,70,137
1549,92,59,151
1549,60,86,146
1549,64,58,122
1549,102,86,188
1549,92,59,151
1549,79,53,132
1549,46,72,118
1549,107,98,205
1549,101,103,204
1549,82,86,168
1549,78,98,176
1549,93,71,164
1549,109,78,187
1549,66,71,137
1549,101,111,212
1549,57,48,105
1549,137,102,239
1549,110,130,240
1549,96,73,169
1549,73,83,156
1549,84,65,149
1549,104,76,180
1549,75,73,148
1549,57,68,125
1549,99,74,173
1549,89,84,173
1549,73,58,131
1549,79,122,201
1549,102,86,188
1550,104,76,180
1550,81,84,165
1550,95,71,166
1550,93,85,178
1550,95,71,166
1550,60,73,133
1550,102,97,199
1550,80,54,134
1550,99,62,161
1550,101,104,205
1550,48,81,129
1550,90,58,148
1550,55,52,107
1550,64,57,121
1550,100,75,175
1550,123,144,267
1550,82,116,198
1550,169,160,329
1550,78,100,178
1550,97,125,222
1550,113,85,198
1550,93,85,178
1550,102,64,166
1550,65,70,135
1550,103,120,223
1550,107,130,237
1550,124,136,260
1550,73,59,132
1550,72,109,181
1550,68,109,177
1550,62,50,112
1550,102,76,178
1550,79,73,152
1550,72,76,148
1550,125,100,225
1550,84,110,194
1550,70,61,131
1550,90,58,148
1551,89,83,172
1551,92,57,149
1551,56,53,109
1551,49,83,132
1551,56,66,122
1551,81,80,161
1551,78,88,166
1551,127,99,226
1551,69,62,131
1551,87,71,158
1551,80,117,197
1551,73,84,157
1551,75,76,151
1551,106,76,182
1551,81,95,176
1551,83,75,158
1551,101,62,163
1551,109,96,205
1551,92,83,175
1551,139,112,251
1551,125,139,264
1551,57,49,106
1551,104,77,181
1551,70,88,158
1551,102,105,207
1551,92,83,175
1551,101,115,216
1551,91,70,161
1551,95,94,189
1551,85,56,141
1551,111,86,197
1551,75,59,134
1551,145,156,301
1551,66,65,131
1551,92,57,149
1551,106,77,183
1551,95,93,188
1551,150,127,277
1552,96,96,192
1552,81,110,191
1552,89,60,149
1552,87,56,143
1552,89,84,173
1552,98,63,161
1552,89,84,173
1552,86,77,163
1552,71,73,144
1552,52,47,99
1552,116,108,224
1552,69,82,151
1552,101,76,177
1552,90,58,148
1552,99,75,174
1552,125,140,265
1552,101,101,202
1552,82,90,172
1552,81,80,161
1552,102,116,218
1552,53,61,114
1552,58,57,115
1552,94,95,189
1552,93,70,163
1552,68,66,134
1552,87,56,143
1552,72,57,129
1552,47,81,128
1552,78,89,167
1552,97,92,189
1552,88,72,160
1552,149,156,305
1552,147,125,272
1552,85,84,169
1552,125,99,224
1552,104,76,180
1552,83,109,192
1552,79,66,145
1553,137,123,260
1553,86,57,143
1553,69,57,126
1553,83,97,180
1553,84,83,167
1553,80,80,160
1553,101,74,175
1553,52,92,144
1553,87,71,158
1553,72,89,161
1553,68,69,137
1553,85,57,142
1553,92,94,186
1553,91,103,194
1553,80,80,160
1553,121,109,230
1553,100,97,197
1553,55,59,114
1553,77,104,181
1553,103,76,179
1553,100,103,203
1553,106,77,183
1553,121,143,264
1553,101,111,212
1553,82,107,189
1553,92,70,162
1553,59,62,121
1553,137,154,291
1553,86,57,143
1553,82,80,162
1553,68,72,140
1553,104,82,186
1553,73,64,137
1553,75,95,170
1553,55,64,119
1553,124,99,223
1553,86,59,145
1553,80,92,172
1554,56,69,125
1554,75,92,167
1554,92,77,169
1554,117,112,229
1554,96,98,194
1554,88,72,160
1554,105,126,231
1554,100,75,175
1554,73,79,152
1554,123,131,254
1554,105,78,183
1554,131,102,233
1554,81,55,136
1554,100,63,163
1554,84,101,185
1554,60,59,119
1554,104,108,212
1554,84,55,139
1554,73,63,136
1554,83,113,196
1554,86,71,157
1554,73,79,152
1554,84,55,139
1554,67,69,136
1554,72,60,132
1554,139,154,293
1554,95,94,189
1554,91,86,177
1554,117,108,225
1554,85,60,145
1554,89,95,184
1554,91,71,162
1554,101,79,180
1554,53,54,107
1554,69,73,142
1554,65,54,119
1554,91,95,186
1554,82,84,166
1555,79,56,135
1555,97,62,159
1555,63,69,132
1555,94,60,154
1555,94,60,154
1555,90,71,161
1555,121,131,252
1555,104,122,226
1555,81,113,194
1555,127,149,276
1555,53,66,119
1555,71,60,131
1555,79,63,142
1555,156,158,314
1555,125,100,225
1555,94,72,166
1555,79,79,158
1555,82,76,158
1555,93,88,181
1555,98,97,195
1555,112,107,219
1555,73,93,166
1555,70,123,193
1555,79,76,155
1555,55,62,117
1555,65,54,119
1555,76,70,146
1555,101,80,181
1555,94,95,189
1555,85,74,159
1555,95,64,159
1555,73,93,166
1555,78,85,163
1555,83,99,182
1555,105,77,182
1555,104,113,217
1555,110,77,187
1555,65,62,127
1556,93,78,171
1556,112,106,218
1556,143,153,296
1556,91,72,163
1556,101,93,194
1556,88,93,181
1556,93,76,169
1556,95,74,169
1556,55,57,112
1556,108,78,186
1556,122,130,252
1556,110,79,189
1556,77,84,161
1556,71,84,155
1556,52,93,145
1556,130,101,231
1556,91,95,186
1556,77,102,179
1556,60,62,122
1556,68,67,135
1556,75,54,129
1556,65,57,122
1556,81,70,151
1556,84,100,184
1556,97,62,159
1556,90,61,151
1556,65,54,119
1556,81,78,159
1556,77,102,179
1556,89,57,146
1556,90,92,182
1556,52,62,114
1556,106,101,207
1556,89,57,146
1556,108,78,186
1556,123,99,222
1556,119,137,256
1556,81,109,190
1557,64,75,139
1557,84,87,171
1557,103,94,197
1557,77,96,173
1557,83,57,140
1557,129,99,228
1557,114,80,194
1557,75,107,182
1557,90,71,161
1557,88,74,162
1557,82,81,163
1557,53,55,108
1557,76,95,171
1557,81,90,171
1557,77,96,173
1557,108,94,202
1557,93,79,172
1557,95,97,192
1557,68,55,123
1557,102,108,210
1557,110,126,236
1557,71,90,161
1557,83,99,182
1557,106,77,183
1557,91,72,163
1557,53,64,117
1557,49,87,136
1557,150,152,302
1557,64,58,122
1557,73,87,160
1557,123,131,254
1557,89,59,148
1557,83,57,140
1557,81,112,193
1557,70,53,123
1557,112,79,191
1557,121,139,260
1557,66,63,129
1558,68,61,129
1558,67,54,121
1558,132,100,232
1558,78,73,151
1558,59,52,111
1558,104,105,209
1558,54,49,103
1558,96,62,158
1558,86,57,143
1558,91,77,168
1558,72,88,160
1558,95,95,190
1558,96,92,188
1558,63,86,149
1558,89,95,184
1558,72,79,151
1558,85,108,193
1558,141,153,294
1558,87,67,154
1558,117,81,198
1558,119,139,258
1558,98,82,180
1558,86,57,143
1558,98,74,172
1558,111,95,206
1558,60,67,127
1558,76,93,169
1558,75,79,154
1558,84,85,169
1558,108,76,184
1558,67,63,130
1558,57,70,127
1558,126,137,263
1558,75,79,154
1558,50,88,138
1558,66,91,157
1558,117,98,215
1558,72,96,168
1559,146,154,300
1559,123,98,221
1559,93,84,177
1559,91,77,168
1559,91,57,148
1559,67,101,168
1559,70,88,158
1559,66,94,160
1559,99,84,183
1559,61,60,121
1559,85,98,183
1559,87,61,148
1559,93,106,199
1559,115,86,201
1559,57,70,127
1559,126,144,270
1559,102,75,177
1559,82,81,163
1559,49,91,140
1559,104,109,213
1559,88,100,188
1559,91,57,148
1559,105,126,231
1559,63,53,116
1559,80,112,192
1559,54,55,109
1559,83,75,158
1559,82,81,163
1559,65,58,123
1559,87,103,190
1559,110,95,205
1559,125,134,259
1559,104,76,180
1559,69,54,123
1559,86,69,155
1559,93,95,188
1559,69,78,147
1559,86,68,154
1560,83,76,159
1560,69,72,141
1560,79,109,188
1560,89,58,147
1560,92,104,196
1560,56,59,115
1560,51,96,147
1560,163,158,321
1560,122,128,250
1560,57,74,131
1560,78,96,174
1560,75,112,187
1560,65,56,121
1560,102,121,223
1560,60,56,116
1560,100,59,159
1560,79,61,140
1560,89,82,171
1560,100,78,178
1560,115,76,191
1560,86,75,161
1560,85,70,155
1560,98,95,193
1560,115,117,232
1560,89,82,171
1560,57,48,105
1560,95,72,167
1560,117,92,209
1560,127,98,225
1560,106,103,209
1560,64,57,121
1560,107,79,186
1560,100,59,159
1560,97,77,174
1560,106,117,223
1560,86,110,196
1560,73,97,170
1560,68,101,169
1561,106,77,183
1561,63,64,127
1561,111,80,191
1561,75,80,155
1561,68,58,126
1561,91,95,186
1561,86,68,154
1561,113,76,189
1561,87,78,165
1561,66,95,161
1561,129,119,248
1561,95,117,212
1561,81,107,188
1561,57,75,132
1561,126,135,261
1561,73,66,139
1561,138,153,291
1561,60,74,134
1561,66,65,131
1561,92,72,164
1561,85,58,143
1561,104,111,215
1561,112,83,195
1561,68,55,123
1561,124,97,221
1561,105,63,168
1561,105,63,168
1561,58,50,108
1561,73,98,171
1561,77,96,173
1561,75,80,155
1561,110,128,238
1561,89,70,159
1561,78,114,192
1561,51,95,146
1561,83,77,160
1561,86,128,214
1561,105,93,198
1562,93,80,173
1562,107,63,170
1562,74,84,158
1562,69,91,160
1562,93,72,165
1562,97,75,172
1562,71,61,132
1562,70,86,156
1562,71,89,160
1562,61,52,113
1562,69,122,191
1562,63,57,120
1562,77,103,180
1562,96,115,211
1562,114,103,217
1562,84,68,152
1562,102,92,194
1562,107,123,230
1562,109,84,193
1562,76,89,165
1562,123,117,240
1562,95,76,171
1562,137,165,302
1562,107,114,221
1562,77,71,148
1562,93,81,174
1562,58,78,136
1562,69,56,125
1562,107,63,170
1562,63,58,121
1562,121,96,217
1562,78,92,170
1562,100,73,173
1562,107,75,182
1562,151,118,269
1562,74,84,158
1562,59,71,130
1562,52,90,142
1563,50,89,139
1563,62,55,117
1563,126,99,225
1563,72,92,164
1563,110,123,233
1563,102,61,163
1563,89,79,168
1563,75,84,159
1563,67,55,122
1563,128,122,250
1563,109,100,209
1563,134,158,292
1563,84,69,153
1563,82,85,167
1563,66,117,183
1563,133,103,236
1563,74,60,134
1563,112,85,197
1563,89,74,163
1563,112,96,208
1563,84,123,207
1563,102,61,163
1563,101,83,184
1563,75,91,166
1563,58,78,136
1563,99,76,175
1563,66,78,144
1563,92,72,164
1563,75,81,156
1563,92,74,166
1563,79,63,142
1563,74,84,158
1563,104,73,177
1563,62,85,147
1563,75,81,156
1563,100,122,222
1563,67,57,124
1563,126,144,270
1564,113,95,208
1564,99,76,175
1564,80,67,147
1564,79,111,190
1564,110,65,175
1564,63,60,123
1564,110,126,236
1564,85,79,164
1564,121,98,219
1564,152,158,310
1564,65,77,142
1564,52,96,148
1564,127,143,270
1564,75,92,167
1564,56,73,129
1564,78,84,162
1564,73,79,152
1564,73,79,152
1564,110,65,175
1564,105,126,231
1564,60,53,113
1564,111,127,238
1564,74,89,163
1564,68,54,122
1564,123,154,277
1564,83,73,156
1564,81,84,165
1564,73,61,134
1564,91,75,166
1564,100,97,197
1564,88,110,198
1564,107,76,183
1564,91,72,163
1564,63,84,147
1564,102,83,185
1564,81,64,145
1564,68,124,192
1564,105,70,175
1565,91,68,159
1565,87,108,195
1565,91,92,183
1565,67,59,126
1565,75,85,160
1565,75,66,141
1565,126,136,262
1565,89,71,160
1565,67,72,139
1565,76,81,157
1565,96,98,194
1565,103,123,226
1565,105,80,185
1565,64,54,118
1565,103,74,177
1565,82,87,169
1565,111,124,235
1565,80,86,166
1565,106,115,221
1565,81,91,172
1565,83,62,145
1565,78,81,159
1565,121,150,271
1565,115,80,195
1565,74,91,165
1565,77,72,149
1565,128,97,225
1565,80,86,166
1565,61,80,141
1565,76,81,157
1565,92,80,172
1565,62,83,145
1565,75,65,140
1565,59,47,106
1565,81,115,196
1565,155,160,315
1565,64,79,143
1565,97,93,190
1566,76,61,137
1566,78,64,142
1566,80,88,168
1566,83,95,178
1566,85,114,199
1566,74,80,154
1566,78,78,156
1566,78,94,172
1566,121,147,268
1566,108,75,183
1566,103,125,228
1566,72,84,156
1566,98,97,195
1566,63,47,110
1566,74,80,154
1566,95,96,191
1566,69,62,131
1566,74,83,157
1566,114,80,194
1566,57,70,127
1566,63,81,144
1566,82,90,172
1566,69,56,125
1566,114,94,208
1566,99,78,177
1566,63,67,130
1566,64,60,124
1566,88,111,199
1566,78,106,184
1566,107,118,225
1566,80,72,152
1566,80,88,168
1566,167,162,329
1566,74,60,134
1566,123,128,251
1566,111,126,237
1566,93,72,165
1566,97,69,166
1567,77,73,150
1567,80,93,173
1567,101,69,170
1567,58,75,133
1567,60,50,110
1567,79,81,160
1567,122,154,276
1567,69,126,195
1567,68,59,127
1567,81,85,166
1567,77,66,143
1567,107,122,229
1567,81,85,166
1567,145,187,332
1567,105,109,214
1567,93,94,187
1567,67,54,121
1567,84,101,185
1567,129,142,271
1567,73,84,157
1567,71,60,131
1567,81,82,163
1567,102,124,226
1567,75,88,163
1567,62,58,120
1567,71,101,172
1567,91,71,162
1567,113,85,198
1567,76,101,177
1567,93,94,187
1567,94,79,173
1567,59,53,112
1567,83,107,190
1567,82,95,177
1567,81,82,163
1567,86,56,142
1567,115,77,192
1567,103,89,192
1568,91,78,169
1568,60,81,141
1568,89,93,182
1568,68,61,129
1568,103,104,207
1568,77,65,142
1568,103,113,216
1568,109,63,172
1568,106,84,190
1568,76,88,164
1568,75,96,171
1568,63,58,121
1568,87,99,186
1568,78,104,182
1568,93,73,166
1568,64,86,150
1568,123,152,275
1568,106,99,205
1568,85,111,196
1568,144,118,262
1568,60,55,115
1568,94,92,186
1568,77,73,150
1568,69,89,158
1568,107,91,198
1568,70,97,167
1568,82,89,171
1568,101,118,219
1568,83,96,179
1568,92,86,178
1568,69,54,123
1568,92,86,178
1568,60,56,116
1568,81,87,168
1568,107,105,212
1568,60,48,108
1568,109,63,172
1568,163,159,322
1569,61,50,111
1569,63,55,118
1569,62,98,160
1569,75,79,154
1569,83,99,182
1569,66,58,124
1569,113,64,177
1569,113,93,206
1569,75,89,164
1569,88,94,182
1569,86,80,166
1569,85,95,180
1569,131,100,231
1569,81,85,166
1569,112,84,196
1569,69,62,131
1569,134,113,247
1569,83,104,187
1569,100,121,221
1569,103,67,170
1569,61,58,119
1569,86,80,166
1569,171,162,333
1569,77,59,136
1569,79,127,206
1569,76,72,148
1569,122,147,269
1569,91,59,150
1569,59,80,139
1569,93,78,171
1569,113,64,177
1569,103,107,210
1569,77,107,184
1569,65,53,118
1569,106,106,212
1569,109,119,228
1569,67,92,159
1569,100,72,172
1570,103,71,174
1570,84,112,196
1570,76,85,161
1570,140,107,247
1570,73,65,138
1570,107,82,189
1570,66,62,128
1570,70,57,127
1570,67,89,156
1570,61,79,140
1570,103,115,218
1570,63,57,120
1570,61,95,156
1570,74,81,155
1570,141,172,313
1570,74,81,155
1570,102,107,209
1570,115,76,191
1570,63,54,117
1570,64,59,123
1570,66,47,113
1570,111,127,238
1570,80,75,155
1570,124,149,273
1570,89,111,200
1570,65,58,123
1570,83,98,181
1570,78,82,160
1570,78,117,195
1570,135,115,250
1570,86,107,193
1570,71,89,160
1570,74,72,146
1570,102,89,191
1570,85,121,206
1570,78,82,160
1570,66,62,128
1570,130,101,231
1571,86,109,195
1571,65,61,126
1571,75,65,140
1571,70,101,171
1571,86,80,166
1571,73,61,134
1571,109,120,229
1571,76,86,162
1571,86,80,166
1571,103,131,234
1571,78,77,155
1571,96,90,186
1571,115,113,228
1571,82,99,181
1571,81,78,159
1571,63,52,115
1571,64,91,155
1571,78,77,155
1571,146,179,325
1571,87,108,195
1571,63,102,165
1571,85,121,206
1571,77,71,148
1571,101,104,205
1571,100,110,210
1571,107,84,191
1571,71,59,130
1571,68,91,159
1571,59,54,113
1571,76,98,174
1571,115,84,199
1571,64,81,145
1571,114,75,189
1571,138,105,243
1571,78,117,195
1571,68,68,136
1571,62,59,121
1571,152,130,282
1572,89,81,170
1572,80,120,200
1572,105,89,194
1572,67,59,126
1572,104,106,210
1572,72,60,132
1572,72,70,142
1572,80,84,164
1572,54,59,113
1572,125,102,227
1572,89,81,170
1572,87,108,195
1572,110,125,235
1572,74,58,132
1572,56,54,110
1572,101,70,171
1572,106,74,180
1572,54,59,113
1572,80,84,164
1572,83,105,188
1572,61,57,118
1572,83,102,185
1572,96,74,170
1572,95,81,176
1572,162,160,322
1572,139,125,264
1572,59,52,111
1572,136,101,237
1572,60,97,157
1572,54,59,113
1572,58,54,112
1572,76,86,162
1572,84,99,183
1572,70,89,159
1572,66,54,120
1572,85,121,206
1572,103,121,224
1572,119,111,230
1572,78,63,141
1572,115,87,202
1573,67,55,122
1573,84,101,185
1573,103,115,218
1573,97,70,167
1573,84,100,184
1573,121,114,235
1573,60,50,110
1573,80,80,160
1573,69,65,134
1573,72,72,144
1573,80,80,160
1573,129,103,232
1573,128,119,247
1573,91,79,170
1573,109,115,224
1573,56,55,111
1573,82,65,147
1573,115,87,202
1573,60,60,120
1573,78,59,137
1573,101,109,210
1573,72,88,160
1573,76,59,135
1573,74,77,151
1573,79,119,198
1573,72,58,130
1573,84,116,200
1573,74,60,134
1573,81,80,161
1573,63,106,169
1573,93,71,164
1573,60,60,120
1573,60,60,120
1573,101,88,189
1573,88,112,200
1573,158,159,317
1573,98,75,173
1573,81,80,161
1573,110,118,228
1573,86,114,200
1574,134,99,233
1574,45,56,101
1574,136,122,258
1574,97,75,172
1574,84,118,202
1574,111,87,198
1574,83,94,177
1574,45,56,101
1574,93,67,160
1574,83,97,180
1574,95,79,174
1574,105,90,195
1574,64,71,135
1574,77,109,186
1574,79,72,151
1574,45,56,101
1574,88,104,192
1574,98,109,207
1574,80,79,159
1574,98,74,172
1574,111,116,227
1574,117,115,232
1574,84,61,145
1574,62,47,109
1574,100,107,207
1574,98,90,188
1574,72,72,144
1574,77,83,160
1574,82,82,164
1574,71,85,156
1574,72,57,129
1574,107,86,193
1574,58,94,152
1574,98,71,169
1574,155,156,311
1574,69,58,127
1574,82,82,164
1574,80,79,159
1574,56,54,110
1574,71,56,127
1575,102,106,208
1575,93,88,181
1575,78,86,164
1575,61,61,122
1575,103,73,176
1575,97,106,203
1575,98,88,186
1575,106,75,181
1575,61,61,122
1575,55,51,106
1575,76,106,182
1575,85,106,191
1575,73,51,124
1575,83,64,147
1575,160,159,319
1575,90,72,162
1575,82,111,193
1575,72,60,132
1575,61,61,122
1575,97,88,185
1575,61,99,160
1575,94,84,178
1575,83,59,142
1575,67,57,124
1575,79,72,151
1575,113,61,174
1575,87,108,195
1575,63,69,132
1575,113,61,174
1575,85,104,189
1575,74,84,158
1575,79,80,159
1575,72,56,128
1575,90,77,167
1575,123,143,266
1575,110,117,227
1575,128,139,267
1575,129,95,224
1575,76,79,155
1575,98,88,186
1576,79,61,140
1576,103,59,162
1576,103,59,162
1576,69,57,126
1576,80,92,172
1576,50,57,107
1576,112,97,209
1576,62,57,119
1576,97,87,184
1576,86,83,169
1576,118,126,244
1576,81,98,179
1576,89,101,190
1576,93,73,166
1576,109,117,226
1576,50,57,107
1576,79,113,192
1576,85,65,150
1576,73,83,156
1576,58,92,150
1576,117,94,211
1576,54,48,102
1576,65,63,128
1576,95,99,194
1576,77,51,128
1576,108,74,182
1576,112,81,193
1576,108,125,233
1576,81,83,164
1576,50,57,107
1576,87,77,164
1576,121,128,249
1576,79,100,179
1576,68,54,122
1576,117,94,211
1576,105,91,196
1576,179,162,341
1576,76,89,165
1576,89,67,156
1576,86,109,195
1577,102,71,173
1577,56,85,141
1577,72,58,130
1577,105,88,193
1577,117,127,244
1577,121,97,218
1577,77,52,129
1577,88,126,214
1577,113,81,194
1577,121,114,235
1577,92,66,158
1577,169,163,332
1577,57,58,115
1577,81,60,141
1577,81,97,178
1577,69,63,132
1577,73,87,160
1577,114,95,209
1577,76,86,162
1577,116,96,212
1577,91,55,146
1577,62,58,120
1577,69,63,132
1577,112,136,248
1577,90,78,168
1577,69,63,132
1577,119,86,205
1577,78,89,167
1577,93,97,190
1577,87,79,166
1577,105,88,193
1577,109,113,222
1577,107,73,180
1577,81,88,169
1577,90,71,161
1577,62,59,121
1577,87,101,188
1577,91,55,146
1577,100,95,195
1577,68,55,123
1578,103,87,190
1578,82,65,147
1578,85,55,140
1578,83,92,175
1578,83,121,204
1578,116,97,213
1578,81,53,134
1578,113,135,248
1578,84,84,168
1578,95,95,190
1578,73,86,159
1578,107,108,215
1578,85,75,160
1578,133,117,250
1578,106,79,185
1578,114,79,193
1578,64,59,123
1578,119,132,251
1578,77,79,156
1578,105,73,178
1578,96,100,196
1578,76,89,165
1578,96,74,170
1578,71,61,132
1578,116,87,203
1578,72,57,129
1578,57,61,118
1578,68,59,127
1578,178,166,344
1578,82,65,147
1578,82,65,147
1578,111,93,204
1578,74,60,134
1578,88,67,155
1578,120,97,217
1578,85,55,140
1578,74,86,160
1578,65,87,152
1578,103,87,190
1578,70,55,125
1579,82,89,171
1579,67,54,121
1579,112,78,190
1579,87,55,142
1579,87,55,142
1579,108,74,182
1579,78,73,151
1579,111,131,242
1579,83,52,135
1579,88,83,171
1579,60,86,146
1579,72,84,156
1579,73,56,129
1579,107,84,191
1579,79,63,142
1579,149,182,331
1579,91,84,175
1579,84,89,173
1579,130,116,246
1579,78,73,151
1579,111,93,204
1579,57,59,116
1579,81,115,196
1579,95,68,163
1579,115,95,210
1579,73,84,157
1579,77,58,135
1579,53,88,141
1579,109,101,210
1579,65,56,121
1579,118,85,203
1579,107,99,206
1579,86,65,151
1579,53,88,141
1579,96,75,171
1579,97,103,200
1579,53,88,141
1579,91,84,175
1579,108,98,206
1579,116,135,251
1580,61,59,120
1580,79,70,149
1580,114,125,239
1580,84,54,138
1580,84,54,138
1580,68,88,156
1580,83,94,177
1580,81,107,188
1580,72,83,155
1580,110,95,205
1580,88,55,143
1580,89,81,170
1580,110,116,226
1580,115,118,233
1580,146,182,328
1580,77,63,140
1580,109,85,194
1580,56,58,114
1580,87,91,178
1580,78,63,141
1580,70,56,126
1580,106,99,205
1580,67,77,144
1580,75,72,147
1580,78,64,142
1580,107,125,232
1580,108,74,182
1580,87,110,197
1580,72,58,130
1580,78,63,141
1580,69,103,172
1580,93,85,178
1580,102,113,215
1580,114,88,202
1580,78,63,141
1580,73,57,130
1580,153,123,276
1580,114,79,193
1580,93,85,178
1580,92,65,157
1581,101,111,212
1581,78,63,141
1581,107,103,210
1581,75,63,138
1581,144,172,316
1581,65,56,121
1581,82,88,170
1581,68,71,139
1581,117,125,242
1581,89,70,159
1581,80,78,158
1581,96,77,173
1581,57,58,115
1581,115,77,192
1581,155,126,281
1581,87,80,167
1581,86,106,192
1581,82,81,163
1581,68,87,155
1581,87,66,153
1581,91,94,185
1581,72,67,139
1581,109,126,235
1581,78,52,130
1581,86,112,198
1581,75,57,132
1581,70,56,126
1581,62,63,125
1581,78,52,130
1581,66,89,155
1581,87,126,213
1581,109,95,204
1581,78,63,141
1581,112,116,228
1581,83,104,187
1581,112,86,198
1581,91,54,145
1581,80,78,158
1581,72,84,156
1581,78,63,141
1582,81,78,159
1582,74,89,163
1582,96,76,172
1582,91,82,173
1582,81,94,175
1582,110,104,214
1582,118,77,195
1582,54,94,148
1582,108,93,201
1582,91,82,173
1582,67,53,120
1582,63,58,121
1582,109,117,226
1582,119,134,253
1582,54,94,148
1582,111,86,197
1582,109,101,210
1582,101,115,216
1582,73,61,134
1582,107,100,207
1582,59,68,127
1582,95,74,169
1582,87,102,189
1582,76,54,130
1582,74,92,166
1582,69,55,124
1582,63,87,150
1582,76,64,140
1582,110,123,233
1582,70,86,156
1582,58,53,111
1582,76,54,130
1582,144,175,319
1582,81,80,161
1582,86,108,194
1582,158,123,281
1582,87,67,154
1582,86,54,140
1582,82,86,168
1582,54,94,148
1583,110,111,221
1583,75,55,130
1583,93,83,176
1583,111,111,222
1583,86,109,195
1583,95,56,151
1583,75,53,128
1583,86,66,152
1583,49,84,133
1583,87,114,201
1583,139,159,298
1583,102,113,215
1583,49,84,133
1583,89,67,156
1583,64,69,133
1583,106,98,204
1583,79,59,138
1583,82,63,145
1583,108,120,228
1583,95,56,151
1583,49,84,133
1583,93,83,176
1583,75,90,165
1583,80,86,166
1583,81,80,161
1583,87,92,179
1583,84,99,183
1583,89,75,164
1583,119,98,217
1583,72,85,157
1583,62,75,137
1583,121,144,265
1583,60,93,153
1583,86,72,158
1583,131,145,276
1583,85,102,187
1583,105,70,175
1583,79,91,170
1583,96,99,195
1583,61,50,111
1584,98,100,198
1584,71,85,156
1584,79,57,136
1584,58,93,151
1584,66,80,146
1584,79,85,164
1584,130,101,231
1584,85,74,159
1584,93,63,156
1584,114,130,244
1584,82,82,164
1584,80,65,145
1584,100,112,212
1584,89,55,144
1584,103,109,212
1584,75,83,158
1584,101,84,185
1584,50,85,135
1584,82,82,164
1584,81,82,163
1584,84,99,183
1584,69,100,169
1584,64,78,142
1584,71,91,162
1584,60,54,114
1584,159,121,280
1584,89,55,144
1584,86,102,188
1584,151,130,281
1584,70,53,123
1584,85,104,189
1584,115,120,235
1584,75,83,158
1584,86,65,151
1584,140,159,299
1584,50,85,135
1584,67,70,137
1584,111,101,212
1584,83,63,146
1584,50,85,135
1585,58,85,143
1585,89,75,164
1585,86,108,194
1585,46,82,128
1585,71,81,152
1585,85,53,138
1585,84,82,166
1585,75,90,165
1585,70,86,156
1585,84,66,150
1585,116,78,194
1585,83,82,165
1585,78,68,146
1585,46,82,128
1585,58,79,137
1585,90,81,171
1585,76,56,132
1585,61,72,133
1585,124,152,276
1585,78,91,169
1585,142,121,263
1585,75,90,165
1585,97,90,187
1585,70,55,125
1585,68,89,157
1585,105,106,211
1585,46,82,128
1585,144,106,250
1585,112,104,216
1585,83,127,210
1585,85,53,138
1585,142,168,310
1585,80,90,170
1585,108,107,215
1585,66,61,127
1585,94,67,161
1585,61,56,117
1585,100,111,211
1585,85,82,167
1585,71,102,173
1586,96,69,165
1586,149,121,270
1586,83,83,166
1586,132,100,232
1586,44,73,117
1586,57,87,144
1586,78,82,160
1586,154,130,284
1586,63,78,141
1586,55,60,115
1586,72,100,172
1586,141,155,296
1586,83,77,160
1586,81,88,169
1586,44,73,117
1586,88,54,142
1586,61,57,118
1586,67,55,122
1586,106,111,217
1586,84,83,167
1586,112,98,210
1586,66,65,131
1586,100,70,170
1586,74,83,157
1586,130,104,234
1586,94,68,162
1586,88,54,142
1586,97,74,171
1586,116,79,195
1586,84,70,154
1586,81,55,136
1586,91,78,169
1586,94,78,172
1586,74,83,157
1586,80,121,201
1586,105,100,205
1586,99,99,198
1586,74,83,157
1586,110,84,194
1586,44,73,117
1587,82,51,133
1587,79,80,159
1587,66,60,126
1587,146,174,320
1587,123,105,228
1587,95,68,163
1587,66,54,120
1587,72,102,174
1587,73,89,162
1587,91,100,191
1587,85,65,150
1587,65,87,152
1587,115,79,194
1587,89,80,169
1587,74,85,159
1587,124,154,278
1587,114,96,210
1587,96,73,169
1587,99,66,165
1587,107,103,210
1587,59,87,146
1587,104,100,204
1587,122,97,219
1587,101,88,189
1587,43,71,114
1587,107,109,216
1587,82,51,133
1587,71,67,138
1587,82,56,138
1587,73,89,162
1587,102,85,187
1587,138,120,258
1587,75,78,153
1587,55,59,114
1587,43,71,114
1587,43,71,114
1587,84,75,159
1587,123,98,221
1587,70,56,126
1587,82,90,172
1588,137,120,257
1588,103,100,203
1588,96,68,164
1588,73,89,162
1588,125,99,224
1588,38,60,98
1588,99,75,174
1588,105,109,214
1588,72,103,175
1588,84,79,163
1588,80,54,134
1588,89,76,165
1588,73,89,162
1588,85,100,185
1588,82,68,150
1588,74,58,132
1588,80,50,130
1588,80,50,130
1588,73,87,160
1588,121,102,223
1588,82,92,174
1588,91,101,192
1588,78,80,158
1588,38,60,98
1588,81,127,208
1588,94,113,207
1588,38,60,98
1588,64,85,149
1588,101,82,183
1588,55,59,114
1588,93,61,154
1588,77,77,154
1588,116,97,213
1588,122,152,274
1588,171,161,332
1588,112,105,217
1588,73,92,165
1588,100,69,169
1588,74,59,133
1588,84,65,149
1589,96,74,170
1589,66,59,125
1589,73,93,166
1589,113,113,226
1589,75,104,179
1589,40,60,100
1589,67,90,157
1589,106,127,233
1589,79,50,129
1589,40,60,100
1589,93,106,199
1589,74,107,181
1589,40,60,100
1589,63,69,132
1589,78,77,155
1589,171,160,331
1589,90,66,156
1589,93,81,174
1589,75,95,170
1589,145,122,267
1589,119,96,215
1589,85,77,162
1589,73,93,166
1589,96,68,164
1589,85,102,187
1589,79,50,129
1589,119,112,231
1589,70,51,121
1589,109,100,209
1589,87,75,162
1589,94,104,198
1589,79,85,164
1589,75,59,134
1589,102,69,171
1589,85,102,187
1589,149,131,280
1589,107,103,210
1589,63,81,144
1589,90,68,158
1589,56,58,114
1590,85,99,184
1590,142,130,272
1590,150,155,305
1590,85,89,174
1590,77,51,128
1590,72,89,161
1590,94,68,162
1590,69,80,149
1590,81,83,164
1590,70,100,170
1590,72,84,156
1590,92,82,174
1590,117,111,228
1590,113,95,208
1590,81,67,148
1590,86,76,162
1590,76,106,182
1590,93,107,200
1590,141,120,261
1590,116,117,233
1590,82,90,172
1590,57,66,123
1590,43,61,104
1590,75,96,171
1590,43,61,104
1590,106,101,207
1590,43,61,104
1590,105,125,230
1590,79,74,153
1590,77,61,138
1590,78,82,160
1590,77,51,128
1590,74,53,127
1590,65,70,135
1590,116,102,218
1590,63,80,143
1590,63,100,163
1590,69,80,149
1590,93,74,167
1590,82,63,145
1591,58,90,148
1591,149,128,277
1591,150,154,304
1591,84,89,173
1591,71,81,152
1591,93,69,162
1591,101,63,164
1591,93,85,178
1591,124,111,235
1591,117,96,213
1591,79,87,166
1591,110,76,186
1591,75,63,138
1591,65,80,145
1591,85,71,156
1591,59,73,132
1591,72,79,151
1591,72,87,159
1591,73,51,124
1591,126,141,267
1591,99,80,179
1591,72,79,151
1591,120,130,250
1591,78,84,162
1591,54,56,110
1591,47,63,110
1591,67,83,150
1591,78,118,196
1591,86,117,203
1591,47,63,110
1591,126,97,223
1591,81,87,168
1591,75,58,133
1591,78,82,160
1591,82,53,135
1591,47,63,110
1591,80,67,147
1591,112,85,197
1591,82,53,135
1591,121,104,225
1592,79,81,160
1592,79,120,199
1592,43,61,104
1592,61,77,138
1592,103,74,177
1592,85,107,192
1592,128,112,240
1592,110,85,195
1592,111,92,203
1592,125,98,223
1592,43,61,104
1592,73,83,156
1592,66,62,128
1592,82,84,166
1592,80,89,169
1592,83,69,152
1592,67,73,140
1592,75,60,135
1592,75,85,160
1592,68,50,118
1592,143,109,252
1592,66,86,152
1592,99,86,185
1592,141,126,267
1592,81,51,132
1592,73,94,167
1592,79,106,185
1592,73,94,167
1592,143,154,297
1592,81,51,132
1592,130,104,234
1592,81,87,168
1592,58,90,148
1592,90,64,154
1592,55,55,110
1592,104,89,193
1592,43,61,104
1592,85,67,152
1592,125,134,259
1592,103,72,175
1593,74,97,171
1593,64,64,128
1593,128,112,240
1593,105,73,178
1593,64,46,110
1593,137,124,261
1593,105,84,189
1593,117,103,220
1593,151,182,333
1593,87,53,140
1593,66,67,133
1593,126,128,254
1593,61,79,140
1593,76,92,168
1593,87,53,140
1593,116,88,204
1593,105,86,191
1593,74,104,178
1593,115,97,212
1593,84,71,155
1593,118,95,213
1593,56,59,115
1593,87,113,200
1593,81,92,173
1593,74,95,169
1593,43,61,104
1593,43,61,104
1593,80,107,187
1593,74,95,169
1593,98,73,171
1593,43,61,104
1593,79,125,204
1593,80,84,164
1593,57,90,147
1593,76,60,136
1593,87,82,169
1593,66,84,150
1593,117,101,218
1593,72,98,170
1593,82,89,171
1594,56,62,118
1594,80,104,184
1594,91,55,146
1594,76,82,158
1594,60,99,159
1594,181,169,350
1594,74,92,166
1594,75,105,180
1594,105,85,190
1594,91,55,146
1594,42,61,103
1594,72,50,122
1594,82,82,164
1594,74,59,133
1594,74,105,179
1594,81,87,168
1594,107,85,192
1594,42,61,103
1594,127,100,227
1594,84,106,190
1594,42,61,103
1594,61,79,140
1594,86,113,199
1594,130,107,237
1594,127,140,267
1594,78,123,201
1594,133,124,257
1594,82,67,149
1594,63,68,131
1594,82,76,158
1594,120,109,229
1594,77,89,166
1594,72,93,165
1594,75,105,180
1594,120,99,219
1594,98,71,169
1594,108,76,184
1594,67,70,137
1594,108,99,207
1594,66,85,151
1595,54,58,112
1595,107,82,189
1595,41,63,104
1595,86,94,180
1595,76,91,167
1595,101,74,175
1595,68,86,154
1595,57,71,128
1595,104,126,230
1595,110,86,196
1595,128,124,252
1595,67,74,141
1595,86,57,143
1595,84,52,136
1595,144,113,257
1595,93,109,202
1595,118,99,217
1595,111,102,213
1595,113,90,203
1595,73,102,175
1595,115,111,226
1595,62,59,121
1595,70,99,169
1595,106,103,209
1595,84,52,136
1595,62,87,149
1595,41,63,104
1595,74,97,171
1595,124,136,260
1595,72,59,131
1595,175,169,344
1595,73,102,175
1595,87,112,199
1595,104,73,177
1595,41,63,104
1595,83,80,163
1595,73,96,169
1595,78,67,145
1595,94,74,168
1595,83,92,175
1596,70,75,145
1596,118,97,215
1596,73,94,167
1596,106,105,211
1596,65,83,148
1596,45,61,106
1596,96,81,177
1596,104,108,212
1596,93,71,164
1596,122,131,253
1596,104,86,190
1596,81,57,138
1596,45,61,106
1596,104,82,186
1596,81,94,175
1596,83,55,138
1596,81,79,160
1596,98,76,174
1596,76,114,190
1596,45,61,106
1596,168,170,338
1596,77,61,138
1596,75,89,164
1596,76,114,190
1596,81,88,169
1596,74,93,167
1596,95,67,162
1596,94,69,163
1596,101,115,216
1596,81,57,138
1596,131,124,255
1596,121,105,226
1596,93,71,164
1596,143,110,253
1596,114,88,202
1596,61,51,112
1596,55,54,109
1596,59,73,132
1596,86,109,195
1596,57,90,147
1597,53,63,116
1597,123,106,229
1597,81,87,168
1597,74,61,135
1597,77,79,156
1597,72,102,174
1597,112,111,223
1597,74,65,139
1597,83,86,169
1597,101,111,212
1597,79,50,129
1597,86,57,143
1597,121,118,239
1597,148,115,263
1597,85,109,194
1597,53,63,116
1597,67,53,120
1597,73,107,180
1597,75,85,160
1597,111,88,199
1597,175,173,348
1597,72,98,170
1597,72,107,179
1597,102,84,186
1597,60,77,137
1597,71,81,152
1597,92,68,160
1597,103,120,223
1597,56,57,113
1597,79,50,129
1597,53,63,116
1597,74,89,163
1597,92,66,158
1597,130,123,253
1597,99,105,204
1597,83,99,182
1597,71,99,170
1597,108,83,191
1597,72,107,179
1597,64,102,166
1598,71,100,171
1598,79,88,167
1598,124,125,249
1598,83,103,186
1598,100,112,212
1598,106,82,188
1598,89,82,171
1598,79,51,130
1598,85,56,141
1598,97,68,165
1598,69,89,158
1598,74,88,162
1598,74,59,133
1598,53,63,116
1598,95,70,165
1598,71,100,171
1598,80,85,165
1598,74,86,160
1598,160,166,326
1598,106,68,174
1598,120,117,237
1598,141,109,250
1598,73,117,190
1598,65,66,131
1598,53,63,116
1598,53,63,116
1598,103,121,224
1598,105,86,191
1598,79,51,130
1598,65,108,173
1598,90,102,192
1598,89,67,156
1598,73,105,178
1598,70,102,172
1598,63,51,114
1598,104,115,219
1598,121,135,256
1598,57,64,121
1598,61,82,143
1598,86,116,202
1599,122,121,243
1599,103,91,194
1599,136,108,244
1599,94,71,165
1599,64,101,165
1599,80,82,162
1599,102,114,216
1599,50,62,112
1599,57,67,124
1599,50,62,112
1599,73,82,155
1599,50,62,112
1599,103,91,194
1599,100,80,180
1599,87,118,205
1599,104,104,208
1599,91,68,159
1599,79,51,130
1599,103,112,215
1599,119,127,246
1599,101,64,165
1599,89,96,185
1599,88,58,146
1599,79,51,130
1599,85,82,167
1599,92,81,173
1599,127,124,251
1599,92,112,204
1599,72,105,177
1599,170,169,339
1599,67,92,159
1599,69,56,125
1599,71,77,148
1599,60,88,148
1599,77,98,175
1599,84,107,191
1599,66,88,154
1599,107,128,235
1599,61,52,113
1599,103,71,174
1600,84,106,190
1600,143,109,252
1600,121,134,255
1600,91,113,204
1600,100,104,204
1600,113,110,223
1600,85,86,171
1600,65,61,126
1600,67,90,157
1600,95,87,182
1600,81,57,138
1600,59,88,147
1600,102,77,179
1600,74,103,177
1600,85,63,148
1600,49,62,111
1600,98,105,203
1600,74,54,128
1600,49,62,111
1600,119,126,245
1600,84,75,159
1600,79,82,161
1600,95,87,182
1600,90,58,148
1600,78,107,185
1600,84,105,189
1600,49,62,111
1600,63,56,119
1600,81,57,138
1600,112,72,184
1600,71,97,168
1600,86,66,152
1600,154,165,319
1600,65,79,144
1600,73,83,156
1600,82,83,165
1600,57,62,119
1600,96,100,196
1600,126,125,251
1600,99,63,162
1601,85,85,170
1601,93,117,210
1601,82,60,142
1601,83,98,181
1601,87,111,198
1601,70,99,169
1601,91,62,153
1601,67,58,125
1601,117,120,237
1601,163,167,330
1601,54,65,119
1601,58,67,125
1601,76,105,181
1601,86,85,171
1601,93,68,161
1601,66,87,153
1601,79,111,190
1601,85,85,170
1601,76,86,162
1601,93,75,168
1601,80,85,165
1601,151,114,265
1601,116,114,230
1601,79,52,131
1601,69,72,141
1601,62,84,146
1601,54,65,119
1601,118,111,229
1601,76,89,165
1601,54,65,119
1601,86,56,142
1601,79,52,131
1601,105,124,229
1601,99,93,192
1601,61,60,121
1601,70,53,123
1601,86,84,170
1601,133,107,240
1601,80,85,165
1601,83,100,183
1602,115,131,246
1602,87,113,200
1602,96,71,167
1602,74,87,161
1602,83,83,166
1602,78,104,182
1602,161,166,327
1602,54,65,119
1602,80,52,132
1602,126,105,231
1602,78,104,182
1602,72,73,145
1602,66,57,123
1602,74,77,151
1602,89,57,146
1602,91,69,160
1602,75,87,162
1602,66,89,155
1602,103,96,199
1602,88,108,196
1602,74,55,129
1602,75,85,160
1602,74,95,169
1602,61,58,119
1602,54,65,119
1602,75,85,160
1602,76,99,175
1602,54,65,119
1602,123,116,239
1602,102,128,230
1602,80,52,132
1602,89,85,174
1602,123,138,261
1602,78,59,137
1602,76,86,162
1602,85,104,189
1602,97,65,162
1602,121,108,229
1602,56,60,116
1602,80,87,167
1603,94,116,210
1603,88,58,146
1603,129,105,234
1603,65,57,122
1603,90,55,145
1603,69,84,153
1603,117,115,232
1603,64,87,151
1603,69,84,153
1603,77,105,182
1603,89,80,169
1603,79,83,162
1603,88,86,174
1603,100,111,211
1603,129,105,234
1603,52,64,116
1603,75,79,154
1603,75,80,155
1603,77,99,176
1603,156,190,346
1603,114,142,256
1603,66,51,117
1603,87,79,166
1603,64,55,119
1603,90,55,145
1603,105,94,199
1603,77,106,183
1603,52,64,116
1603,76,100,176
1603,74,75,149
1603,74,87,161
1603,88,115,203
1603,66,89,155
1603,71,75,146
1603,56,55,111
1603,101,72,173
1603,128,106,234
1603,86,107,193
1603,62,57,119
1603,52,64,116
1604,91,96,187
1604,115,143,258
1604,77,94,171
1604,176,171,347
1604,78,102,180
1604,71,74,145
1604,65,83,148
1604,111,101,212
1604,76,82,158
1604,105,85,190
1604,74,88,162
1604,102,118,220
1604,107,86,193
1604,76,101,177
1604,73,58,131
1604,67,94,161
1604,68,82,150
1604,72,71,143
1604,62,57,119
1604,78,105,183
1604,45,61,106
1604,83,55,138
1604,92,125,217
1604,80,79,159
1604,92,86,178
1604,45,61,106
1604,137,108,245
1604,90,55,145
1604,99,92,191
1604,68,82,150
1604,90,55,145
1604,129,106,235
1604,45,61,106
1604,112,77,189
1604,116,112,228
1604,77,56,133
1604,83,90,173
1604,64,56,120
1604,64,65,129
1604,72,96,168
1605,48,63,111
1605,78,91,169
1605,66,91,157
1605,48,63,111
1605,84,99,183
1605,102,94,196
1605,113,100,213
1605,66,83,149
1605,64,58,122
1605,66,83,149
1605,79,110,189
1605,81,55,136
1605,90,61,151
1605,93,105,198
1605,79,59,138
1605,109,112,221
1605,115,149,264
1605,60,58,118
1605,185,174,359
1605,120,117,237
1605,73,76,149
1605,94,86,180
1605,72,77,149
1605,101,109,210
1605,113,87,200
1605,80,80,160
1605,63,56,119
1605,76,99,175
1605,94,56,150
1605,94,56,150
1605,65,79,144
1605,142,109,251
1605,76,95,171
1605,72,79,151
1605,48,63,111
1605,86,78,164
1605,84,99,183
1605,90,121,211
1605,88,92,180
1605,102,86,188
1606,86,77,163
1606,106,102,208
1606,109,123,232
1606,124,140,264
1606,71,56,127
1606,105,88,193
1606,103,94,197
1606,92,100,192
1606,142,130,272
1606,75,89,164
1606,104,60,164
1606,79,58,137
1606,92,62,154
1606,78,78,156
1606,89,85,174
1606,77,81,158
1606,63,56,119
1606,57,61,118
1606,83,97,180
1606,82,100,182
1606,47,62,109
1606,104,60,164
1606,80,88,168
1606,66,89,155
1606,47,62,109
1606,98,100,198
1606,87,107,194
1606,59,86,145
1606,47,62,109
1606,76,53,129
1606,151,189,340
1606,73,93,166
1606,64,79,143
1606,75,100,175
1606,98,104,202
1606,122,116,238
1606,72,78,150
1606,59,86,145
1606,107,68,175
1606,107,82,189
1607,95,87,182
1607,75,97,172
1607,96,80,176
1607,49,62,111
1607,88,60,148
1607,57,87,144
1607,76,57,133
1607,98,94,192
1607,49,62,111
1607,79,54,133
1607,57,87,144
1607,115,136,251
1607,78,82,160
1607,105,103,208
1607,75,88,163
1607,75,83,158
1607,90,78,168
1607,107,97,204
1607,125,133,258
1607,121,117,238
1607,75,56,131
1607,85,106,191
1607,100,93,193
1607,66,90,156
1607,106,87,193
1607,76,84,160
1607,63,74,137
1607,72,81,153
1607,56,59,115
1607,149,172,321
1607,86,99,185
1607,92,103,195
1607,73,82,155
1607,49,62,111
1607,104,59,163
1607,62,56,118
1607,73,85,158
1607,92,97,189
1607,104,59,163
1607,112,146,258
1608,67,92,159
1608,124,131,255
1608,60,55,115
1608,80,92,172
1608,64,83,147
1608,99,89,188
1608,89,85,174
1608,57,57,114
1608,128,105,233
1608,73,90,163
1608,64,76,140
1608,61,84,145
1608,46,62,108
1608,46,62,108
1608,79,85,164
1608,83,93,176
1608,74,80,154
1608,82,56,138
1608,82,98,180
1608,123,126,249
1608,88,95,183
1608,94,80,174
1608,46,62,108
1608,76,88,164
1608,61,84,145
1608,69,55,124
1608,140,128,268
1608,96,61,157
1608,145,126,271
1608,149,172,321
1608,104,58,162
1608,104,58,162
1608,109,111,220
1608,69,73,142
1608,100,80,180
1608,100,87,187
1608,83,123,206
1608,90,101,191
1608,84,59,143
1608,74,80,154
1609,85,57,142
1609,69,55,124
1609,74,91,165
1609,100,99,199
1609,74,83,157
1609,80,134,214
1609,67,94,161
1609,99,81,180
1609,77,90,167
1609,86,94,180
1609,60,55,115
1609,138,128,266
1609,49,62,111
1609,88,59,147
1609,74,88,162
1609,73,83,156
1609,62,91,153
1609,83,120,203
1609,100,82,182
1609,49,62,111
1609,81,92,173
1609,94,85,179
1609,69,70,139
1609,103,58,161
1609,119,123,242
1609,49,62,111
1609,124,104,228
1609,107,131,238
1609,62,91,153
1609,152,181,333
1609,56,56,112
1609,138,124,262
1609,69,87,156
1609,122,121,243
1609,77,96,173
1609,78,57,135
1609,102,99,201
1609,103,58,161
1609,81,90,171
1609,116,87,203
1610,79,100,179
1610,73,81,154
1610,113,88,201
1610,131,125,256
1610,154,187,341
1610,71,90,161
1610,80,85,165
1610,57,55,112
1610,107,107,214
1610,76,81,157
1610,100,58,158
1610,74,89,163
1610,83,59,142
1610,79,58,137
1610,60,82,142
1610,62,89,151
1610,126,139,265
1610,122,115,237
1610,68,69,137
1610,85,81,166
1610,43,60,103
1610,119,102,221
1610,81,96,177
1610,103,118,221
1610,125,121,246
1610,114,102,216
1610,43,60,103
1610,100,58,158
1610,105,83,188
1610,72,54,126
1610,99,99,198
1610,67,58,125
1610,69,98,167
1610,43,60,103
1610,82,116,198
1610,79,87,166
1610,62,89,151
1610,88,57,145
1610,86,87,173
1610,92,78,170
1611,68,58,126
1611,61,85,146
1611,96,79,175
1611,98,57,155
1611,84,92,176
1611,110,82,192
1611,99,114,213
1611,70,75,145
1611,61,85,146
1611,144,130,274
1611,76,91,167
1611,156,196,352
1611,72,76,148
1611,87,76,163
1611,111,97,208
1611,76,57,133
1611,66,54,120
1611,58,60,118
1611,136,125,261
1611,150,115,265
1611,82,82,164
1611,44,61,105
1611,81,98,179
1611,105,98,203
1611,99,96,195
1611,68,97,165
1611,44,61,105
1611,69,86,155
1611,44,61,105
1611,73,110,183
1611,111,88,199
1611,138,105,243
1611,123,120,243
1611,72,87,159
1611,89,58,147
1611,80,59,139
1611,72,97,169
1611,76,80,156
1611,78,85,163
1611,98,57,155
1612,108,90,198
1612,71,75,146
1612,89,59,148
1612,73,88,161
1612,67,63,130
1612,101,80,181
1612,80,96,176
1612,87,79,166
1612,80,87,167
1612,61,55,116
1612,131,128,259
1612,66,81,147
1612,177,173,350
1612,45,60,105
1612,84,106,190
1612,61,64,125
1612,71,94,165
1612,101,123,224
1612,129,101,230
1612,101,103,204
1612,91,58,149
1612,95,96,191
1612,74,87,161
1612,66,81,147
1612,70,55,125
1612,89,54,143
1612,76,87,163
1612,111,97,208
1612,68,98,166
1612,120,120,240
1612,66,53,119
1612,109,84,193
1612,104,105,209
1612,45,60,105
1612,80,75,155
1612,122,121,243
1612,89,54,143
1612,153,112,265
1612,83,81,164
1613,70,94,164
1613,150,117,267
1613,79,88,167
1613,62,72,134
1613,72,83,155
1613,45,61,106
1613,115,101,216
1613,130,106,236
1613,45,61,106
1613,98,98,196
1613,69,96,165
1613,91,58,149
1613,95,95,190
1613,64,53,117
1613,73,84,157
1613,72,86,158
1613,82,80,162
1613,155,195,350
1613,69,54,123
1613,78,74,152
1613,123,122,245
1613,104,82,186
1613,91,65,156
1613,74,91,165
1613,92,77,169
1613,79,125,204
1613,93,97,190
1613,69,70,139
1613,76,87,163
1613,96,59,155
1613,88,60,148
1613,96,59,155
1613,61,55,116
1613,79,85,164
1613,123,125,248
1613,114,91,205
1613,83,118,201
1613,118,120,238
1613,72,83,155
1614,105,82,187
1614,57,54,111
1614,62,75,137
1614,96,105,201
1614,120,130,250
1614,99,106,205
1614,68,95,163
1614,125,102,227
1614,44,60,104
1614,59,83,142
1614,74,63,137
1614,67,69,136
1614,89,94,183
1614,74,88,162
1614,84,111,195
1614,80,86,166
1614,121,134,255
1614,81,113,194
1614,74,74,148
1614,91,61,152
1614,93,100,193
1614,63,56,119
1614,122,122,244
1614,100,59,159
1614,93,78,171
1614,73,78,151
1614,100,59,159
1614,79,85,164
1614,72,93,165
1614,148,182,330
1614,124,128,252
1614,92,58,150
1614,72,81,153
1614,44,60,104
1614,71,56,127
1614,79,85,164
1614,72,96,168
1614,116,99,215
1614,72,81,153
1615,92,56,148
1615,81,89,170
1615,43,60,103
1615,83,106,189
1615,76,98,174
1615,80,114,194
1615,76,73,149
1615,124,124,248
1615,87,65,152
1615,60,56,116
1615,97,102,199
1615,62,73,135
1615,71,86,157
1615,80,83,163
1615,67,73,140
1615,114,109,223
1615,100,80,180
1615,82,87,169
1615,43,60,103
1615,133,103,236
1615,80,83,163
1615,86,96,182
1615,102,61,163
1615,72,74,146
1615,88,77,165
1615,112,99,211
1615,102,61,163
1615,61,55,116
1615,76,84,160
1615,124,119,243
1615,96,105,201
1615,118,123,241
1615,184,174,358
1615,73,88,161
1615,66,60,126
1615,70,99,169
1615,84,61,145
1615,75,74,149
1615,70,54,124
1616,111,105,216
1616,101,59,160
1616,74,91,165
1616,81,108,189
1616,72,84,156
1616,45,60,105
1616,67,79,146
1616,101,59,160
1616,75,73,148
1616,118,124,242
1616,94,92,186
1616,75,69,144
1616,86,77,163
1616,89,60,149
1616,93,92,185
1616,97,69,166
1616,65,55,120
1616,124,123,247
1616,79,97,176
1616,91,77,168
1616,151,184,335
1616,81,95,176
1616,116,119,235
1616,122,84,206
1616,45,60,105
1616,59,65,124
1616,116,100,216
1616,59,55,114
1616,67,79,146
1616,67,72,139
1616,72,105,177
1616,89,103,192
1616,72,73,145
1616,82,86,168
1616,64,52,116
1616,90,57,147
1616,70,55,125
1616,126,103,229
1616,99,100,199
1617,82,90,172
1617,73,96,169
1617,88,101,189
1617,45,66,111
1617,152,186,338
1617,91,62,153
1617,118,104,222
1617,95,89,184
1617,98,95,193
1617,67,52,119
1617,99,77,176
1617,82,95,177
1617,100,81,181
1617,71,79,150
1617,104,61,165
1617,76,74,150
1617,88,101,189
1617,105,128,233
1617,45,66,111
1617,82,54,136
1617,72,86,158
1617,65,52,117
1617,129,105,234
1617,73,94,167
1617,104,61,165
1617,110,82,192
1617,124,123,247
1617,58,60,118
1617,120,123,243
1617,93,93,186
1617,72,82,154
1617,71,68,139
1617,80,103,183
1617,67,54,121
1617,91,79,170
1617,72,82,154
1617,77,79,156
1617,124,127,251
1617,64,56,120
1618,60,83,143
1618,44,69,113
1618,58,59,117
1618,83,93,176
1618,60,83,143
1618,80,97,177
1618,73,91,164
1618,91,76,167
1618,98,60,158
1618,129,122,251
1618,85,94,179
1618,44,69,113
1618,76,93,169
1618,98,60,158
1618,87,102,189
1618,102,119,221
1618,74,77,151
1618,66,58,124
1618,129,105,234
1618,149,181,330
1618,74,92,166
1618,93,75,168
1618,98,77,175
1618,83,92,175
1618,69,67,136
1618,53,49,102
1618,67,54,121
1618,102,81,183
1618,100,103,203
1618,77,77,154
1618,74,93,167
1618,78,120,198
1618,124,122,246
1618,110,102,212
1618,66,109,175
1618,95,63,158
1618,81,55,136
1618,113,122,235
1618,64,54,118
1619,120,111,231
1619,82,61,143
1619,62,100,162
1619,46,71,117
1619,119,125,244
1619,82,100,182
1619,70,102,172
1619,72,76,148
1619,92,76,168
1619,100,106,206
1619,46,71,117
1619,67,69,136
1619,128,123,251
1619,52,48,100
1619,150,181,331
1619,80,80,160
1619,75,67,142
1619,94,77,171
1619,77,80,157
1619,72,90,162
1619,118,109,227
1619,73,57,130
1619,76,98,174
1619,86,100,186
1619,69,59,128
1619,103,68,171
1619,71,109,180
1619,59,81,140
1619,73,94,167
1619,100,60,160
1619,100,60,160
1619,104,125,229
1619,111,128,239
1619,81,99,180
1619,82,56,138
1619,75,91,166
1619,59,60,119
1619,87,103,190
1619,62,100,162
1620,76,89,165
1620,69,59,128
1620,91,77,168
1620,79,108,187
1620,101,113,214
1620,108,117,225
1620,83,76,159
1620,80,78,158
1620,72,102,174
1620,81,93,174
1620,100,60,160
1620,99,97,196
1620,88,101,189
1620,72,103,175
1620,114,123,237
1620,130,144,274
1620,49,54,103
1620,73,67,140
1620,81,60,141
1620,71,71,142
1620,46,68,114
1620,94,65,159
1620,100,60,160
1620,80,54,134
1620,83,81,164
1620,77,91,168
1620,56,57,113
1620,62,98,160
1620,46,68,114
1620,74,90,164
1620,78,87,165
1620,68,78,146
1620,128,106,234
1620,62,98,160
1620,116,120,236
1620,66,72,138
1620,67,70,137
1620,98,68,166
1620,148,176,324
1621,72,64,136
1621,70,68,138
1621,72,88,160
1621,58,56,114
1621,78,82,160
1621,81,89,170
1621,67,120,187
1621,99,79,178
1621,107,61,168
1621,66,75,141
1621,73,52,125
1621,86,93,179
1621,107,103,210
1621,102,98,200
1621,73,92,165
1621,96,76,172
1621,82,62,144
1621,68,78,146
1621,127,120,247
1621,104,120,224
1621,150,171,321
1621,49,56,105
1621,84,88,172
1621,72,85,157
1621,93,79,172
1621,133,102,235
1621,76,83,159
1621,125,128,253
1621,67,120,187
1621,124,135,259
1621,68,59,127
1621,44,64,108
1621,94,74,168
1621,107,61,168
1621,44,64,108
1621,80,85,165
1621,119,137,256
1621,66,65,131
1621,85,95,180
1622,76,84,160
1622,110,62,172
1622,80,85,165
1622,70,69,139
1622,120,111,231
1622,95,78,173
1622,104,118,222
1622,84,87,171
1622,79,61,140
1622,45,68,113
1622,58,80,138
1622,67,118,185
1622,71,83,154
1622,83,94,177
1622,102,112,214
1622,146,112,258
1622,73,84,157
1622,71,84,155
1622,122,133,255
1622,45,68,113
1622,92,74,166
1622,58,62,120
1622,78,80,158
1622,107,78,185
1622,89,87,176
1622,67,118,185
1622,102,99,201
1622,110,62,172
1622,150,178,328
1622,81,55,136
1622,80,67,147
1622,51,60,111
1622,67,58,125
1622,74,107,181
1622,122,125,247
1622,69,78,147
1622,78,105,183
1622,69,72,141
1622,95,98,193
1623,117,119,236
1623,71,80,151
1623,98,106,204
1623,113,63,176
1623,46,71,117
1623,46,71,117
1623,99,99,198
1623,60,69,129
1623,74,74,148
1623,74,59,133
1623,90,58,148
1623,100,102,202
1623,78,90,168
1623,90,94,184
1623,86,91,177
1623,69,81,150
1623,97,87,184
1623,89,68,157
1623,115,124,239
1623,154,181,335
1623,61,82,143
1623,105,122,227
1623,122,124,246
1623,101,93,194
1623,88,101,189
1623,80,84,164
1623,69,77,146
1623,119,134,253
1623,101,79,180
1623,66,57,123
1623,78,106,184
1623,78,67,145
1623,94,79,173
1623,73,84,157
1623,79,75,154
1623,113,63,176
1623,51,62,113
1623,90,94,184
1623,69,76,145
1624,155,185,340
1624,83,67,150
1624,59,79,138
1624,117,92,209
1624,77,57,134
1624,50,62,112
1624,112,128,240
1624,88,56,144
1624,87,84,171
1624,78,109,187
1624,80,126,206
1624,121,120,241
1624,71,71,142
1624,81,75,156
1624,95,97,192
1624,68,57,125
1624,69,76,145
1624,78,83,161
1624,95,93,188
1624,117,126,243
1624,78,88,166
1624,46,72,118
1624,90,94,184
1624,88,92,180
1624,68,65,133
1624,57,56,113
1624,106,120,226
1624,84,85,169
1624,46,72,118
1624,81,70,151
1624,78,83,161
1624,111,79,190
1624,107,61,168
1624,90,94,184
1624,70,80,150
1624,107,61,168
1624,70,88,158
1624,127,119,246
1624,99,81,180
1625,70,66,136
1625,100,97,197
1625,75,76,151
1625,124,121,245
1625,86,90,176
1625,112,128,240
1625,68,76,144
1625,77,104,181
1625,50,54,104
1625,104,78,182
1625,99,97,196
1625,120,91,211
1625,113,62,175
1625,82,82,164
1625,116,125,241
1625,113,62,175
1625,91,90,181
1625,57,57,114
1625,78,108,186
1625,84,56,140
1625,64,58,122
1625,149,173,322
1625,104,118,222
1625,46,69,115
1625,95,82,177
1625,80,83,163
1625,91,90,181
1625,80,58,138
1625,95,93,188
1625,46,69,115
1625,68,84,152
1625,121,118,239
1625,68,71,139
1625,79,68,147
1625,66,68,134
1625,78,99,177
1625,63,77,140
1625,78,81,159
1625,76,63,139
1626,93,97,190
1626,101,97,198
1626,106,60,166
1626,77,114,191
1626,50,57,107
1626,111,128,239
1626,46,68,114
1626,86,57,143
1626,78,103,181
1626,144,159,303
1626,117,132,249
1626,77,78,155
1626,46,68,114
1626,67,65,132
1626,92,75,167
1626,79,64,143
1626,89,74,163
1626,103,91,194
1626,73,84,157
1626,82,81,163
1626,80,81,161
1626,120,108,228
1626,97,96,193
1626,57,58,115
1626,106,60,166
1626,65,74,139
1626,81,90,171
1626,81,90,171
1626,75,74,149
1626,67,56,123
1626,60,56,116
1626,97,81,178
1626,63,62,125
1626,85,86,171
1626,71,71,142
1626,105,124,229
1626,60,81,141
1626,123,121,244
1626,82,102,184
1627,72,70,142
1627,79,90,169
1627,102,79,181
1627,75,63,138
1627,94,75,169
1627,46,75,121
1627,65,65,130
1627,79,78,157
1627,122,115,237
1627,79,90,169
1627,60,56,116
1627,158,192,350
1627,114,118,232
1627,89,102,191
1627,122,98,220
1627,108,60,168
1627,82,83,165
1627,133,122,255
1627,65,66,131
1627,73,100,173
1627,102,83,185
1627,64,64,128
1627,95,96,191
1627,74,74,148
1627,113,131,244
1627,108,106,214
1627,94,58,152
1627,64,73,137
1627,110,104,214
1627,60,56,116
1627,49,55,104
1627,61,83,144
1627,80,86,166
1627,82,106,188
1627,46,75,121
1627,77,103,180
1627,108,60,168
1627,76,95,171
1627,103,96,199
1628,61,60,121
1628,66,78,144
1628,111,103,214
1628,80,84,164
1628,90,69,159
1628,79,96,175
1628,100,77,177
1628,104,83,187
1628,107,59,166
1628,79,76,155
1628,59,56,115
1628,105,79,184
1628,74,90,164
1628,76,97,173
1628,47,74,121
1628,107,59,166
1628,67,58,125
1628,63,87,150
1628,103,96,199
1628,153,192,345
1628,91,112,203
1628,83,111,194
1628,110,96,206
1628,72,67,139
1628,141,125,266
1628,65,58,123
1628,78,80,158
1628,49,53,102
1628,84,93,177
1628,68,89,157
1628,114,116,230
1628,85,82,167
1628,124,127,251
1628,115,131,246
1628,84,55,139
1628,61,60,121
1628,47,74,121
1628,107,105,212
1628,68,89,157
1629,58,55,113
1629,101,57,158
1629,91,98,189
1629,90,80,170
1629,62,57,119
1629,118,141,259
1629,77,81,158
1629,142,113,255
1629,47,74,121
1629,79,54,133
1629,108,95,203
1629,139,124,263
1629,56,55,111
1629,82,74,156
1629,63,86,149
1629,111,98,209
1629,123,126,249
1629,83,70,153
1629,90,105,195
1629,50,54,104
1629,69,89,158
1629,92,97,189
1629,110,113,223
1629,47,74,121
1629,69,89,158
1629,83,87,170
1629,115,105,220
1629,106,83,189
1629,90,69,159
1629,101,57,158
1629,81,91,172
1629,146,162,308
1629,71,95,166
1629,74,91,165
1629,108,81,189
1629,75,98,173
1629,66,80,146
1629,66,63,129
1629,62,61,123
1630,90,106,196
1630,118,142,260
1630,79,82,161
1630,82,82,164
1630,112,117,229
1630,82,88,170
1630,76,101,177
1630,102,92,194
1630,149,158,307
1630,86,94,180
1630,123,120,243
1630,83,71,154
1630,48,52,100
1630,76,91,167
1630,103,101,204
1630,47,71,118
1630,93,69,162
1630,112,103,215
1630,102,83,185
1630,106,98,204
1630,92,54,146
1630,72,101,173
1630,59,58,117
1630,74,90,164
1630,66,97,163
1630,66,81,147
1630,66,59,125
1630,54,54,108
1630,86,77,163
1630,47,71,118
1630,81,88,169
1630,76,91,167
1630,85,56,141
1630,62,60,122
1630,63,60,123
1630,143,123,266
1630,120,132,252
1630,97,78,175
1630,92,54,146
1631,92,58,150
1631,106,103,209
1631,92,86,178
1631,121,109,230
1631,75,70,145
1631,79,91,170
1631,49,75,124
1631,119,104,223
1631,92,76,168
1631,52,53,105
1631,88,107,195
1631,85,77,162
1631,65,64,129
1631,63,58,121
1631,124,146,270
1631,92,81,173
1631,59,58,117
1631,85,97,182
1631,98,93,191
1631,79,91,170
1631,89,52,141
1631,102,94,196
1631,122,140,262
1631,77,99,176
1631,104,97,201
1631,73,90,163
1631,51,57,108
1631,89,52,141
1631,66,79,145
1631,120,142,262
1631,66,97,163
1631,66,54,120
1631,87,67,154
1631,81,83,164
1631,80,80,160
1631,49,75,124
1631,77,120,197
1631,148,166,314
1631,70,94,164
1632,66,95,161
1632,81,89,170
1632,115,102,217
1632,82,50,132
1632,92,69,161
1632,60,59,119
1632,76,96,172
1632,117,103,220
1632,146,162,308
1632,119,136,255
1632,105,94,199
1632,70,81,151
1632,151,126,277
1632,88,76,164
1632,62,62,124
1632,67,66,133
1632,60,60,120
1632,76,89,165
1632,82,50,132
1632,81,76,157
1632,64,65,129
1632,51,81,132
1632,81,79,160
1632,76,89,165
1632,86,105,191
1632,77,118,195
1632,122,116,238
1632,76,112,188
1632,51,53,104
1632,53,59,112
1632,79,68,147
1632,123,154,277
1632,89,109,198
1632,91,59,150
1632,106,93,199
1632,81,75,156
1632,51,81,132
1632,70,90,160
1632,82,82,164
1633,72,87,159
1633,135,122,257
1633,150,132,282
1633,89,76,165
1633,62,61,123
1633,53,60,113
1633,52,56,108
1633,97,69,166
1633,71,59,130
1633,148,161,309
1633,64,62,126
1633,66,96,162
1633,67,66,133
1633,72,88,160
1633,75,111,186
1633,52,81,133
1633,83,51,134
1633,104,91,195
1633,72,88,160
1633,122,122,244
1633,72,83,155
1633,88,102,190
1633,80,84,164
1633,89,86,175
1633,105,97,202
1633,76,67,143
1633,60,62,122
1633,83,51,134
1633,88,111,199
1633,52,81,133
1633,88,58,146
1633,72,98,170
1633,98,95,193
1633,119,140,259
1633,110,86,196
1633,77,74,151
1633,79,110,189
1633,85,102,187
1633,102,93,195
1634,121,129,250
1634,101,72,173
1634,94,96,190
1634,108,98,206
1634,72,87,159
1634,51,81,132
1634,71,83,154
1634,56,64,120
1634,89,54,143
1634,63,60,123
1634,78,90,168
1634,64,72,136
1634,71,71,142
1634,51,81,132
1634,90,78,168
1634,106,94,200
1634,65,93,158
1634,80,88,168
1634,80,77,157
1634,91,85,176
1634,138,129,267
1634,78,90,168
1634,101,95,196
1634,79,99,178
1634,88,108,196
1634,121,135,256
1634,61,58,119
1634,96,73,169
1634,83,110,193
1634,137,122,259
1634,74,102,176
1634,65,57,122
1634,151,158,309
1634,76,110,186
1634,74,90,164
1634,89,101,190
1634,90,58,148
1634,89,54,143
1634,51,52,103
1635,90,58,148
1635,122,125,247
1635,72,84,156
1635,153,175,328
1635,82,90,172
1635,56,73,129
1635,75,111,186
1635,85,70,155
1635,107,96,203
1635,51,79,130
1635,69,76,145
1635,90,110,200
1635,87,92,179
1635,64,81,145
1635,72,69,141
1635,101,95,196
1635,54,54,108
1635,80,91,171
1635,64,66,130
1635,72,93,165
1635,51,79,130
1635,76,97,173
1635,81,75,156
1635,103,93,196
1635,61,65,126
1635,120,87,207
1635,90,58,148
1635,134,123,257
1635,62,65,127
1635,83,108,191
1635,88,86,174
1635,72,84,156
1635,93,59,152
1635,119,138,257
1635,95,70,165
1635,74,107,181
1635,87,92,179
1635,89,95,184
1635,80,88,168
1635,107,96,203
1635,142,129,271
1636,68,78,146
1636,72,80,152
1636,119,97,216
1636,95,59,154
1636,65,90,155
1636,154,178,332
1636,72,80,152
1636,70,82,152
1636,123,125,248
1636,79,88,167
1636,108,97,205
1636,60,56,116
1636,140,121,261
1636,78,113,191
1636,67,75,142
1636,87,94,181
1636,81,89,170
1636,66,91,157
1636,115,96,211
1636,85,93,178
1636,55,69,124
1636,53,84,137
1636,96,88,184
1636,78,99,177
1636,115,96,211
1636,88,58,146
1636,82,96,178
1636,96,76,172
1636,62,58,120
1636,95,59,154
1636,66,91,157
1636,84,78,162
1636,98,80,178
1636,110,84,194
1636,64,72,136
1636,85,113,198
1636,87,69,156
1636,122,123,245
1636,73,67,140
1636,53,84,137
1636,117,129,246
1637,98,99,197
1637,95,99,194
1637,94,60,154
1637,106,83,189
1637,96,88,184
1637,58,56,114
1637,59,87,146
1637,56,70,126
1637,124,102,226
1637,59,87,146
1637,88,99,187
1637,118,98,216
1637,85,104,189
1637,76,108,184
1637,101,77,178
1637,151,173,324
1637,73,87,160
1637,55,90,145
1637,73,70,143
1637,124,124,248
1637,55,90,145
1637,63,71,134
1637,67,76,143
1637,85,78,163
1637,94,79,173
1637,70,60,130
1637,112,66,178
1637,88,99,187
1637,80,89,169
1637,112,66,178
1637,90,68,158
1637,126,123,249
1637,134,121,255
1637,64,93,157
1637,79,87,166
1637,79,100,179
1637,69,73,142
1637,124,102,226
1637,64,68,132
1637,122,140,262
1637,73,87,160
1638,99,96,195
1638,73,103,176
1638,62,58,120
1638,68,72,140
1638,127,102,229
1638,64,91,155
1638,57,78,135
1638,91,78,169
1638,83,67,150
1638,56,94,150
1638,53,91,144
1638,75,88,163
1638,85,103,188
1638,142,112,254
1638,122,127,249
1638,72,69,141
1638,110,66,176
1638,55,54,109
1638,67,74,141
1638,87,79,166
1638,70,59,129
1638,90,92,182
1638,80,93,173
1638,56,94,150
1638,80,89,169
1638,108,74,182
1638,122,115,237
1638,133,124,257
1638,65,68,133
1638,105,92,197
1638,110,66,176
1638,53,91,144
1638,104,101,205
1638,91,86,177
1638,89,99,188
1638,106,82,188
1638,75,88,163
1638,94,59,153
1638,105,92,197
1638,149,162,311
1638,75,104,179
1639,55,96,151
1639,114,67,181
1639,137,126,263
1639,102,82,184
1639,54,87,141
1639,74,65,139
1639,101,95,196
1639,114,67,181
1639,71,97,168
1639,104,81,185
1639,107,98,205
1639,107,98,205
1639,102,98,200
1639,64,68,132
1639,85,83,168
1639,119,123,242
1639,99,73,172
1639,62,62,124
1639,146,161,307
1639,77,116,193
1639,90,97,187
1639,83,79,162
1639,75,59,134
1639,80,89,169
1639,114,128,242
1639,84,81,165
1639,86,105,191
1639,89,57,146
1639,93,96,189
1639,53,53,106
1639,66,74,140
1639,68,72,140
1639,74,89,163
1639,74,89,163
1639,58,91,149
1639,129,103,232
1639,65,92,157
1639,54,87,141
1639,72,67,139
1639,122,136,258
1639,55,96,151
1640,111,110,221
1640,71,58,129
1640,63,65,128
1640,62,68,130
1640,62,65,127
1640,96,98,194
1640,116,68,184
1640,69,89,158
1640,90,100,190
1640,153,162,315
1640,103,82,185
1640,89,81,170
1640,112,84,196
1640,74,66,140
1640,134,102,236
1640,70,72,142
1640,97,94,191
1640,55,88,143
1640,56,97,153
1640,94,58,152
1640,83,84,167
1640,123,132,255
1640,84,104,188
1640,116,68,184
1640,125,120,245
1640,95,69,164
1640,111,110,221
1640,71,72,143
1640,51,55,106
1640,63,89,152
1640,82,80,162
1640,74,90,164
1640,57,93,150
1640,122,121,243
1640,56,97,153
1640,132,108,240
1640,91,87,178
1640,90,102,192
1640,76,112,188
1640,55,88,143
1640,74,90,164
1641,103,109,212
1641,81,79,160
1641,63,60,123
1641,85,109,194
1641,76,59,135
1641,85,55,140
1641,120,125,245
1641,124,129,253
1641,73,84,157
1641,107,110,217
1641,92,104,196
1641,58,93,151
1641,66,91,157
1641,57,90,147
1641,102,99,201
1641,73,84,157
1641,70,79,149
1641,77,106,183
1641,100,91,191
1641,132,102,234
1641,93,86,179
1641,62,56,118
1641,59,105,164
1641,149,162,311
1641,115,130,245
1641,107,110,217
1641,115,66,181
1641,107,83,190
1641,58,93,151
1641,51,54,105
1641,105,81,186
1641,63,64,127
1641,117,121,238
1641,96,83,179
1641,115,66,181
1641,73,70,143
1641,59,105,164
1641,89,68,157
1641,85,96,181
1641,78,69,147
1641,70,89,159
1642,87,90,177
1642,60,106,166
1642,110,115,225
1642,74,69,143
1642,58,96,154
1642,74,89,163
1642,69,104,173
1642,73,81,154
1642,106,90,196
1642,71,93,164
1642,128,101,229
1642,52,55,107
1642,77,108,185
1642,119,102,221
1642,59,57,116
1642,105,98,203
1642,121,89,210
1642,58,96,154
1642,64,58,122
1642,95,80,175
1642,60,106,166
1642,100,103,203
1642,155,164,319
1642,66,69,135
1642,86,101,187
1642,108,84,192
1642,86,110,196
1642,90,78,168
1642,81,55,136
1642,130,125,255
1642,77,69,146
1642,68,56,124
1642,120,119,239
1642,86,66,152
1642,87,90,177
1642,74,89,163
1642,110,115,225
1642,126,144,270
1642,98,84,182
1642,81,65,146
1642,94,86,180
1643,78,54,132
1643,161,164,325
1643,84,107,191
1643,90,88,178
1643,101,99,200
1643,121,86,207
1643,141,123,264
1643,57,94,151
1643,68,82,150
1643,63,58,121
1643,75,69,144
1643,154,121,275
1643,61,59,120
1643,52,54,106
1643,126,102,228
1643,76,108,184
1643,75,90,165
1643,107,82,189
1643,57,94,151
1643,75,90,165
1643,77,62,139
1643,130,125,255
1643,70,58,128
1643,106,98,204
1643,105,83,188
1643,57,105,162
1643,74,68,142
1643,110,84,194
1643,118,67,185
1643,115,124,239
1643,118,67,185
1643,70,89,159
1643,90,86,176
1643,71,110,181
1643,57,105,162
1643,81,64,145
1643,115,124,239
1643,98,84,182
1643,123,100,223
1643,90,108,198
1643,72,79,151
1644,99,100,199
1644,59,103,162
1644,112,86,198
1644,72,65,137
1644,85,111,196
1644,71,69,140
1644,74,53,127
1644,118,101,219
1644,109,65,174
1644,153,121,274
1644,104,84,188
1644,109,115,224
1644,88,89,177
1644,109,65,174
1644,79,65,144
1644,85,96,181
1644,86,85,171
1644,72,61,133
1644,69,89,158
1644,76,106,182
1644,55,55,110
1644,59,103,162
1644,70,72,142
1644,143,124,267
1644,75,91,166
1644,121,99,220
1644,75,91,166
1644,80,81,161
1644,129,123,252
1644,68,98,166
1644,57,92,149
1644,113,85,198
1644,87,105,192
1644,57,92,149
1644,72,57,129
1644,57,90,147
1644,119,104,223
1644,109,115,224
1644,69,80,149
1644,65,57,122
1644,154,163,317
1645,75,72,147
1645,117,85,202
1645,146,123,269
1645,69,89,158
1645,64,92,156
1645,70,60,130
1645,131,123,254
1645,126,102,228
1645,65,64,129
1645,52,92,144
1645,73,97,170
1645,64,58,122
1645,86,64,150
1645,78,53,131
1645,123,133,256
1645,75,94,169
1645,71,93,164
1645,114,67,181
1645,85,107,192
1645,80,85,165
1645,124,105,229
1645,97,99,196
1645,88,109,197
1645,105,86,191
1645,105,102,207
1645,58,94,152
1645,75,74,149
1645,66,70,136
1645,105,102,207
1645,85,96,181
1645,52,92,144
1645,89,111,200
1645,70,68,138
1645,114,67,181
1645,55,54,109
1645,147,163,310
1645,75,94,169
1645,87,87,174
1645,121,100,221
1645,58,94,152
1645,81,106,187
1646,66,97,163
1646,97,126,223
1646,101,97,198
1646,75,76,151
1646,101,97,198
1646,75,94,169
1646,71,72,143
1646,74,96,170
1646,69,90,159
1646,87,110,197
1646,124,105,229
1646,138,125,263
1646,65,64,129
1646,86,102,188
1646,75,94,169
1646,115,67,182
1646,55,97,152
1646,121,102,223
1646,73,62,135
1646,89,88,177
1646,57,90,147
1646,55,97,152
1646,102,84,186
1646,70,90,160
1646,54,54,108
1646,65,65,130
1646,68,68,136
1646,153,163,316
1646,130,126,256
1646,85,55,140
1646,114,83,197
1646,76,63,139
1646,103,101,204
1646,115,67,182
1646,86,108,194
1646,126,101,227
1646,111,87,198
1646,79,65,144
1646,57,90,147
1646,85,85,170
1646,123,132,255
1647,74,97,171
1647,84,111,195
1647,65,81,146
1647,115,98,213
1647,57,55,112
1647,98,90,188
1647,72,75,147
1647,86,93,179
1647,75,62,137
1647,85,87,172
1647,143,123,266
1647,77,64,141
1647,104,95,199
1647,112,88,200
1647,72,68,140
1647,71,96,167
1647,113,83,196
1647,80,127,207
1647,112,82,194
1647,62,90,152
1647,65,58,123
1647,62,90,152
1647,85,101,186
1647,68,85,153
1647,124,126,250
1647,86,56,142
1647,57,89,146
1647,86,93,179
1647,85,106,191
1647,104,95,199
1647,133,104,237
1647,73,89,162
1647,57,89,146
1647,94,127,221
1647,87,67,154
1647,71,79,150
1647,124,101,225
1647,138,128,266
1647,160,163,323
1647,64,90,154
1647,73,89,162
1648,87,65,152
1648,83,91,174
1648,93,118,211
1648,72,87,159
1648,85,65,150
1648,101,95,196
1648,55,93,148
1648,72,80,152
1648,82,108,190
1648,76,101,177
1648,55,93,148
1648,124,134,258
1648,59,92,151
1648,68,85,153
1648,59,92,151
1648,64,67,131
1648,113,89,202
1648,125,101,226
1648,110,82,192
1648,71,66,137
1648,101,95,196
1648,69,103,172
1648,78,122,200
1648,116,99,215
1648,69,90,159
1648,139,127,266
1648,105,81,186
1648,88,110,198
1648,64,61,125
1648,86,90,176
1648,72,87,159
1648,91,58,149
1648,57,55,112
1648,83,87,170
1648,88,86,174
1648,86,90,176
1648,72,73,145
1648,75,63,138
1648,167,167,334
1648,117,100,217
1648,131,121,252
1649,85,87,172
1649,106,82,188
1649,167,165,332
1649,124,137,261
1649,65,63,128
1649,94,120,214
1649,96,92,188
1649,88,112,200
1649,72,83,155
1649,76,70,146
1649,129,119,248
1649,102,95,197
1649,80,126,206
1649,129,123,252
1649,85,87,172
1649,110,81,191
1649,73,66,139
1649,68,99,167
1649,73,76,149
1649,107,110,217
1649,110,87,197
1649,66,70,136
1649,117,98,215
1649,88,65,153
1649,70,88,158
1649,58,108,166
1649,68,88,156
1649,107,110,217
1649,72,83,155
1649,58,108,166
1649,89,58,147
1649,88,65,153
1649,91,67,158
1649,124,101,225
1649,83,106,189
1649,77,103,180
1649,89,87,176
1649,82,65,147
1649,74,85,159
1649,83,88,171
1649,62,56,118
1650,106,81,187
1650,86,91,177
1650,68,80,148
1650,131,124,255
1650,103,92,195
1650,78,74,152
1650,97,89,186
1650,81,68,149
1650,126,102,228
1650,110,86,196
1650,68,103,171
1650,55,97,152
1650,113,98,211
1650,103,92,195
1650,75,98,173
1650,68,82,150
1650,108,85,193
1650,127,103,230
1650,59,94,153
1650,69,73,142
1650,76,83,159
1650,93,59,152
1650,59,94,153
1650,102,100,202
1650,74,89,163
1650,158,163,321
1650,74,89,163
1650,57,53,110
1650,87,64,151
1650,83,101,184
1650,67,81,148
1650,83,66,149
1650,135,116,251
1650,87,110,197
1650,88,111,199
1650,55,97,152
1650,122,132,254
1650,95,77,172
1650,100,93,193
1650,63,60,123
1650,86,91,177
1651,101,83,184
1651,133,98,231
1651,75,60,135
1651,82,108,190
1651,121,129,250
1651,153,161,314
1651,68,82,150
1651,71,69,140
1651,122,100,222
1651,53,51,104
1651,113,84,197
1651,145,126,271
1651,87,92,179
1651,97,87,184
1651,77,79,156
1651,67,58,125
1651,88,77,165
1651,55,92,147
1651,79,127,206
1651,93,59,152
1651,130,101,231
1651,55,92,147
1651,124,101,225
1651,73,84,157
1651,87,107,194
1651,68,82,150
1651,77,117,194
1651,133,98,231
1651,144,120,264
1651,96,92,188
1651,73,84,157
1651,83,68,151
1651,67,99,166
1651,81,93,174
1651,87,101,188
1651,80,64,144
1651,58,90,148
1651,61,70,131
1651,58,90,148
1651,76,83,159
1651,87,92,179
1652,75,82,157
1652,58,93,151
1652,118,68,186
1652,70,60,130
1652,73,60,133
1652,58,93,151
1652,96,96,192
1652,132,105,237
1652,80,87,167
1652,79,123,202
1652,128,92,220
1652,81,105,186
1652,78,63,141
1652,123,100,223
1652,97,59,156
1652,128,104,232
1652,85,99,184
1652,67,82,149
1652,75,90,165
1652,123,126,249
1652,75,60,135
1652,72,65,137
1652,77,84,161
1652,112,88,200
1652,88,76,164
1652,118,68,186
1652,86,126,212
1652,126,119,245
1652,75,67,142
1652,154,161,315
1652,108,84,192
1652,63,57,120
1652,112,124,236
1652,75,60,135
1652,75,90,165
1652,54,53,107
1652,68,85,153
1652,128,92,220
1652,90,87,177
1652,87,108,195
1652,68,97,165
1653,85,88,173
1653,69,59,128
1653,120,91,211
1653,127,98,225
1653,92,57,149
1653,122,124,246
1653,77,94,171
1653,55,94,149
1653,79,83,162
1653,72,64,136
1653,112,98,210
1653,112,124,236
1653,75,89,164
1653,75,89,164
1653,93,95,188
1653,55,55,110
1653,81,85,166
1653,77,77,154
1653,128,102,230
1653,148,161,309
1653,85,88,173
1653,87,111,198
1653,120,91,211
1653,75,72,147
1653,63,60,123
1653,87,110,197
1653,78,69,147
1653,137,123,260
1653,82,65,147
1653,70,87,157
1653,76,59,135
1653,88,97,185
1653,67,80,147
1653,128,104,232
1653,65,58,123
1653,65,93,158
1653,111,89,200
1653,55,94,149
1653,80,126,206
1653,69,59,128
1653,79,101,180
1654,78,87,165
1654,87,111,198
1654,123,92,215
1654,123,92,215
1654,116,131,247
1654,102,66,168
1654,80,69,149
1654,77,93,170
1654,86,102,188
1654,68,59,127
1654,64,58,122
1654,63,84,147
1654,86,89,175
1654,122,119,241
1654,84,116,200
1654,84,120,204
1654,64,58,122
1654,56,58,114
1654,83,85,168
1654,71,59,130
1654,53,91,144
1654,123,126,249
1654,130,100,230
1654,78,97,175
1654,89,58,147
1654,80,125,205
1654,53,91,144
1654,86,82,168
1654,66,75,141
1654,129,104,233
1654,81,65,146
1654,77,93,170
1654,98,97,195
1654,86,89,175
1654,86,102,188
1654,146,161,307
1654,65,63,128
1654,71,90,161
1654,132,105,237
1654,73,73,146
1654,73,63,136
1655,66,59,125
1655,122,92,214
1655,134,106,240
1655,53,97,150
1655,114,96,210
1655,122,92,214
1655,111,87,198
1655,67,82,149
1655,65,68,133
1655,53,97,150
1655,96,65,161
1655,72,63,135
1655,78,85,163
1655,74,71,145
1655,78,84,162
1655,75,72,147
1655,96,96,192
1655,123,118,241
1655,144,164,308
1655,79,89,168
1655,92,97,189
1655,108,97,205
1655,59,62,121
1655,77,121,198
1655,77,93,170
1655,77,60,137
1655,80,63,143
1655,64,88,152
1655,76,90,166
1655,85,102,187
1655,72,92,164
1655,112,125,237
1655,117,67,184
1655,117,67,184
1655,121,131,252
1655,66,59,125
1655,99,63,162
1655,118,100,218
1655,88,108,196
1655,84,70,154
1655,77,93,170
1656,71,72,143
1656,82,60,142
1656,77,95,172
1656,107,130,237
1656,83,95,178
1656,77,95,172
1656,66,59,125
1656,71,90,161
1656,115,114,229
1656,118,67,185
1656,89,72,161
1656,74,63,137
1656,99,63,162
1656,53,96,149
1656,86,109,195
1656,70,61,131
1656,62,83,145
1656,87,82,169
1656,112,95,207
1656,110,86,196
1656,63,70,133
1656,84,114,198
1656,110,119,229
1656,148,177,325
1656,64,64,128
1656,80,94,174
1656,74,62,136
1656,103,100,203
1656,83,86,169
1656,70,61,131
1656,92,70,162
1656,77,91,168
1656,53,96,149
1656,142,109,251
1656,118,67,185
1656,100,97,197
1656,119,116,235
1656,118,90,208
1656,87,98,185
1656,66,78,144
1656,118,90,208
1657,113,92,205
1657,143,111,254
1657,82,102,184
1657,168,172,340
1657,53,91,144
1657,100,97,197
1657,120,116,236
1657,62,73,135
1657,112,87,199
1657,98,100,198
1657,104,85,189
1657,113,66,179
1657,119,98,217
1657,78,64,142
1657,113,92,205
1657,93,82,175
1657,80,103,183
1657,121,134,255
1657,65,58,123
1657,61,78,139
1657,73,96,169
1657,78,96,174
1657,65,79,144
1657,131,103,234
1657,94,74,168
1657,83,95,178
1657,99,71,170
1657,78,94,172
1657,67,60,127
1657,87,103,190
1657,113,66,179
1657,75,62,137
1657,79,84,163
1657,78,64,142
1657,69,87,156
1657,53,91,144
1657,78,96,174
1657,84,63,147
1657,72,76,148
1657,77,65,142
1657,103,102,205
1658,108,85,193
1658,97,68,165
1658,95,74,169
1658,75,64,139
1658,54,95,149
1658,67,81,148
1658,119,69,188
1658,75,64,139
1658,78,96,174
1658,119,91,210
1658,83,94,177
1658,64,73,137
1658,129,100,229
1658,82,91,173
1658,74,90,164
1658,69,60,129
1658,71,61,132
1658,82,86,168
1658,92,66,158
1658,62,78,140
1658,70,77,147
1658,88,99,187
1658,119,91,210
1658,115,133,248
1658,181,173,354
1658,118,107,225
1658,61,71,132
1658,108,87,195
1658,126,98,224
1658,101,99,200
1658,64,61,125
1658,119,69,188
1658,123,137,260
1658,78,94,172
1658,54,95,149
1658,108,104,212
1658,82,67,149
1658,78,94,172
1658,75,96,171
1658,81,98,179
1658,93,80,173
1659,119,107,226
1659,71,73,144
1659,78,65,143
1659,87,86,173
1659,54,97,151
1659,67,78,145
1659,85,80,165
1659,108,104,212
1659,87,97,184
1659,65,63,128
1659,54,97,151
1659,128,156,284
1659,122,92,214
1659,86,89,175
1659,122,92,214
1659,88,68,156
1659,153,183,336
1659,84,110,194
1659,108,77,185
1659,60,68,128
1659,120,98,218
1659,96,98,194
1659,93,78,171
1659,143,110,253
1659,99,81,180
1659,78,65,143
1659,99,74,173
1659,67,82,149
1659,69,60,129
1659,92,98,190
1659,83,90,173
1659,68,81,149
1659,74,97,171
1659,86,89,175
1659,85,63,148
1659,73,76,149
1659,132,102,234
1659,69,92,161
1659,79,65,144
1659,78,95,173
1659,78,95,173
1660,150,171,321
1660,84,79,163
1660,79,65,144
1660,125,146,271
1660,61,70,131
1660,105,78,183
1660,79,100,179
1660,126,93,219
1660,69,89,158
1660,100,81,181
1660,84,84,168
1660,84,84,168
1660,56,107,163
1660,120,120,240
1660,126,93,219
1660,106,127,233
1660,136,104,240
1660,86,120,206
1660,70,57,127
1660,69,69,138
1660,92,71,163
1660,79,100,179
1660,82,86,168
1660,82,91,173
1660,85,69,154
1660,70,75,145
1660,86,86,172
1660,71,60,131
1660,76,63,139
1660,87,94,181
1660,79,65,144
1660,56,107,163
1660,79,127,206
1660,89,98,187
1660,131,107,238
1660,120,97,217
1660,67,88,155
1660,63,83,146
1660,76,99,175
1660,74,82,156
1660,67,89,156
1661,120,112,232
1661,91,97,188
1661,109,104,213
1661,120,97,217
1661,70,90,160
1661,84,90,174
1661,93,79,172
1661,84,119,203
1661,78,95,173
1661,84,62,146
1661,96,92,188
1661,78,95,173
1661,70,74,144
1661,69,61,130
1661,53,101,154
1661,73,81,154
1661,59,67,126
1661,70,62,132
1661,92,100,192
1661,154,131,285
1661,141,110,251
1661,121,92,213
1661,103,116,219
1661,152,170,322
1661,133,103,236
1661,66,61,127
1661,65,80,145
1661,83,107,190
1661,81,66,147
1661,86,85,171
1661,121,92,213
1661,83,78,161
1661,82,68,150
1661,53,101,154
1661,83,85,168
1661,81,66,147
1661,86,85,171
1661,63,68,131
1661,86,70,156
1661,67,85,152
1661,76,103,179
1662,84,92,176
1662,120,113,233
1662,138,109,247
1662,76,73,149
1662,82,67,149
1662,91,79,170
1662,131,102,233
1662,77,95,172
1662,70,59,129
1662,81,71,152
1662,65,79,144
1662,87,99,186
1662,76,75,151
1662,77,95,172
1662,58,109,167
1662,88,68,156
1662,107,80,187
1662,68,61,129
1662,106,94,200
1662,128,153,281
1662,58,63,121
1662,93,98,191
1662,70,90,160
1662,152,175,327
1662,66,84,150
1662,86,85,171
1662,83,62,145
1662,64,70,134
1662,96,75,171
1662,84,116,200
1662,120,91,211
1662,86,85,171
1662,68,74,142
1662,109,92,201
1662,58,109,167
1662,78,76,154
1662,107,104,211
1662,84,95,179
1662,120,91,211
1662,82,67,149
1662,104,131,235
1663,85,73,158
1663,126,150,276
1663,104,80,184
1663,113,89,202
1663,153,171,324
1663,85,122,207
1663,56,108,164
1663,56,108,164
1663,74,75,149
1663,85,99,184
1663,107,92,199
1663,62,57,119
1663,112,101,213
1663,142,109,251
1663,78,62,140
1663,77,94,171
1663,92,79,171
1663,105,126,231
1663,65,68,133
1663,81,66,147
1663,79,126,205
1663,86,96,182
1663,120,110,230
1663,72,75,147
1663,69,90,159
1663,119,67,186
1663,96,74,170
1663,71,77,148
1663,107,91,198
1663,77,94,171
1663,97,99,196
1663,97,98,195
1663,66,78,144
1663,65,79,144
1663,65,80,145
1663,77,65,142
1663,70,62,132
1663,58,63,121
1663,119,67,186
1663,81,66,147
1664,72,85,157
1664,124,141,265
1664,96,74,170
1664,67,58,125
1664,96,90,186
1664,112,64,176
1664,51,95,146
1664,115,101,216
1664,75,88,163
1664,67,59,126
1664,81,66,147
1664,85,102,187
1664,81,71,152
1664,120,112,232
1664,72,92,164
1664,81,66,147
1664,84,81,165
1664,84,89,173
1664,75,88,163
1664,78,120,198
1664,88,125,213
1664,53,55,108
1664,75,88,163
1664,112,64,176
1664,136,108,244
1664,100,71,171
1664,102,90,192
1664,55,60,115
1664,106,76,182
1664,65,79,144
1664,76,84,160
1664,123,101,224
1664,67,82,149
1664,69,84,153
1664,51,95,146
1664,151,175,326
1664,99,100,199
1664,109,89,198
1664,70,61,131
1664,104,123,227
1665,111,66,177
1665,70,80,150
1665,68,84,152
1665,99,99,198
1665,76,85,161
1665,94,66,160
1665,74,82,156
1665,51,55,106
1665,75,68,143
1665,70,68,138
1665,55,86,141
1665,53,97,150
1665,104,90,194
1665,63,57,120
1665,74,68,142
1665,103,122,225
1665,111,66,177
1665,98,74,172
1665,83,92,175
1665,55,56,111
1665,55,86,141
1665,98,94,192
1665,129,109,238
1665,113,88,201
1665,53,97,150
1665,84,122,206
1665,60,79,139
1665,124,139,263
1665,76,86,162
1665,79,121,200
1665,90,73,163
1665,124,102,226
1665,74,82,156
1665,83,80,163
1665,68,58,126
1665,152,175,327
1665,126,133,259
1665,85,100,185
1665,65,81,146
1665,111,100,211
1666,69,65,134
1666,82,129,211
1666,52,82,134
1666,52,82,134
1666,76,83,159
1666,138,109,247
1666,57,58,115
1666,63,74,137
1666,75,83,158
1666,102,92,194
1666,72,61,133
1666,126,101,227
1666,77,89,166
1666,83,76,159
1666,124,130,254
1666,90,111,201
1666,91,73,164
1666,113,67,180
1666,156,186,342
1666,84,71,155
1666,113,67,180
1666,70,77,147
1666,67,63,130
1666,89,72,161
1666,75,83,158
1666,121,103,224
1666,83,94,177
1666,125,145,270
1666,103,91,194
1666,90,96,186
1666,66,58,124
1666,86,64,150
1666,81,66,147
1666,68,81,149
1666,128,102,230
1666,62,79,141
1666,104,89,193
1666,86,119,205
1666,53,103,156
1666,53,103,156
1667,106,101,207
1667,54,85,139
1667,87,92,179
1667,106,88,194
1667,83,77,160
1667,134,104,238
1667,68,82,150
1667,106,93,199
1667,83,89,172
1667,87,92,179
1667,93,95,188
1667,76,83,159
1667,138,109,247
1667,53,97,150
1667,57,62,119
1667,131,104,235
1667,74,90,164
1667,67,68,135
1667,75,80,155
1667,125,143,268
1667,114,101,215
1667,104,91,195
1667,61,59,120
1667,53,97,150
1667,88,71,159
1667,87,121,208
1667,91,65,156
1667,77,66,143
1667,84,72,156
1667,75,80,155
1667,79,91,170
1667,54,85,139
1667,78,88,166
1667,90,72,162
1667,68,58,126
1667,71,61,132
1667,59,65,124
1667,85,100,185
1667,150,169,319
1667,122,123,245
1668,78,92,170
1668,69,82,151
1668,107,125,232
1668,82,90,172
1668,54,102,156
1668,120,120,240
1668,86,91,177
1668,105,103,208
1668,125,103,228
1668,86,69,155
1668,57,90,147
1668,104,89,193
1668,95,90,185
1668,95,130,225
1668,91,65,156
1668,77,64,141
1668,90,72,162
1668,58,62,120
1668,67,61,128
1668,79,94,173
1668,68,58,126
1668,149,163,312
1668,58,67,125
1668,87,120,207
1668,71,60,131
1668,84,96,180
1668,54,102,156
1668,74,94,168
1668,66,64,130
1668,125,146,271
1668,78,94,172
1668,79,94,173
1668,86,91,177
1668,87,85,172
1668,57,90,147
1668,87,95,182
1668,117,97,214
1668,90,72,162
1668,104,123,227
1668,84,81,165
1669,83,77,160
1669,132,105,237
1669,80,61,141
1669,86,97,183
1669,87,95,182
1669,69,83,152
1669,58,110,168
1669,73,91,164
1669,84,68,152
1669,84,109,193
1669,113,91,204
1669,66,62,128
1669,81,78,159
1669,56,88,144
1669,79,101,180
1669,77,94,171
1669,124,142,266
1669,82,93,175
1669,58,110,168
1669,83,77,160
1669,95,91,186
1669,60,68,128
1669,89,65,154
1669,124,131,255
1669,96,89,185
1669,102,101,203
1669,56,88,144
1669,57,61,118
1669,81,93,174
1669,114,95,209
1669,93,74,167
1669,71,61,132
1669,104,117,221
1669,70,66,136
1669,92,75,167
1669,93,124,217
1669,80,66,146
1669,150,164,314
1669,114,102,216
1669,77,94,171
1670,115,95,210
1670,82,74,156
1670,83,77,160
1670,92,72,164
1670,58,63,121
1670,143,107,250
1670,55,91,146
1670,85,112,197
1670,154,181,335
1670,102,102,204
1670,70,116,186
1670,78,93,171
1670,114,92,206
1670,125,136,261
1670,122,137,259
1670,80,93,173
1670,80,88,168
1670,68,81,149
1670,58,117,175
1670,90,71,161
1670,103,98,201
1670,82,74,156
1670,95,68,163
1670,55,91,146
1670,84,100,184
1670,98,77,175
1670,75,63,138
1670,92,123,215
1670,72,73,145
1670,78,93,171
1670,77,67,144
1670,101,100,201
1670,104,93,197
1670,92,116,208
1670,72,58,130
1670,75,93,168
1670,80,104,184
1670,68,68,136
1670,58,67,125
1670,58,117,175
1671,102,107,209
1671,109,92,201
1671,77,101,178
1671,66,70,136
1671,76,67,143
1671,61,123,184
1671,84,78,162
1671,84,78,162
1671,99,77,176
1671,117,93,210
1671,54,89,143
1671,54,89,143
1671,101,77,178
1671,95,89,184
1671,108,93,201
1671,57,72,129
1671,77,77,154
1671,77,118,195
1671,78,93,171
1671,103,97,200
1671,128,149,277
1671,87,118,205
1671,68,65,133
1671,95,68,163
1671,73,79,152
1671,135,104,239
1671,79,96,175
1671,76,97,173
1671,71,59,130
1671,153,176,329
1671,55,56,111
1671,124,104,228
1671,98,90,188
1671,79,85,164
1671,85,105,190
1671,79,96,175
1671,87,79,166
1671,125,132,257
1671,71,62,133
1671,61,123,184
1672,55,66,121
1672,127,154,281
1672,76,99,175
1672,98,76,174
1672,99,89,188
1672,80,100,180
1672,76,95,171
1672,53,87,140
1672,99,90,189
1672,75,99,174
1672,94,66,160
1672,66,80,146
1672,83,62,145
1672,118,97,215
1672,114,85,199
1672,62,122,184
1672,80,69,149
1672,95,126,221
1672,85,115,200
1672,100,100,200
1672,80,78,158
1672,80,87,167
1672,55,52,107
1672,93,95,188
1672,97,77,174
1672,123,126,249
1672,150,167,317
1672,79,120,199
1672,62,122,184
1672,74,61,135
1672,88,66,154
1672,88,84,172
1672,140,110,250
1672,94,89,183
1672,53,87,140
1672,88,84,172
1672,107,100,207
1672,123,93,216
1672,80,100,180
1672,71,73,144
1673,88,65,153
1673,72,65,137
1673,88,86,174
1673,78,86,164
1673,52,83,135
1673,103,77,180
1673,76,61,137
1673,104,90,194
1673,104,91,195
1673,84,77,161
1673,55,52,107
1673,107,79,186
1673,124,130,254
1673,79,121,200
1673,88,86,174
1673,81,98,179
1673,96,89,185
1673,52,83,135
1673,139,107,246
1673,54,68,122
1673,113,93,206
1673,88,122,210
1673,150,132,282
1673,77,99,176
1673,57,104,161
1673,103,107,210
1673,93,68,161
1673,88,109,197
1673,74,60,134
1673,81,98,179
1673,90,114,204
1673,116,103,219
1673,66,77,143
1673,77,102,179
1673,95,94,189
1673,113,102,215
1673,86,70,156
1673,69,68,137
1673,57,104,161
1673,151,171,322
1674,86,118,204
1674,155,130,285
1674,96,68,164
1674,79,93,172
1674,77,105,182
1674,109,95,204
1674,67,57,124
1674,72,75,147
1674,124,108,232
1674,54,86,140
1674,97,79,176
1674,54,103,157
1674,149,167,316
1674,56,53,109
1674,89,86,175
1674,99,77,176
1674,78,122,200
1674,56,80,136
1674,54,103,157
1674,123,128,251
1674,89,86,175
1674,76,96,172
1674,54,86,140
1674,70,115,185
1674,103,90,193
1674,141,109,250
1674,113,95,208
1674,73,66,139
1674,92,80,172
1674,91,113,204
1674,94,94,188
1674,101,77,178
1674,85,64,149
1674,65,70,135
1674,92,73,165
1674,103,109,212
1674,78,89,167
1674,70,60,130
1674,89,118,207
1675,52,83,135
1675,86,112,198
1675,107,94,201
1675,80,111,191
1675,70,117,187
1675,81,97,178
1675,100,92,192
1675,91,65,156
1675,131,96,227
1675,90,67,157
1675,78,80,158
1675,98,82,180
1675,143,128,271
1675,71,59,130
1675,84,76,160
1675,63,63,126
1675,96,75,171
1675,55,53,108
1675,102,98,200
1675,91,122,213
1675,124,104,228
1675,73,94,167
1675,149,159,308
1675,100,100,200
1675,115,103,218
1675,122,63,185
1675,56,78,134
1675,100,77,177
1675,72,76,148
1675,89,112,201
1675,58,110,168
1675,86,70,156
1675,58,110,168
1675,121,122,243
1675,122,63,185
1675,80,91,171
1675,65,56,121
1675,52,83,135
1675,77,115,192
1676,76,110,186
1676,61,55,116
1676,102,75,177
1676,112,94,206
1676,118,62,180
1676,179,170,349
1676,73,93,166
1676,135,105,240
1676,65,72,137
1676,58,80,138
1676,82,66,148
1676,135,96,231
1676,58,108,166
1676,83,65,148
1676,88,119,207
1676,88,87,175
1676,124,130,254
1676,53,82,135
1676,118,62,180
1676,80,76,156
1676,103,97,200
1676,83,95,178
1676,134,128,262
1676,103,86,189
1676,120,105,225
1676,97,70,167
1676,99,79,178
1676,80,98,178
1676,80,70,150
1676,105,108,213
1676,53,82,135
1676,101,75,176
1676,83,105,188
1676,77,63,140
1676,66,57,123
1676,86,110,196
1676,68,65,133
1676,58,108,166
1676,100,94,194
1677,77,112,189
1677,85,65,150
1677,89,111,200
1677,81,104,185
1677,69,113,182
1677,118,61,179
1677,104,98,202
1677,51,76,127
1677,63,57,120
1677,64,59,123
1677,55,91,146
1677,106,112,218
1677,58,82,140
1677,73,92,165
1677,149,115,264
1677,92,80,172
1677,124,96,220
1677,55,91,146
1677,188,171,359
1677,106,97,203
1677,87,118,205
1677,51,76,127
1677,82,84,166
1677,99,99,198
1677,97,76,173
1677,60,54,114
1677,118,61,179
1677,105,77,182
1677,93,73,166
1677,84,76,160
1677,134,128,262
1677,78,69,147
1677,76,98,174
1677,81,64,145
1677,114,94,208
1677,68,81,149
1677,81,112,193
1677,135,106,241
1677,68,59,127
1678,58,87,145
1678,104,112,216
1678,90,74,164
1678,110,94,204
1678,78,112,190
1678,66,59,125
1678,99,96,195
1678,162,194,356
1678,113,96,209
1678,63,56,119
1678,98,94,192
1678,83,77,160
1678,128,103,231
1678,139,129,268
1678,75,95,170
1678,69,59,128
1678,81,109,190
1678,87,78,165
1678,51,76,127
1678,85,63,148
1678,85,100,185
1678,60,62,122
1678,75,98,173
1678,150,115,265
1678,53,92,145
1678,80,95,175
1678,115,59,174
1678,103,111,214
1678,95,87,182
1678,101,76,177
1678,83,91,174
1678,53,92,145
1678,119,96,215
1678,106,79,185
1678,51,76,127
1678,76,68,144
1678,69,87,156
1678,115,59,174
1678,101,70,171
1679,52,79,131
1679,101,94,195
1679,179,170,349
1679,109,58,167
1679,81,84,165
1679,64,56,120
1679,147,116,263
1679,140,106,246
1679,76,98,174
1679,96,70,166
1679,126,97,223
1679,78,84,162
1679,91,80,171
1679,100,91,191
1679,83,111,194
1679,73,89,162
1679,106,92,198
1679,90,93,183
1679,89,65,154
1679,68,84,152
1679,100,103,203
1679,76,62,138
1679,79,87,166
1679,93,93,186
1679,52,79,131
1679,77,69,146
1679,101,106,207
1679,68,62,130
1679,56,90,146
1679,59,59,118
1679,99,80,179
1679,99,76,175
1679,56,90,146
1679,136,126,262
1679,59,90,149
1679,86,106,192
1679,80,118,198
1679,95,75,170
1679,109,58,167
1680,81,92,173
1680,106,57,163
1680,82,124,206
1680,141,113,254
1680,83,64,147
1680,105,96,201
1680,111,79,190
1680,77,102,179
1680,98,74,172
1680,68,61,129
1680,98,70,168
1680,51,75,126
1680,106,57,163
1680,100,111,211
1680,100,82,182
1680,176,168,344
1680,75,84,159
1680,81,88,169
1680,138,96,234
1680,67,77,144
1680,52,91,143
1680,84,85,169
1680,112,124,236
1680,51,75,126
1680,72,68,140
1680,66,57,123
1680,104,110,214
1680,84,76,160
1680,98,76,174
1680,108,85,193
1680,88,65,153
1680,52,91,143
1680,88,92,180
1680,84,61,145
1680,76,87,163
1680,130,125,255
1680,106,92,198
1680,102,96,198
1680,95,76,171
1681,53,80,133
1681,93,78,171
1681,69,85,154
1681,111,86,197
1681,91,94,185
1681,97,100,197
1681,108,58,166
1681,182,172,354
1681,81,94,175
1681,108,58,166
1681,76,94,170
1681,68,58,126
1681,61,58,119
1681,134,95,229
1681,80,98,178
1681,88,94,182
1681,80,60,140
1681,53,80,133
1681,108,113,221
1681,88,82,170
1681,122,129,251
1681,72,69,141
1681,100,88,188
1681,93,71,164
1681,100,77,177
1681,98,97,195
1681,99,68,167
1681,82,109,191
1681,98,96,194
1681,111,102,213
1681,95,73,168
1681,69,66,135
1681,131,110,241
1681,106,95,201
1681,84,101,185
1681,81,112,193
1681,87,68,155
1681,87,67,154
1681,80,98,178
1682,82,115,197
1682,84,97,181
1682,53,84,137
1682,83,93,176
1682,108,102,210
1682,80,100,180
1682,53,84,137
1682,99,56,155
1682,77,59,136
1682,111,116,227
1682,104,92,196
1682,88,101,189
1682,117,126,243
1682,78,65,143
1682,94,85,179
1682,75,69,144
1682,72,87,159
1682,97,98,195
1682,84,97,181
1682,102,78,180
1682,127,95,222
1682,98,74,172
1682,97,101,198
1682,75,95,170
1682,85,110,195
1682,71,96,167
1682,104,77,181
1682,82,97,179
1682,134,113,247
1682,84,112,196
1682,63,56,119
1682,71,85,156
1682,87,76,163
1682,91,93,184
1682,99,56,155
1682,82,88,170
1682,62,56,118
1682,70,70,140
1682,188,173,361
1683,54,53,107
1683,67,61,128
1683,79,102,181
1683,62,61,123
1683,181,169,350
1683,82,97,179
1683,79,104,183
1683,89,77,166
1683,86,71,157
1683,74,89,163
1683,93,93,186
1683,110,92,202
1683,109,79,188
1683,81,83,164
1683,118,124,242
1683,104,100,204
1683,70,84,154
1683,56,89,145
1683,145,115,260
1683,101,101,202
1683,70,74,144
1683,62,93,155
1683,81,98,179
1683,81,85,166
1683,69,81,150
1683,87,90,177
1683,82,97,179
1683,107,58,165
1683,74,90,164
1683,56,89,145
1683,117,93,210
1683,112,121,233
1683,76,59,135
1683,84,105,189
1683,103,99,202
1683,76,69,145
1683,108,90,198
1683,68,99,167
1683,107,58,165
1684,110,92,202
1684,101,56,157
1684,72,91,163
1684,146,115,261
1684,69,56,125
1684,85,77,162
1684,101,94,195
1684,107,78,185
1684,68,68,136
1684,85,67,152
1684,82,84,166
1684,101,56,157
1684,75,88,163
1684,68,92,160
1684,75,95,170
1684,88,92,180
1684,102,90,192
1684,77,102,179
1684,121,129,250
1684,110,102,212
1684,73,68,141
1684,101,98,199
1684,69,60,129
1684,58,54,112
1684,82,104,186
1684,112,124,236
1684,78,90,168
1684,107,78,185
1684,116,92,208
1684,91,82,173
1684,62,81,143
1684,84,103,187
1684,190,172,362
1684,63,71,134
1684,97,75,172
1684,56,91,147
1684,75,95,170
1684,56,91,147
1684,114,105,219
1685,75,86,161
1685,98,100,198
1685,72,93,165
1685,93,78,171
1685,74,62,136
1685,66,87,153
1685,76,98,174
1685,78,100,178
1685,122,141,263
1685,114,87,201
1685,84,91,175
1685,77,66,143
1685,130,110,240
1685,84,86,170
1685,89,94,183
1685,64,67,131
1685,104,76,180
1685,77,69,146
1685,106,60,166
1685,99,92,191
1685,56,89,145
1685,102,76,178
1685,96,98,194
1685,61,84,145
1685,149,115,264
1685,83,117,200
1685,109,93,202
1685,102,89,191
1685,109,119,228
1685,84,106,190
1685,186,167,353
1685,56,89,145
1685,76,98,174
1685,99,85,184
1685,68,67,135
1685,106,60,166
1685,77,59,136
1685,107,76,183
1685,63,56,119
1686,53,83,136
1686,117,96,213
1686,95,84,179
1686,105,78,183
1686,102,83,185
1686,82,97,179
1686,62,87,149
1686,98,73,171
1686,136,111,247
1686,71,83,154
1686,80,90,170
1686,79,61,140
1686,73,68,141
1686,170,167,337
1686,100,96,196
1686,109,61,170
1686,111,118,229
1686,84,105,189
1686,59,57,116
1686,76,63,139
1686,121,146,267
1686,80,95,175
1686,69,69,138
1686,68,90,158
1686,109,61,170
1686,92,78,170
1686,100,76,176
1686,82,97,179
1686,91,93,184
1686,83,84,167
1686,95,91,186
1686,72,64,136
1686,75,83,158
1686,106,90,196
1686,138,113,251
1686,100,91,191
1686,72,91,163
1686,53,83,136
1686,78,100,178
1686,109,61,170
1687,76,94,170
1687,68,88,156
1687,78,86,164
1687,114,63,177
1687,114,63,177
1687,103,97,200
1687,53,80,133
1687,86,83,169
1687,83,63,146
1687,129,100,229
1687,84,107,191
1687,102,69,171
1687,110,119,229
1687,107,86,193
1687,108,99,207
1687,53,80,133
1687,90,85,175
1687,59,59,118
1687,140,112,252
1687,104,89,193
1687,108,132,240
1687,61,83,144
1687,87,101,188
1687,66,66,132
1687,67,62,129
1687,95,79,174
1687,76,96,172
1687,165,169,334
1687,94,92,186
1687,114,63,177
1687,58,57,115
1687,76,62,138
1687,72,87,159
1687,128,160,288
1687,92,70,162
1687,100,90,190
1687,87,101,188
1687,113,79,192
1687,100,76,176
1687,75,85,160
1688,69,86,155
1688,101,73,174
1688,110,60,170
1688,102,93,195
1688,71,86,157
1688,60,80,140
1688,92,86,178
1688,110,60,170
1688,128,105,233
1688,131,99,230
1688,113,85,198
1688,98,87,185
1688,73,83,156
1688,53,77,130
1688,68,129,197
1688,96,66,162
1688,80,102,182
1688,129,111,240
1688,85,87,172
1688,59,67,126
1688,106,122,228
1688,53,77,130
1688,165,167,332
1688,109,116,225
1688,110,60,170
1688,78,63,141
1688,93,78,171
1688,70,76,146
1688,86,64,150
1688,90,83,173
1688,127,158,285
1688,56,55,111
1688,68,129,197
1688,85,107,192
1688,68,86,154
1688,111,100,211
1688,66,72,138
1688,88,98,186
1688,99,76,175
1688,94,71,165
1689,82,106,188
1689,102,90,192
1689,69,90,159
1689,133,112,245
1689,126,145,271
1689,108,61,169
1689,99,67,166
1689,73,81,154
1689,51,72,123
1689,89,77,166
1689,58,67,125
1689,98,76,174
1689,90,86,176
1689,114,102,216
1689,67,124,191
1689,69,78,147
1689,102,96,198
1689,67,75,142
1689,128,98,226
1689,85,110,195
1689,108,61,169
1689,108,61,169
1689,106,124,230
1689,70,86,156
1689,93,72,165
1689,84,68,152
1689,59,77,136
1689,157,165,322
1689,120,101,221
1689,90,100,190
1689,106,84,190
1689,98,84,182
1689,80,87,167
1689,79,61,140
1689,51,72,123
1689,67,124,191
1689,56,55,111
1689,114,127,241
1689,72,61,133
1689,70,90,160
1690,163,166,329
1690,53,53,106
1690,105,123,228
1690,68,74,142
1690,108,60,168
1690,64,69,133
1690,122,141,263
1690,82,76,158
1690,59,94,153
1690,77,61,138
1690,82,93,175
1690,95,71,166
1690,103,100,203
1690,108,60,168
1690,71,87,158
1690,66,115,181
1690,80,100,180
1690,101,67,168
1690,73,79,152
1690,53,75,128
1690,67,80,147
1690,108,85,193
1690,103,77,180
1690,111,99,210
1690,62,77,139
1690,96,85,181
1690,74,96,170
1690,106,91,197
1690,66,115,181
1690,84,105,189
1690,83,83,166
1690,84,69,153
1690,68,86,154
1690,120,104,224
1690,137,100,237
1690,53,75,128
1690,116,131,247
1690,108,60,168
1690,141,115,256
1690,96,100,196
1691,87,92,179
1691,79,89,168
1691,92,66,158
1691,54,77,131
1691,99,75,174
1691,68,122,190
1691,120,103,223
1691,68,72,140
1691,89,82,171
1691,104,118,222
1691,101,99,200
1691,109,91,200
1691,141,115,256
1691,150,165,315
1691,75,86,161
1691,88,98,186
1691,70,59,129
1691,54,56,110
1691,86,71,157
1691,131,106,237
1691,84,106,190
1691,54,77,131
1691,125,97,222
1691,115,87,202
1691,97,72,169
1691,62,80,142
1691,90,70,160
1691,85,64,149
1691,76,86,162
1691,66,68,134
1691,90,79,169
1691,87,92,179
1691,87,92,179
1691,64,78,142
1691,83,108,191
1691,94,100,194
1691,125,148,273
1691,64,74,138
1691,68,122,190
1691,104,107,211
1692,85,83,168
1692,151,116,267
1692,70,80,150
1692,164,167,331
1692,70,87,157
1692,85,83,168
1692,90,107,197
1692,70,62,132
1692,63,68,131
1692,109,100,209
1692,54,57,111
1692,79,68,147
1692,82,76,158
1692,120,104,224
1692,93,86,179
1692,67,91,158
1692,76,90,166
1692,70,68,138
1692,115,94,209
1692,116,85,201
1692,85,83,168
1692,68,125,193
1692,84,103,187
1692,98,75,173
1692,88,82,170
1692,73,66,139
1692,83,110,193
1692,86,64,150
1692,53,73,126
1692,80,92,172
1692,70,83,153
1692,68,125,193
1692,116,102,218
1692,104,119,223
1692,81,69,150
1692,81,62,143
1692,107,117,224
1692,81,96,177
1692,53,73,126
1692,122,151,273
1693,70,85,155
1693,70,68,138
1693,68,119,187
1693,116,95,211
1693,92,114,206
1693,79,67,146
1693,90,65,155
1693,59,91,150
1693,70,80,150
1693,98,76,174
1693,91,66,157
1693,52,72,124
1693,103,106,209
1693,99,100,199
1693,105,122,227
1693,76,69,145
1693,89,85,174
1693,64,64,128
1693,70,65,135
1693,108,110,218
1693,121,140,261
1693,85,82,167
1693,94,126,220
1693,52,72,124
1693,83,109,192
1693,87,90,177
1693,78,89,167
1693,68,119,187
1693,85,82,167
1693,144,114,258
1693,71,93,164
1693,111,86,197
1693,80,94,174
1693,163,164,327
1693,85,82,167
1693,111,104,215
1693,71,65,136
1693,52,54,106
1693,95,80,175
1693,103,70,173
1694,70,68,138
1694,109,113,222
1694,124,128,252
1694,86,81,167
1694,108,121,229
1694,85,113,198
1694,92,99,191
1694,86,81,167
1694,77,95,172
1694,85,113,198
1694,86,81,167
1694,71,65,136
1694,111,102,213
1694,53,56,109
1694,108,93,201
1694,91,107,198
1694,71,69,140
1694,106,129,235
1694,69,87,156
1694,142,110,252
1694,107,77,184
1694,77,68,145
1694,90,91,181
1694,86,64,150
1694,52,77,129
1694,83,101,184
1694,68,123,191
1694,57,86,143
1694,64,75,139
1694,156,161,317
1694,102,83,185
1694,69,80,149
1694,93,86,179
1694,69,78,147
1694,90,66,156
1694,87,88,175
1694,85,72,157
1694,96,126,222
1694,52,77,129
1694,68,123,191
1695,108,76,184
1695,70,84,154
1695,86,96,182
1695,98,88,186
1695,129,106,235
1695,87,84,171
1695,87,90,177
1695,66,66,132
1695,122,93,215
1695,135,133,268
1695,54,82,136
1695,85,110,195
1695,90,98,188
1695,86,105,191
1695,86,68,154
1695,110,119,229
1695,60,71,131
1695,87,84,171
1695,117,102,219
1695,132,105,237
1695,53,53,106
1695,86,63,149
1695,82,85,167
1695,87,84,171
1695,93,65,158
1695,54,82,136
1695,108,134,242
1695,70,63,133
1695,93,122,215
1695,96,93,189
1695,71,95,166
1695,90,98,188
1695,109,93,202
1695,154,161,315
1695,78,96,174
1695,69,67,136
1695,82,98,180
1695,100,81,181
1695,78,70,148
1695,77,68,145
1696,107,114,221
1696,68,69,137
1696,87,86,173
1696,100,92,192
1696,90,107,197
1696,68,74,142
1696,98,82,180
1696,125,107,232
1696,87,86,173
1696,85,63,148
1696,84,98,182
1696,93,69,162
1696,88,97,185
1696,131,106,237
1696,76,68,144
1696,53,77,130
1696,53,77,130
1696,82,94,176
1696,87,86,173
1696,85,71,156
1696,72,59,131
1696,106,129,235
1696,100,93,193
1696,152,163,315
1696,71,95,166
1696,103,75,178
1696,80,83,163
1696,78,89,167
1696,61,64,125
1696,66,66,132
1696,93,65,158
1696,88,96,184
1696,75,92,167
1696,82,94,176
1696,107,95,202
1696,61,58,119
1696,132,105,237
1696,114,86,200
1696,129,130,259
1696,94,86,180
1697,100,89,189
1697,85,97,182
1697,72,102,174
1697,125,103,228
1697,106,83,189
1697,95,91,186
1697,90,102,192
1697,98,92,190
1697,87,71,158
1697,107,118,225
1697,94,125,219
1697,54,75,129
1697,85,96,181
1697,85,82,167
1697,71,60,131
1697,105,126,231
1697,106,83,189
1697,80,83,163
1697,66,65,131
1697,78,88,166
1697,137,132,269
1697,61,57,118
1697,97,73,170
1697,123,105,228
1697,112,84,196
1697,90,66,156
1697,85,96,181
1697,70,72,142
1697,54,75,129
1697,105,95,200
1697,74,66,140
1697,74,91,165
1697,85,96,181
1697,129,109,238
1697,155,162,317
1697,70,80,150
1697,81,62,143
1697,85,82,167
1697,60,60,120
1697,85,82,167
1697,64,91,155
1698,84,96,180
1698,87,73,160
1698,81,88,169
1698,113,102,215
1698,114,127,241
1698,72,84,156
1698,89,92,181
1698,109,106,215
1698,72,69,141
1698,122,106,228
1698,52,72,124
1698,82,93,175
1698,62,62,124
1698,77,60,137
1698,86,81,167
1698,111,84,195
1698,155,172,327
1698,91,72,163
1698,59,56,115
1698,141,134,275
1698,71,84,155
1698,64,83,147
1698,86,81,167
1698,67,67,134
1698,52,72,124
1698,86,84,170
1698,82,93,175
1698,107,84,191
1698,95,67,162
1698,129,103,232
1698,107,118,225
1698,82,106,188
1698,86,81,167
1698,89,94,183
1698,98,88,186
1698,72,104,176
1698,70,67,137
1698,97,94,191
1698,69,71,140
1698,107,84,191
1698,105,126,231
1699,78,81,159
1699,113,132,245
1699,78,78,156
1699,154,173,327
1699,106,96,202
1699,69,63,132
1699,85,81,166
1699,75,68,143
1699,124,100,224
1699,71,93,164
1699,90,103,193
1699,92,73,165
1699,56,55,111
1699,71,68,139
1699,70,77,147
1699,105,112,217
1699,82,107,189
1699,132,111,243
1699,110,84,194
1699,71,93,164
1699,106,85,191
1699,52,71,123
1699,106,90,196
1699,115,102,217
1699,134,130,264
1699,71,102,173
1699,52,71,123
1699,72,76,148
1699,70,67,137
1699,79,61,140
1699,85,81,166
1699,106,85,191
1699,121,92,213
1699,87,94,181
1699,93,68,161
1699,85,104,189
1699,117,110,227
1699,85,81,166
1699,70,81,151
1699,95,74,169
1699,95,66,161
1700,79,60,139
1700,115,102,217
1700,116,107,223
1700,108,86,194
1700,85,107,192
1700,97,75,172
1700,135,111,246
1700,155,168,323
1700,85,109,194
1700,73,84,157
1700,53,73,126
1700,71,67,138
1700,126,126,252
1700,108,86,194
1700,80,82,162
1700,74,60,134
1700,106,77,183
1700,84,77,161
1700,53,73,126
1700,53,53,106
1700,87,92,179
1700,72,80,152
1700,69,94,163
1700,109,96,205
1700,108,91,199
1700,83,66,149
1700,84,96,180
1700,84,77,161
1700,80,105,185
1700,101,102,203
1700,68,65,133
1700,88,94,182
1700,112,128,240
1700,89,65,154
1700,73,66,139
1700,84,96,180
1700,84,77,161
1700,90,68,158
1700,79,78,157
1700,131,105,236
1700,119,91,210
1701,86,79,165
1701,102,76,178
1701,102,92,194
1701,120,128,248
1701,80,94,174
1701,76,64,140
1701,80,94,174
1701,69,60,129
1701,104,105,209
1701,110,86,196
1701,75,70,145
1701,86,79,165
1701,83,117,200
1701,115,108,223
1701,85,87,172
1701,70,71,141
1701,82,101,183
1701,110,86,196
1701,132,96,228
1701,111,101,212
1701,99,75,174
1701,81,62,143
1701,53,76,129
1701,108,114,222
1701,103,125,228
1701,79,79,158
1701,92,68,160
1701,85,103,188
1701,153,170,323
1701,86,79,165
1701,84,63,147
1701,99,94,193
1701,72,82,154
1701,138,107,245
1701,53,76,129
1701,71,76,147
1701,80,70,150
1701,54,54,108
1701,72,79,151
1701,78,100,178
1701,69,95,164
1702,109,119,228
1702,110,121,231
1702,105,78,183
1702,85,81,166
1702,75,79,154
1702,82,113,195
1702,67,122,189
1702,85,81,166
1702,123,110,233
1702,70,94,164
1702,82,64,146
1702,95,93,188
1702,104,104,208
1702,81,80,161
1702,69,66,135
1702,86,108,194
1702,119,78,197
1702,85,81,166
1702,74,88,162
1702,71,59,130
1702,112,96,208
1702,65,92,157
1702,75,60,135
1702,89,99,188
1702,67,122,189
1702,103,83,186
1702,53,73,126
1702,59,56,115
1702,87,89,176
1702,104,128,232
1702,76,71,147
1702,134,135,269
1702,53,73,126
1702,103,83,186
1702,163,167,330
1702,114,103,217
1702,84,110,194
1702,128,102,230
1702,76,75,151
1702,74,86,160
1702,84,66,150
1703,105,94,199
1703,75,86,161
1703,74,66,140
1703,109,89,198
1703,91,104,195
1703,88,91,179
1703,106,130,236
1703,78,81,159
1703,70,71,141
1703,57,54,111
1703,100,101,201
1703,141,137,278
1703,84,81,165
1703,111,80,191
1703,62,80,142
1703,72,94,166
1703,108,116,224
1703,73,93,166
1703,67,114,181
1703,67,68,135
1703,84,107,191
1703,87,87,174
1703,109,89,198
1703,87,87,174
1703,141,107,248
1703,67,114,181
1703,82,110,192
1703,109,100,209
1703,51,77,128
1703,89,98,187
1703,124,109,233
1703,113,131,244
1703,107,93,200
1703,79,60,139
1703,71,61,132
1703,51,77,128
1703,87,66,153
1703,83,88,171
1703,85,102,187
1703,87,87,174
1703,165,168,333
1704,52,80,132
1704,136,111,247
1704,114,102,216
1704,87,65,152
1704,111,87,198
1704,88,89,177
1704,62,76,138
1704,78,63,141
1704,75,75,150
1704,151,136,287
1704,80,108,188
1704,77,94,171
1704,102,106,208
1704,67,114,181
1704,105,109,214
1704,91,91,182
1704,67,114,181
1704,107,113,220
1704,88,89,177
1704,77,80,157
1704,136,105,241
1704,92,91,183
1704,52,80,132
1704,165,168,333
1704,66,62,128
1704,54,54,108
1704,89,93,182
1704,103,124,227
1704,72,81,153
1704,97,86,183
1704,84,92,176
1704,87,107,194
1704,88,89,177
1704,100,102,202
1704,73,96,169
1704,112,80,192
1704,90,105,195
1704,77,89,166
1704,68,69,137
1704,88,103,191
1704,88,103,191
1705,75,104,179
1705,66,61,127
1705,77,91,168
1705,55,89,144
1705,52,53,105
1705,81,62,143
1705,89,113,202
1705,84,114,198
1705,90,92,182
1705,68,122,190
1705,104,122,226
1705,55,89,144
1705,142,105,247
1705,63,79,142
1705,73,102,175
1705,89,102,191
1705,71,77,148
1705,142,132,274
1705,82,90,172
1705,76,92,168
1705,68,122,190
1705,118,67,185
1705,112,101,213
1705,118,67,185
1705,86,66,152
1705,83,92,175
1705,75,72,147
1705,82,90,172
1705,78,87,165
1705,101,104,205
1705,130,110,240
1705,177,167,344
1705,99,97,196
1705,76,77,153
1705,98,101,199
1705,82,113,195
1705,107,116,223
1705,91,100,191
1705,99,94,193
1705,118,67,185
1705,84,105,189
1706,67,116,183
1706,84,91,175
1706,84,91,175
1706,115,66,181
1706,90,98,188
1706,75,104,179
1706,115,66,181
1706,97,93,190
1706,55,90,145
1706,115,88,203
1706,82,90,172
1706,115,66,181
1706,100,99,199
1706,69,75,144
1706,75,72,147
1706,67,116,183
1706,94,104,198
1706,63,64,127
1706,54,57,111
1706,93,102,195
1706,104,122,226
1706,72,102,174
1706,120,133,253
1706,171,169,340
1706,149,137,286
1706,98,94,192
1706,74,76,150
1706,102,85,187
1706,107,100,207
1706,84,119,203
1706,124,107,231
1706,80,63,143
1706,101,70,171
1706,97,67,164
1706,108,116,224
1706,78,84,162
1706,63,79,142
1706,82,99,181
1706,110,105,215
1706,82,103,185
1706,55,90,145
1707,66,114,180
1707,82,88,170
1707,114,66,180
1707,94,102,196
1707,82,88,170
1707,63,63,126
1707,139,105,244
1707,114,66,180
1707,53,56,109
1707,86,95,181
1707,164,166,330
1707,79,71,150
1707,102,106,208
1707,69,94,163
1707,112,97,209
1707,105,100,205
1707,114,88,202
1707,103,104,207
1707,99,85,184
1707,93,66,159
1707,73,61,134
1707,54,85,139
1707,88,90,178
1707,75,102,177
1707,54,85,139
1707,79,75,154
1707,74,70,144
1707,105,125,230
1707,64,85,149
1707,114,66,180
1707,66,114,180
1707,150,138,288
1707,96,84,180
1707,111,92,203
1707,84,98,182
1707,130,111,241
1707,71,71,142
1707,112,76,188
1707,78,86,164
1707,110,120,230
1707,100,69,169
1708,54,57,111
1708,83,89,172
1708,54,88,142
1708,83,89,172
1708,54,88,142
1708,114,65,179
1708,79,62,141
1708,67,114,181
1708,154,139,293
1708,127,100,227
1708,67,114,181
1708,112,86,198
1708,114,65,179
1708,74,72,146
1708,85,117,202
1708,134,99,233
1708,66,88,154
1708,90,67,157
1708,115,132,247
1708,118,108,226
1708,70,67,137
1708,101,103,204
1708,116,98,214
1708,153,166,319
1708,96,103,199
1708,84,100,184
1708,91,83,174
1708,75,71,146
1708,104,88,192
1708,64,87,151
1708,109,74,183
1708,89,95,184
1708,82,84,166
1708,110,99,209
1708,95,69,164
1708,80,114,194
1708,72,80,152
1708,86,95,181
1708,62,64,126
1708,114,65,179
1708,107,128,235
1709,85,91,176
1709,67,70,137
1709,97,86,183
1709,152,135,287
1709,101,104,205
1709,54,86,140
1709,109,95,204
1709,65,113,178
1709,117,65,182
1709,85,91,176
1709,117,65,182
1709,92,104,196
1709,116,107,223
1709,75,82,157
1709,99,70,169
1709,141,101,242
1709,53,56,109
1709,64,60,124
1709,108,137,245
1709,106,97,203
1709,88,118,206
1709,65,75,140
1709,164,166,330
1709,81,63,144
1709,73,71,144
1709,82,85,167
1709,89,110,199
1709,99,69,168
1709,109,105,214
1709,106,88,194
1709,54,86,140
1709,130,101,231
1709,93,68,161
1709,104,98,202
1709,78,78,156
1709,84,98,182
1709,110,92,202
1709,117,65,182
1709,65,113,178
1709,96,105,201
1709,63,80,143
1710,71,93,164
1710,68,71,139
1710,81,63,144
1710,90,116,206
1710,122,108,230
1710,105,61,166
1710,83,97,180
1710,103,89,192
1710,65,63,128
1710,86,97,183
1710,129,95,224
1710,94,68,162
1710,63,78,141
1710,146,134,280
1710,67,112,179
1710,86,81,167
1710,67,112,179
1710,104,121,225
1710,69,73,142
1710,105,61,166
1710,105,94,199
1710,101,95,196
1710,113,129,242
1710,157,164,321
1710,78,85,163
1710,83,94,177
1710,103,108,211
1710,89,111,200
1710,75,65,140
1710,55,85,140
1710,74,69,143
1710,119,126,245
1710,100,96,196
1710,99,100,199
1710,105,61,166
1710,54,54,108
1710,76,90,166
1710,55,85,140
1710,86,116,202
1710,105,88,193
1710,86,97,183
1711,116,87,203
1711,110,90,200
1711,65,98,163
1711,106,105,211
1711,104,120,224
1711,90,66,156
1711,76,78,154
1711,66,83,149
1711,105,60,165
1711,82,89,171
1711,111,122,233
1711,91,97,188
1711,84,69,153
1711,69,86,155
1711,82,64,146
1711,155,165,320
1711,105,96,201
1711,103,89,192
1711,55,86,141
1711,109,101,210
1711,91,99,190
1711,67,85,152
1711,85,104,189
1711,116,78,194
1711,127,112,239
1711,105,60,165
1711,123,151,274
1711,75,68,143
1711,65,98,163
1711,55,64,119
1711,86,98,184
1711,105,60,165
1711,120,128,248
1711,55,86,141
1711,124,94,218
1711,67,70,137
1711,79,94,173
1711,107,97,204
1711,113,92,205
1711,64,63,127
1711,86,98,184
1712,71,89,160
1712,88,105,193
1712,100,88,188
1712,109,122,231
1712,98,57,155
1712,56,66,122
1712,74,68,142
1712,79,83,162
1712,115,104,219
1712,86,66,152
1712,110,78,188
1712,155,166,321
1712,65,105,170
1712,112,91,203
1712,79,63,142
1712,88,70,158
1712,97,88,185
1712,125,94,219
1712,67,70,137
1712,84,98,182
1712,65,105,170
1712,88,105,193
1712,98,57,155
1712,80,95,175
1712,128,112,240
1712,92,68,160
1712,127,157,284
1712,57,91,148
1712,57,91,148
1712,98,57,155
1712,82,120,202
1712,74,64,138
1712,106,112,218
1712,88,113,201
1712,99,100,199
1712,73,103,176
1712,91,103,194
1712,91,93,184
1712,109,133,242
1712,144,107,251
1712,83,96,179
1713,67,109,176
1713,67,109,176
1713,81,83,164
1713,125,94,219
1713,67,72,139
1713,128,112,240
1713,102,109,211
1713,101,58,159
1713,102,111,213
1713,85,102,187
1713,119,104,223
1713,79,94,173
1713,74,109,183
1713,88,68,156
1713,78,86,164
1713,58,92,150
1713,56,66,122
1713,107,117,224
1713,157,173,330
1713,101,58,159
1713,126,150,276
1713,113,91,204
1713,93,128,221
1713,85,102,187
1713,87,104,191
1713,86,68,154
1713,105,122,227
1713,88,87,175
1713,91,98,189
1713,94,86,180
1713,88,111,199
1713,67,77,144
1713,88,72,160
1713,91,73,164
1713,146,106,252
1713,78,62,140
1713,110,77,187
1713,80,69,149
1713,82,119,201
1713,101,58,159
1713,58,92,150
1714,72,69,141
1714,133,105,238
1714,104,107,211
1714,111,85,196
1714,56,91,147
1714,131,112,243
1714,111,122,233
1714,97,75,172
1714,111,92,203
1714,84,98,182
1714,81,73,154
1714,103,58,161
1714,80,84,164
1714,86,118,204
1714,103,58,161
1714,103,58,161
1714,56,91,147
1714,90,106,196
1714,82,118,200
1714,80,67,147
1714,87,75,162
1714,107,127,234
1714,104,75,179
1714,124,155,279
1714,91,70,161
1714,84,98,182
1714,70,84,154
1714,89,83,172
1714,98,101,199
1714,74,103,177
1714,121,104,225
1714,103,102,205
1714,158,166,324
1714,57,67,124
1714,67,72,139
1714,64,102,166
1714,64,102,166
1714,87,104,191
1714,71,61,132
1714,106,71,177
1714,95,72,167
1715,104,124,228
1715,99,74,173
1715,63,98,161
1715,106,71,177
1715,72,70,142
1715,58,69,127
1715,90,105,195
1715,111,101,212
1715,70,90,160
1715,126,101,227
1715,88,104,192
1715,93,71,164
1715,160,165,325
1715,81,78,159
1715,71,61,132
1715,68,92,160
1715,90,84,174
1715,71,88,159
1715,126,151,277
1715,121,95,216
1715,89,91,180
1715,111,128,239
1715,83,111,194
1715,55,88,143
1715,112,61,173
1715,112,61,173
1715,81,122,203
1715,82,87,169
1715,112,61,173
1715,111,106,217
1715,82,87,169
1715,63,98,161
1715,71,84,155
1715,87,68,155
1715,55,88,143
1715,80,83,163
1715,105,111,216
1715,112,84,196
1715,102,76,178
1715,115,105,220
1715,140,114,254
1716,57,91,148
1716,104,77,181
1716,92,114,206
1716,85,98,183
1716,95,71,166
1716,111,60,171
1716,111,60,171
1716,114,88,202
1716,82,118,200
1716,85,98,183
1716,145,116,261
1716,111,60,171
1716,80,80,160
1716,68,89,157
1716,87,131,218
1716,58,68,126
1716,89,71,160
1716,76,91,167
1716,64,98,162
1716,86,112,198
1716,94,118,212
1716,57,91,148
1716,66,93,159
1716,110,124,234
1716,70,59,129
1716,103,99,202
1716,129,103,232
1716,64,98,162
1716,167,166,333
1716,93,85,178
1716,125,152,277
1716,81,89,170
1716,73,88,161
1716,106,75,181
1716,71,86,157
1716,104,118,222
1716,120,94,214
1716,89,82,171
1716,111,101,212
1716,73,71,144
1716,115,102,217
1717,63,83,146
1717,115,92,207
1717,71,88,159
1717,58,94,152
1717,85,112,197
1717,71,93,164
1717,78,114,192
1717,91,104,195
1717,58,94,152
1717,85,72,157
1717,73,92,165
1717,61,91,152
1717,71,60,131
1717,158,165,323
1717,112,104,216
1717,106,107,213
1717,108,99,207
1717,89,115,204
1717,78,76,154
1717,84,127,211
1717,117,97,214
1717,58,67,125
1717,88,105,193
1717,110,60,170
1717,106,73,179
1717,70,98,168
1717,81,87,168
1717,104,116,220
1717,61,91,152
1717,129,158,287
1717,118,96,214
1717,110,60,170
1717,105,112,217
1717,110,60,170
1717,86,83,169
1717,146,117,263
1717,88,105,193
1717,75,90,165
1717,97,73,170
1717,72,69,141
1717,99,73,172
1718,82,66,148
1718,58,66,124
1718,106,57,163
1718,82,66,148
1718,144,116,260
1718,75,104,179
1718,106,57,163
1718,92,71,163
1718,74,61,135
1718,78,110,188
1718,71,96,167
1718,105,122,227
1718,104,107,211
1718,116,89,205
1718,93,123,216
1718,117,93,210
1718,85,75,160
1718,117,104,221
1718,87,104,191
1718,70,84,154
1718,87,104,191
1718,84,129,213
1718,78,80,158
1718,107,73,180
1718,94,115,209
1718,113,78,191
1718,62,85,147
1718,79,89,168
1718,106,57,163
1718,86,79,165
1718,81,87,168
1718,74,98,172
1718,158,139,297
1718,62,85,147
1718,74,91,165
1718,114,100,214
1718,106,110,216
1718,161,165,326
1718,82,81,163
1718,64,78,142
1718,103,101,204
1719,120,98,218
1719,74,91,165
1719,71,95,166
1719,125,106,231
1719,121,95,216
1719,76,96,172
1719,78,79,157
1719,81,97,178
1719,107,126,233
1719,73,89,162
1719,103,102,205
1719,117,88,205
1719,169,165,334
1719,111,68,179
1719,78,108,186
1719,120,95,215
1719,82,87,169
1719,84,97,181
1719,102,72,174
1719,82,70,152
1719,127,155,282
1719,148,115,263
1719,97,74,171
1719,63,87,150
1719,82,130,212
1719,63,77,140
1719,94,53,147
1719,79,90,169
1719,80,89,169
1719,59,69,128
1719,84,67,151
1719,63,87,150
1719,84,67,151
1719,101,102,203
1719,94,53,147
1719,74,103,177
1719,94,53,147
1719,85,74,159
1719,84,97,181
1719,107,115,222
1719,69,59,128
1720,81,98,179
1720,66,57,123
1720,73,93,166
1720,107,109,216
1720,77,108,185
1720,74,77,151
1720,106,126,232
1720,87,113,200
1720,160,163,323
1720,85,97,182
1720,85,67,152
1720,130,159,289
1720,67,102,169
1720,88,51,139
1720,86,67,153
1720,80,77,157
1720,78,112,190
1720,67,102,169
1720,88,51,139
1720,103,75,178
1720,97,88,185
1720,85,67,152
1720,99,85,184
1720,67,86,153
1720,114,104,218
1720,93,71,164
1720,102,72,174
1720,88,51,139
1720,104,100,204
1720,59,71,130
1720,91,117,208
1720,115,93,208
1720,78,90,168
1720,154,116,270
1720,77,85,162
1720,123,100,223
1720,71,79,150
1720,96,124,220
1720,74,94,168
1720,93,63,156
1720,85,97,182
1721,104,66,170
1721,66,57,123
1721,106,76,182
1721,68,105,173
1721,109,88,197
1721,85,66,151
1721,83,68,151
1721,68,67,135
1721,108,103,211
1721,63,86,149
1721,107,76,183
1721,95,53,148
1721,115,98,213
1721,102,85,187
1721,145,114,259
1721,77,87,164
1721,159,173,332
1721,70,84,154
1721,95,53,148
1721,59,71,130
1721,125,104,229
1721,128,154,282
1721,111,126,237
1721,90,113,203
1721,71,69,140
1721,106,127,233
1721,105,108,213
1721,67,89,156
1721,85,106,191
1721,94,68,162
1721,83,94,177
1721,79,75,154
1721,92,89,181
1721,68,105,173
1721,76,103,179
1721,83,94,177
1721,95,53,148
1721,85,66,151
1721,79,111,190
1721,75,78,153
1721,76,104,180
1722,136,113,249
1722,67,71,138
1722,108,76,184
1722,82,88,170
1722,138,100,238
1722,69,123,192
1722,100,92,192
1722,78,88,166
1722,102,67,169
1722,109,113,222
1722,72,88,160
1722,82,88,170
1722,109,104,213
1722,83,66,149
1722,98,54,152
1722,102,73,175
1722,73,80,153
1722,79,108,187
1722,98,54,152
1722,83,66,149
1722,130,163,293
1722,77,101,178
1722,82,123,205
1722,98,54,152
1722,107,76,183
1722,119,100,219
1722,108,129,237
1722,60,71,131
1722,69,123,192
1722,85,106,191
1722,165,172,337
1722,72,60,132
1722,122,104,226
1722,84,76,160
1722,90,114,204
1722,77,68,145
1722,81,69,150
1722,99,85,184
1722,58,68,126
1722,106,86,192
1722,61,73,134
1723,74,81,155
1723,69,121,190
1723,103,85,188
1723,86,106,192
1723,157,142,299
1723,82,91,173
1723,112,125,237
1723,77,87,164
1723,82,75,157
1723,81,66,147
1723,81,87,168
1723,137,113,250
1723,72,59,131
1723,84,124,208
1723,99,87,186
1723,57,66,123
1723,94,52,146
1723,76,99,175
1723,78,111,189
1723,94,52,146
1723,89,70,159
1723,61,68,129
1723,91,111,202
1723,121,102,223
1723,109,93,202
1723,81,87,168
1723,104,105,209
1723,110,103,213
1723,61,72,133
1723,81,68,149
1723,144,114,258
1723,81,66,147
1723,168,184,352
1723,118,99,217
1723,108,75,183
1723,119,80,199
1723,74,92,166
1723,70,79,149
1723,69,121,190
1723,101,74,175
1723,94,52,146
1724,60,67,127
1724,78,68,146
1724,88,50,138
1724,85,105,190
1724,108,106,214
1724,100,86,186
1724,104,71,175
1724,107,94,201
1724,103,101,204
1724,82,90,172
1724,109,74,183
1724,168,185,353
1724,74,61,135
1724,96,73,169
1724,59,69,128
1724,88,50,138
1724,80,106,186
1724,79,112,191
1724,70,80,150
1724,87,69,156
1724,69,116,185
1724,60,63,123
1724,115,100,215
1724,117,96,213
1724,90,110,200
1724,111,105,216
1724,88,50,138
1724,80,89,169
1724,82,90,172
1724,83,65,148
1724,111,122,233
1724,146,136,282
1724,81,83,164
1724,83,65,148
1724,145,113,258
1724,91,98,189
1724,69,116,185
1724,88,76,164
1724,134,111,245
1724,95,84,179
1724,73,78,151
1725,79,115,194
1725,81,66,147
1725,79,126,205
1725,103,71,174
1725,83,100,183
1725,166,179,345
1725,145,115,260
1725,101,98,199
1725,99,90,189
1725,92,96,188
1725,81,66,147
1725,70,77,147
1725,80,89,169
1725,132,99,231
1725,159,138,297
1725,59,63,122
1725,74,78,152
1725,107,114,221
1725,90,83,173
1725,92,53,145
1725,106,97,203
1725,123,99,222
1725,128,110,238
1725,92,53,145
1725,88,74,162
1725,82,67,149
1725,92,96,188
1725,81,83,164
1725,82,88,170
1725,91,95,186
1725,106,77,183
1725,88,110,198
1725,113,91,204
1725,92,53,145
1725,61,75,136
1725,59,67,126
1725,71,59,130
1725,101,79,180
1725,81,69,150
1725,99,73,172
1726,76,60,136
1726,102,57,159
1726,76,106,182
1726,71,65,136
1726,74,103,177
1726,59,72,131
1726,132,111,243
1726,97,98,195
1726,143,108,251
1726,98,76,174
1726,96,73,169
1726,110,77,187
1726,87,67,154
1726,148,138,286
1726,74,78,152
1726,119,95,214
1726,72,68,140
1726,102,57,159
1726,67,72,139
1726,86,104,190
1726,79,80,159
1726,116,90,206
1726,81,90,171
1726,97,72,169
1726,58,60,118
1726,80,78,158
1726,101,98,199
1726,81,93,174
1726,87,67,154
1726,97,98,195
1726,102,57,159
1726,130,110,240
1726,114,99,213
1726,101,84,185
1726,168,192,360
1726,93,68,161
1726,87,104,191
1726,134,114,248
1726,62,68,130
1726,93,91,184
1727,84,92,176
1727,134,113,247
1727,90,109,199
1727,76,107,183
1727,117,136,253
1727,78,89,167
1727,81,65,146
1727,76,111,187
1727,63,68,131
1727,58,63,121
1727,87,96,183
1727,66,75,141
1727,118,126,244
1727,75,102,177
1727,156,139,295
1727,81,65,146
1727,82,84,166
1727,74,80,154
1727,138,112,250
1727,85,101,186
1727,87,96,183
1727,78,80,158
1727,96,72,168
1727,91,52,143
1727,102,103,205
1727,101,73,174
1727,91,52,143
1727,74,74,148
1727,92,69,161
1727,75,66,141
1727,102,79,181
1727,98,74,172
1727,57,66,123
1727,91,52,143
1727,62,57,119
1727,101,91,192
1727,111,94,205
1727,92,115,207
1727,167,187,354
1727,112,99,211
1728,106,74,180
1728,85,66,151
1728,144,134,278
1728,87,95,182
1728,83,101,184
1728,104,96,200
1728,131,111,242
1728,113,115,228
1728,90,106,196
1728,59,56,115
1728,87,95,182
1728,79,69,148
1728,124,110,234
1728,62,66,128
1728,98,55,153
1728,167,189,356
1728,74,68,142
1728,78,63,141
1728,95,74,169
1728,58,66,124
1728,74,100,174
1728,98,55,153
1728,110,122,232
1728,103,98,201
1728,87,107,194
1728,98,55,153
1728,102,91,193
1728,101,98,199
1728,83,83,166
1728,58,60,118
1728,76,106,182
1728,80,93,173
1728,110,71,181
1728,73,74,147
1728,78,63,141
1728,76,79,155
1728,91,112,203
1728,74,103,177
1728,62,70,132
1728,82,83,165
1729,97,74,171
1729,56,54,110
1729,105,60,165
1729,92,111,203
1729,105,60,165
1729,83,72,155
1729,107,116,223
1729,87,94,181
1729,98,74,172
1729,72,65,137
1729,72,101,173
1729,76,105,181
1729,163,180,343
1729,60,62,122
1729,147,136,283
1729,111,68,179
1729,121,117,238
1729,78,84,162
1729,80,65,145
1729,87,94,181
1729,102,101,203
1729,79,85,164
1729,84,73,157
1729,126,112,238
1729,80,65,145
1729,60,67,127
1729,102,97,199
1729,81,77,158
1729,83,68,151
1729,105,60,165
1729,75,79,154
1729,105,100,205
1729,70,83,153
1729,83,95,178
1729,120,129,249
1729,75,102,177
1729,94,90,184
1729,57,65,122
1729,91,111,202
1729,77,66,143
1730,72,66,138
1730,104,97,201
1730,76,105,181
1730,80,94,174
1730,104,94,198
1730,60,72,132
1730,56,63,119
1730,82,80,162
1730,79,64,143
1730,114,84,198
1730,91,108,199
1730,165,175,340
1730,126,111,237
1730,85,105,190
1730,100,76,176
1730,78,87,165
1730,120,130,250
1730,71,94,165
1730,72,86,158
1730,117,136,253
1730,121,125,246
1730,89,87,176
1730,72,65,137
1730,99,66,165
1730,150,138,288
1730,61,57,118
1730,60,67,127
1730,97,67,164
1730,80,94,174
1730,97,74,171
1730,84,70,154
1730,94,94,188
1730,105,96,201
1730,96,73,169
1730,78,85,163
1730,74,105,179
1730,79,64,143
1730,113,63,176
1731,89,110,199
1731,83,95,178
1731,65,59,124
1731,108,95,203
1731,88,75,163
1731,102,94,196
1731,71,68,139
1731,164,177,341
1731,154,139,293
1731,76,75,151
1731,67,82,149
1731,97,66,163
1731,105,134,239
1731,121,120,241
1731,80,89,169
1731,106,76,182
1731,93,73,166
1731,88,67,155
1731,76,87,163
1731,84,82,166
1731,88,67,155
1731,59,65,124
1731,85,88,173
1731,96,67,163
1731,107,59,166
1731,145,117,262
1731,115,85,200
1731,80,93,173
1731,80,93,173
1731,81,81,162
1731,71,91,162
1731,88,71,159
1731,112,100,212
1731,109,94,203
1731,59,67,126
1731,95,94,189
1731,79,110,189
1731,71,89,160
1732,163,175,338
1732,76,76,152
1732,76,85,161
1732,113,84,197
1732,103,94,197
1732,82,96,178
1732,61,58,119
1732,74,107,181
1732,76,91,167
1732,122,128,250
1732,76,91,167
1732,81,93,174
1732,107,97,204
1732,58,66,124
1732,85,93,178
1732,160,139,299
1732,83,93,176
1732,73,94,167
1732,79,66,145
1732,113,89,202
1732,83,65,148
1732,103,76,179
1732,104,56,160
1732,58,62,120
1732,67,83,150
1732,105,131,236
1732,85,66,151
1732,79,82,161
1732,115,80,195
1732,102,93,195
1732,113,90,203
1732,89,71,160
1732,102,76,178
1732,82,69,151
1732,77,108,185
1732,119,102,221
1732,117,140,257
1732,85,66,151
1733,76,75,151
1733,60,66,126
1733,64,58,122
1733,76,90,166
1733,103,74,177
1733,59,65,124
1733,82,95,177
1733,83,75,158
1733,92,108,200
1733,108,78,186
1733,111,95,206
1733,97,56,153
1733,72,97,169
1733,83,69,152
1733,61,95,156
1733,83,90,173
1733,82,67,149
1733,72,88,160
1733,75,80,155
1733,75,94,169
1733,101,70,171
1733,104,123,227
1733,61,95,156
1733,137,112,249
1733,117,114,231
1733,81,97,178
1733,83,93,176
1733,121,99,220
1733,98,130,228
1733,76,90,166
1733,68,87,155
1733,81,85,166
1733,162,137,299
1733,105,82,187
1733,101,94,195
1733,76,99,175
1733,123,94,217
1733,159,164,323
1734,119,138,257
1734,82,67,149
1734,73,93,166
1734,59,69,128
1734,89,53,142
1734,84,66,150
1734,80,77,157
1734,77,75,152
1734,118,92,210
1734,77,79,156
1734,101,108,209
1734,122,110,232
1734,121,97,218
1734,69,91,160
1734,76,69,145
1734,145,134,279
1734,102,99,201
1734,59,58,117
1734,121,91,212
1734,106,78,184
1734,110,95,205
1734,78,85,163
1734,85,87,172
1734,110,80,190
1734,86,70,156
1734,70,90,160
1734,97,126,223
1734,99,79,178
1734,72,90,162
1734,169,166,335
1734,68,90,158
1734,60,94,154
1734,64,57,121
1734,68,90,158
1734,75,100,175
1734,80,88,168
1734,60,94,154
1734,68,81,149
1735,69,88,157
1735,80,82,162
1735,73,60,133
1735,72,83,155
1735,136,111,247
1735,126,108,234
1735,112,100,212
1735,177,165,342
1735,107,108,215
1735,112,92,204
1735,148,136,284
1735,80,54,134
1735,75,69,144
1735,74,70,144
1735,66,57,123
1735,80,82,162
1735,84,116,200
1735,86,74,160
1735,111,98,209
1735,69,78,147
1735,69,64,133
1735,73,89,162
1735,83,90,173
1735,83,79,162
1735,82,64,146
1735,110,79,189
1735,91,106,197
1735,123,104,227
1735,82,76,158
1735,102,112,214
1735,56,63,119
1735,112,84,196
1735,69,88,157
1735,60,58,118
1735,75,98,173
1735,63,77,140
1735,76,67,143
1735,82,64,146
1736,89,109,198
1736,92,99,191
1736,74,73,147
1736,59,58,117
1736,85,97,182
1736,63,59,122
1736,73,61,134
1736,82,68,150
1736,90,72,162
1736,81,82,163
1736,73,61,134
1736,77,68,145
1736,86,101,187
1736,97,75,172
1736,79,74,153
1736,118,104,222
1736,106,122,228
1736,74,69,143
1736,73,59,132
1736,68,62,130
1736,107,111,218
1736,145,133,278
1736,75,78,153
1736,119,113,232
1736,82,60,142
1736,119,101,220
1736,159,164,323
1736,68,90,158
1736,82,91,173
1736,125,98,223
1736,109,85,194
1736,110,98,208
1736,67,90,157
1736,113,105,218
1736,67,90,157
1736,56,60,116
1736,102,92,194
1736,73,99,172
1737,107,128,235
1737,77,88,165
1737,95,110,205
1737,94,79,173
1737,77,81,158
1737,95,69,164
1737,87,69,156
1737,79,70,149
1737,150,136,286
1737,70,89,159
1737,77,68,145
1737,159,165,324
1737,106,97,203
1737,70,89,159
1737,120,104,224
1737,90,64,154
1737,83,63,146
1737,111,97,208
1737,75,115,190
1737,106,75,181
1737,76,79,155
1737,57,70,127
1737,113,96,209
1737,101,103,204
1737,91,116,207
1737,75,74,149
1737,76,63,139
1737,91,113,204
1737,57,59,116
1737,73,82,155
1737,92,115,207
1737,105,82,187
1737,76,63,139
1737,69,89,158
1737,122,117,239
1737,65,59,124
1737,106,108,214
1737,115,98,213
1738,101,94,195
1738,72,89,161
1738,123,107,230
1738,100,80,180
1738,105,88,193
1738,89,100,189
1738,62,69,131
1738,72,63,135
1738,72,89,161
1738,170,167,337
1738,73,86,159
1738,96,72,168
1738,69,59,128
1738,77,63,140
1738,99,79,178
1738,72,74,146
1738,69,59,128
1738,106,126,232
1738,122,118,240
1738,105,99,204
1738,79,83,162
1738,63,85,148
1738,74,81,155
1738,123,93,216
1738,90,69,159
1738,87,112,199
1738,80,55,135
1738,66,60,126
1738,78,75,153
1738,109,101,210
1738,84,71,155
1738,88,111,199
1738,128,103,231
1738,76,67,143
1738,108,82,190
1738,148,131,279
1738,114,98,212
1738,81,59,140
1739,128,102,230
1739,72,69,141
1739,67,67,134
1739,91,72,163
1739,67,58,125
1739,87,106,193
1739,71,87,158
1739,93,63,156
1739,67,61,128
1739,103,99,202
1739,89,76,165
1739,74,86,160
1739,109,131,240
1739,77,84,161
1739,85,84,169
1739,109,94,203
1739,139,131,270
1739,122,110,232
1739,87,85,172
1739,90,73,163
1739,82,61,143
1739,78,65,143
1739,117,98,215
1739,73,102,175
1739,91,99,190
1739,101,93,194
1739,89,86,175
1739,67,61,128
1739,67,58,125
1739,71,87,158
1739,73,62,135
1739,86,70,156
1739,83,78,161
1739,90,108,198
1739,94,120,214
1739,171,166,337
1739,92,120,212
1739,115,129,244
1740,67,60,127
1740,87,71,158
1740,81,92,173
1740,107,97,204
1740,90,112,202
1740,67,87,154
1740,111,112,223
1740,100,122,222
1740,58,61,119
1740,70,67,137
1740,68,59,127
1740,108,99,207
1740,86,103,189
1740,118,93,211
1740,92,110,202
1740,122,118,240
1740,74,87,161
1740,102,92,194
1740,68,59,127
1740,132,164,296
1740,120,137,257
1740,82,67,149
1740,61,84,145
1740,71,71,142
1740,89,69,158
1740,84,110,194
1740,76,75,151
1740,81,78,159
1740,72,59,131
1740,160,163,323
1740,84,76,160
1740,107,121,228
1740,70,90,160
1740,89,98,187
1740,70,90,160
1740,81,68,149
1740,88,86,174
1740,74,81,155
1741,90,113,203
1741,84,72,156
1741,95,120,215
1741,84,70,154
1741,96,70,166
1741,55,60,115
1741,73,60,133
1741,172,165,337
1741,116,96,212
1741,86,102,188
1741,110,109,219
1741,71,97,168
1741,73,88,161
1741,70,86,156
1741,132,162,294
1741,115,83,198
1741,85,105,190
1741,85,84,169
1741,73,88,161
1741,124,130,254
1741,120,136,256
1741,75,61,136
1741,61,80,141
1741,103,99,202
1741,82,78,160
1741,77,95,172
1741,96,118,214
1741,65,58,123
1741,77,65,142
1741,75,61,136
1741,68,73,141
1741,83,76,159
1741,111,136,247
1741,114,94,208
1741,89,96,185
1741,93,73,166
1741,82,93,175
1741,80,68,148
1742,71,63,134
1742,91,69,160
1742,121,98,219
1742,89,94,183
1742,119,128,247
1742,76,89,165
1742,106,105,211
1742,100,96,196
1742,70,61,131
1742,93,116,209
1742,74,90,164
1742,85,71,156
1742,85,70,155
1742,95,118,213
1742,84,87,171
1742,88,67,155
1742,86,76,162
1742,84,101,185
1742,77,82,159
1742,119,85,204
1742,66,83,149
1742,183,167,350
1742,123,95,218
1742,64,58,122
1742,70,61,131
1742,134,111,245
1742,90,71,161
1742,76,89,165
1742,125,127,252
1742,74,92,166
1742,72,79,151
1742,129,146,275
1742,79,61,140
1742,80,90,170
1742,86,105,191
1742,78,74,152
1742,82,96,178
1742,59,76,135
1743,93,73,166
1743,85,99,184
1743,61,82,143
1743,60,57,117
1743,114,125,239
1743,91,115,206
1743,102,71,173
1743,81,80,161
1743,85,105,190
1743,73,61,134
1743,76,70,146
1743,129,149,278
1743,70,75,145
1743,92,94,186
1743,85,74,159
1743,88,92,180
1743,79,62,141
1743,136,95,231
1743,89,79,168
1743,75,90,165
1743,91,108,199
1743,70,91,161
1743,184,170,354
1743,86,95,181
1743,125,101,226
1743,78,73,151
1743,73,95,168
1743,149,113,262
1743,81,91,172
1743,89,72,161
1743,134,115,249
1743,93,105,198
1743,96,110,206
1743,133,155,288
1743,73,60,133
1743,79,82,161
1743,81,91,172
1743,73,61,134
1744,97,95,192
1744,83,67,150
1744,77,75,152
1744,101,75,176
1744,60,80,140
1744,198,172,370
1744,98,104,202
1744,76,62,138
1744,108,132,240
1744,82,61,143
1744,129,149,278
1744,87,106,193
1744,111,101,212
1744,81,89,170
1744,79,75,154
1744,65,60,125
1744,76,62,138
1744,71,87,158
1744,119,86,205
1744,75,89,164
1744,98,67,165
1744,127,102,229
1744,72,90,162
1744,71,87,158
1744,115,127,242
1744,100,119,219
1744,85,90,175
1744,138,98,236
1744,79,73,152
1744,129,143,272
1744,55,56,111
1744,82,83,165
1744,88,90,178
1744,73,81,154
1744,98,74,172
1744,88,103,191
1744,84,98,182
1744,101,71,172
1745,78,75,153
1745,59,64,123
1745,145,108,253
1745,162,182,344
1745,96,72,168
1745,82,66,148
1745,92,111,203
1745,75,87,162
1745,77,90,167
1745,86,102,188
1745,75,99,174
1745,123,140,263
1745,129,103,232
1745,87,92,179
1745,84,95,179
1745,107,72,179
1745,89,79,168
1745,57,73,130
1745,140,100,240
1745,90,118,208
1745,75,61,136
1745,74,62,136
1745,74,62,136
1745,90,110,200
1745,96,104,200
1745,65,59,124
1745,158,124,282
1745,103,98,201
1745,70,79,149
1745,84,102,186
1745,86,82,168
1745,108,134,242
1745,96,66,162
1745,82,96,178
1745,105,75,180
1745,77,90,167
1745,127,101,228
1745,79,75,154
1746,84,90,174
1746,87,70,157
1746,86,82,168
1746,74,83,157
1746,78,63,141
1746,85,68,153
1746,154,124,278
1746,90,112,202
1746,92,96,188
1746,74,65,139
1746,67,79,146
1746,142,101,243
1746,115,101,216
1746,67,60,127
1746,67,85,152
1746,99,95,194
1746,74,94,168
1746,109,128,237
1746,77,62,139
1746,75,93,168
1746,83,91,174
1746,91,110,201
1746,67,85,152
1746,78,67,145
1746,72,81,153
1746,81,82,163
1746,87,100,187
1746,122,133,255
1746,110,138,248
1746,98,72,170
1746,92,79,171
1746,105,104,209
1746,160,173,333
1746,88,104,192
1746,58,76,134
1746,82,91,173
1746,83,99,182
1746,77,62,139
1747,70,79,149
1747,71,89,160
1747,68,85,153
1747,137,98,235
1747,63,61,124
1747,81,79,160
1747,123,103,226
1747,134,114,248
1747,84,94,178
1747,105,98,203
1747,58,57,115
1747,119,98,217
1747,124,126,250
1747,82,101,183
1747,79,63,142
1747,89,70,159
1747,79,63,142
1747,88,91,179
1747,91,111,202
1747,68,85,153
1747,162,170,332
1747,79,67,146
1747,78,63,141
1747,72,90,162
1747,138,106,244
1747,130,149,279
1747,87,65,152
1747,89,115,204
1747,70,74,144
1747,85,73,158
1747,58,74,132
1747,98,96,194
1747,99,81,180
1747,97,74,171
1747,87,84,171
1747,81,87,168
1747,80,79,159
1747,84,98,182
1748,86,81,167
1748,95,81,176
1748,92,83,175
1748,125,103,228
1748,91,108,199
1748,127,112,239
1748,72,61,133
1748,84,101,185
1748,66,85,151
1748,81,88,169
1748,68,77,145
1748,161,169,330
1748,111,99,210
1748,101,92,193
1748,83,102,185
1748,134,105,239
1748,84,65,149
1748,82,64,146
1748,66,85,151
1748,88,70,158
1748,76,87,163
1748,71,89,160
1748,126,133,259
1748,128,146,274
1748,58,72,130
1748,83,91,174
1748,79,70,149
1748,77,97,174
1748,85,74,159
1748,72,61,133
1748,104,77,181
1748,71,62,133
1748,113,120,233
1748,86,91,177
1748,106,100,206
1748,109,100,209
1748,80,86,166
1748,90,69,159
1749,87,79,166
1749,65,57,122
1749,79,65,144
1749,79,67,146
1749,111,100,211
1749,91,104,195
1749,161,175,336
1749,89,108,197
1749,83,91,174
1749,84,64,148
1749,99,83,182
1749,87,66,153
1749,122,121,243
1749,132,154,286
1749,91,79,170
1749,76,91,167
1749,85,87,172
1749,65,57,122
1749,79,66,145
1749,123,109,232
1749,110,104,214
1749,84,99,183
1749,106,96,202
1749,73,92,165
1749,64,92,156
1749,94,83,177
1749,73,80,153
1749,82,77,159
1749,120,101,221
1749,64,92,156
1749,60,77,137
1749,79,102,181
1749,71,87,158
1749,119,95,214
1749,136,106,242
1749,104,99,203
1749,95,69,164
1749,79,81,160
1750,111,109,220
1750,86,100,186
1750,87,92,179
1750,90,112,202
1750,77,98,175
1750,71,91,162
1750,80,89,169
1750,68,85,153
1750,90,79,169
1750,101,86,187
1750,65,58,123
1750,159,165,324
1750,62,84,146
1750,83,69,152
1750,68,85,153
1750,109,103,212
1750,79,98,177
1750,96,67,163
1750,91,71,162
1750,82,95,177
1750,124,133,257
1750,84,67,151
1750,68,87,155
1750,131,103,234
1750,135,102,237
1750,110,100,210
1750,72,83,155
1750,81,80,161
1750,100,128,228
1750,65,58,123
1750,135,157,292
1750,72,81,153
1750,106,98,204
1750,88,82,170
1750,89,115,204
1750,71,65,136
1750,107,102,209
1750,88,82,170
1751,80,86,166
1751,109,112,221
1751,83,76,159
1751,83,100,183
1751,86,67,153
1751,128,144,272
1751,117,109,226
1751,89,82,171
1751,94,66,160
1751,96,73,169
1751,81,88,169
1751,111,89,200
1751,68,60,128
1751,109,105,214
1751,81,88,169
1751,162,166,328
1751,85,96,181
1751,86,103,189
1751,61,79,140
1751,83,98,181
1751,112,100,212
1751,88,69,157
1751,122,122,244
1751,78,82,160
1751,71,79,150
1751,68,60,128
1751,97,112,209
1751,82,77,159
1751,76,93,169
1751,73,80,153
1751,88,85,173
1751,71,63,134
1751,101,97,198
1751,76,99,175
1751,71,92,163
1751,106,128,234
1751,129,103,232
1751,69,86,155
1752,120,64,184
1752,73,86,159
1752,82,106,188
1752,65,58,123
1752,63,96,159
1752,97,72,169
1752,119,118,237
1752,100,126,226
1752,76,86,162
1752,84,86,170
1752,114,97,211
1752,73,81,154
1752,103,115,218
1752,100,67,167
1752,65,79,144
1752,85,104,189
1752,81,65,146
1752,124,112,236
1752,103,98,201
1752,90,83,173
1752,129,145,274
1752,112,111,223
1752,83,95,178
1752,100,95,195
1752,70,87,157
1752,99,84,183
1752,80,90,170
1752,65,58,123
1752,76,102,178
1752,111,112,223
1752,71,73,144
1752,76,86,162
1752,72,75,147
1752,76,73,149
1752,163,176,339
1752,69,72,141
1752,59,79,138
1752,93,118,211
1753,123,113,236
1753,84,68,152
1753,88,83,171
1753,89,88,177
1753,74,78,152
1753,95,66,161
1753,110,112,222
1753,79,88,167
1753,79,84,163
1753,73,86,159
1753,100,95,195
1753,85,103,188
1753,93,97,190
1753,69,83,152
1753,79,105,184
1753,71,79,150
1753,72,72,144
1753,84,84,168
1753,94,110,204
1753,87,71,158
1753,71,78,149
1753,65,59,124
1753,73,90,163
1753,114,94,208
1753,74,64,138
1753,74,82,156
1753,73,86,159
1753,97,67,164
1753,65,59,124
1753,100,92,192
1753,118,110,228
1753,97,67,164
1753,168,187,355
1753,97,67,164
1753,60,78,138
1753,135,165,300
1753,93,95,188
1753,89,124,213
1753,108,99,207
1753,100,85,185
1754,112,89,201
1754,94,106,200
1754,122,98,220
1754,70,82,152
1754,105,98,203
1754,87,63,150
1754,99,98,197
1754,77,66,143
1754,62,82,144
1754,112,102,214
1754,78,62,140
1754,89,110,199
1754,93,105,198
1754,71,67,138
1754,68,65,133
1754,60,80,140
1754,78,62,140
1754,75,95,170
1754,86,124,210
1754,70,74,144
1754,74,88,162
1754,75,78,153
1754,131,110,241
1754,132,114,246
1754,88,85,173
1754,131,150,281
1754,87,63,150
1754,81,66,147
1754,83,99,182
1754,102,88,190
1754,74,81,155
1754,83,65,148
1754,87,63,150
1754,112,92,204
1754,98,95,193
1754,79,88,167
1754,127,101,228
1754,167,184,351
1754,73,87,160
1754,62,82,144
1755,77,69,146
1755,89,66,155
1755,170,187,357
1755,71,71,142
1755,77,83,160
1755,99,117,216
1755,87,61,148
1755,119,118,237
1755,103,86,189
1755,65,84,149
1755,87,61,148
1755,88,81,169
1755,87,61,148
1755,98,94,192
1755,76,63,139
1755,133,155,288
1755,68,67,135
1755,76,109,185
1755,71,88,159
1755,82,102,184
1755,108,106,214
1755,73,81,154
1755,60,79,139
1755,100,94,194
1755,103,88,191
1755,78,75,153
1755,73,96,169
1755,106,135,241
1755,85,66,151
1755,98,93,191
1755,87,97,184
1755,76,63,139
1755,113,96,209
1755,73,81,154
1755,65,84,149
1755,78,79,157
1755,80,97,177
1755,101,85,186
1755,120,92,212
1755,107,100,207
1756,130,143,273
1756,75,69,144
1756,70,84,154
1756,76,68,144
1756,86,83,169
1756,101,73,174
1756,77,64,141
1756,89,86,175
1756,81,96,177
1756,130,103,233
1756,75,78,153
1756,69,73,142
1756,127,113,240
1756,86,68,154
1756,103,93,196
1756,129,103,232
1756,187,176,363
1756,72,78,150
1756,77,64,141
1756,101,106,207
1756,83,62,145
1756,118,134,252
1756,70,84,154
1756,85,118,203
1756,106,95,201
1756,83,62,145
1756,90,113,203
1756,84,67,151
1756,83,62,145
1756,157,136,293
1756,95,92,187
1756,60,77,137
1756,75,78,153
1756,105,110,215
1756,80,120,200
1756,83,84,167
1756,70,84,154
1756,104,86,190
1756,74,83,157
1756,98,91,189
1757,60,79,139
1757,129,145,274
1757,79,58,137
1757,111,91,202
1757,87,86,173
1757,113,119,232
1757,72,75,147
1757,107,86,193
1757,73,77,150
1757,135,133,268
1757,92,70,162
1757,79,58,137
1757,80,64,144
1757,105,86,191
1757,103,95,198
1757,101,90,191
1757,88,83,171
1757,192,180,372
1757,78,69,147
1757,77,78,155
1757,92,69,161
1757,113,91,204
1757,106,110,216
1757,70,83,153
1757,80,64,144
1757,70,83,153
1757,75,114,189
1757,118,108,226
1757,105,89,194
1757,124,99,223
1757,115,101,216
1757,75,75,150
1757,102,73,175
1757,77,87,164
1757,79,58,137
1757,70,83,153
1757,84,90,174
1757,104,105,209
1757,74,85,159
1757,79,77,156
1758,90,93,183
1758,76,79,155
1758,127,140,267
1758,118,102,220
1758,58,74,132
1758,105,104,209
1758,111,89,200
1758,68,84,152
1758,76,63,139
1758,89,86,175
1758,80,71,151
1758,146,112,258
1758,76,91,167
1758,82,112,194
1758,68,84,152
1758,80,71,151
1758,89,84,173
1758,107,111,218
1758,78,120,198
1758,70,73,143
1758,76,74,150
1758,76,82,158
1758,103,85,188
1758,76,63,139
1758,114,96,210
1758,105,107,212
1758,97,88,185
1758,93,70,163
1758,72,87,159
1758,77,77,154
1758,127,129,256
1758,172,204,376
1758,91,70,161
1758,79,70,149
1758,109,85,194
1758,71,75,146
1758,103,88,191
1758,80,71,151
1758,109,97,206
1758,73,75,148
1759,88,85,173
1759,69,73,142
1759,122,64,186
1759,76,82,158
1759,66,81,147
1759,130,138,268
1759,66,81,147
1759,81,77,158
1759,116,97,213
1759,73,84,157
1759,98,89,187
1759,60,81,141
1759,82,114,196
1759,133,97,230
1759,141,134,275
1759,70,60,130
1759,88,80,168
1759,70,60,130
1759,69,82,151
1759,123,100,223
1759,94,93,187
1759,107,96,203
1759,99,89,188
1759,77,82,159
1759,82,71,153
1759,106,84,190
1759,143,114,257
1759,81,77,158
1759,190,178,368
1759,91,82,173
1759,118,111,229
1759,72,69,141
1759,81,77,158
1759,105,98,203
1759,88,69,157
1759,95,102,197
1759,86,68,154
1759,74,84,158
1759,91,80,171
1759,69,71,140
1760,90,87,177
1760,79,73,152
1760,63,82,145
1760,60,57,117
1760,123,125,248
1760,77,82,159
1760,100,119,219
1760,108,107,215
1760,100,85,185
1760,71,82,153
1760,73,81,154
1760,77,65,142
1760,77,101,178
1760,95,82,177
1760,126,101,227
1760,82,77,159
1760,132,129,261
1760,81,71,152
1760,88,84,172
1760,96,98,194
1760,128,102,230
1760,63,82,145
1760,88,91,179
1760,175,173,348
1760,68,74,142
1760,73,84,157
1760,105,101,206
1760,107,109,216
1760,60,88,148
1760,132,97,229
1760,78,104,182
1760,102,92,194
1760,62,94,156
1760,73,67,140
1760,107,92,199
1760,60,57,117
1760,80,92,172
1760,104,92,196
1760,79,73,152
1760,79,73,152
1761,55,55,110
1761,105,89,194
1761,89,70,159
1761,98,107,205
1761,66,63,129
1761,81,76,157
1761,149,133,282
1761,106,101,207
1761,77,78,155
1761,113,97,210
1761,101,122,223
1761,75,80,155
1761,114,61,175
1761,93,87,180
1761,59,88,147
1761,80,99,179
1761,55,55,110
1761,83,83,166
1761,76,64,140
1761,84,95,179
1761,167,175,342
1761,124,93,217
1761,110,95,205
1761,76,70,146
1761,76,78,154
1761,76,64,140
1761,76,64,140
1761,117,110,227
1761,102,86,188
1761,69,85,154
1761,77,86,163
1761,113,125,238
1761,91,120,211
1761,101,124,225
1761,80,66,146
1761,72,86,158
1761,87,79,166
1761,76,100,176
1761,77,86,163
1761,76,89,165
1762,88,106,194
1762,97,82,179
1762,98,115,213
1762,148,133,281
1762,66,82,148
1762,112,116,228
1762,59,88,147
1762,70,75,145
1762,91,85,176
1762,69,70,139
1762,66,82,148
1762,111,91,202
1762,172,193,365
1762,78,69,147
1762,83,95,178
1762,78,69,147
1762,77,82,159
1762,107,71,178
1762,108,85,193
1762,72,63,135
1762,69,67,136
1762,79,100,179
1762,80,68,148
1762,104,124,228
1762,79,90,169
1762,78,121,199
1762,116,94,210
1762,81,106,187
1762,89,106,195
1762,112,98,210
1762,53,54,107
1762,86,80,166
1762,66,77,143
1762,126,95,221
1762,116,62,178
1762,123,109,232
1762,101,95,196
1762,78,69,147
1762,77,86,163
1762,53,54,107
1763,79,92,171
1763,108,140,248
1763,77,85,162
1763,162,139,301
1763,76,64,140
1763,103,84,187
1763,86,78,164
1763,89,86,175
1763,53,54,107
1763,70,77,147
1763,118,63,181
1763,79,83,162
1763,85,102,187
1763,85,64,149
1763,169,187,356
1763,118,116,234
1763,76,86,162
1763,53,54,107
1763,79,83,162
1763,85,64,149
1763,106,74,180
1763,109,108,217
1763,76,79,155
1763,92,72,164
1763,137,99,236
1763,105,85,190
1763,85,64,149
1763,64,71,135
1763,79,99,178
1763,60,86,146
1763,89,109,198
1763,118,100,218
1763,105,98,203
1763,91,85,176
1763,79,99,178
1763,91,101,192
1763,110,89,199
1763,88,115,203
1763,75,114,189
1763,68,66,134
1764,106,73,179
1764,90,108,198
1764,59,87,146
1764,61,56,117
1764,81,114,195
1764,69,96,165
1764,110,97,207
1764,122,123,245
1764,75,60,135
1764,69,96,165
1764,116,63,179
1764,59,64,123
1764,115,101,216
1764,95,83,178
1764,110,119,229
1764,105,97,202
1764,88,98,186
1764,141,131,272
1764,80,93,173
1764,99,71,170
1764,91,86,177
1764,75,60,135
1764,73,64,137
1764,79,99,178
1764,125,98,223
1764,61,56,117
1764,102,84,186
1764,82,83,165
1764,60,57,117
1764,75,60,135
1764,70,70,140
1764,83,111,194
1764,89,99,188
1764,77,82,159
1764,91,95,186
1764,171,187,358
1764,114,94,208
1764,69,75,144
1764,75,117,192
1764,111,137,248
1765,68,80,148
1765,77,119,196
1765,134,113,247
1765,98,83,181
1765,78,90,168
1765,81,96,177
1765,107,117,224
1765,72,82,154
1765,102,97,199
1765,59,58,117
1765,62,56,118
1765,129,116,245
1765,122,64,186
1765,94,95,189
1765,81,74,155
1765,101,71,172
1765,81,107,188
1765,173,196,369
1765,94,118,212
1765,79,98,177
1765,62,56,118
1765,81,74,155
1765,101,111,212
1765,114,96,210
1765,85,82,167
1765,89,83,172
1765,100,84,184
1765,80,71,151
1765,75,75,150
1765,65,86,151
1765,81,74,155
1765,122,99,221
1765,106,82,188
1765,115,103,218
1765,85,92,177
1765,70,77,147
1765,60,87,147
1765,136,129,265
1765,106,93,199
1765,65,86,151
1766,105,74,179
1766,80,97,177
1766,104,90,194
1766,88,82,170
1766,105,104,209
1766,89,89,178
1766,111,93,204
1766,108,126,234
1766,106,99,205
1766,102,85,187
1766,65,79,144
1766,91,113,204
1766,84,84,168
1766,73,91,164
1766,65,79,144
1766,88,83,171
1766,78,63,141
1766,60,87,147
1766,72,81,153
1766,84,84,168
1766,119,112,231
1766,110,104,214
1766,78,107,185
1766,96,124,220
1766,89,86,175
1766,58,54,112
1766,84,84,168
1766,171,187,358
1766,58,54,112
1766,73,83,156
1766,109,85,194
1766,137,115,252
1766,79,88,167
1766,106,73,179
1766,75,85,160
1766,140,132,272
1766,112,97,209
1766,89,69,158
1766,76,111,187
1766,93,118,211
1767,124,94,218
1767,147,136,283
1767,65,71,136
1767,106,72,178
1767,76,94,170
1767,83,80,163
1767,78,88,166
1767,169,181,350
1767,90,112,202
1767,82,63,145
1767,76,90,166
1767,93,123,216
1767,83,80,163
1767,137,115,252
1767,83,117,200
1767,75,93,168
1767,137,112,249
1767,92,83,175
1767,83,80,163
1767,70,75,145
1767,56,55,111
1767,74,106,180
1767,115,99,214
1767,68,87,155
1767,68,87,155
1767,78,64,142
1767,90,84,174
1767,108,86,194
1767,56,55,111
1767,84,81,165
1767,105,83,188
1767,83,96,179
1767,80,90,170
1767,103,85,188
1767,90,65,155
1767,96,90,186
1767,109,109,218
1767,110,124,234
1767,103,104,207
1767,123,97,220
1768,70,82,152
1768,116,98,214
1768,122,95,217
1768,127,101,228
1768,119,88,207
1768,83,103,186
1768,79,109,188
1768,123,141,264
1768,71,103,174
1768,93,88,181
1768,134,113,247
1768,171,191,362
1768,79,71,150
1768,77,91,168
1768,54,55,109
1768,85,103,188
1768,109,77,186
1768,84,97,181
1768,72,100,172
1768,54,55,109
1768,137,132,269
1768,79,71,150
1768,90,112,202
1768,89,106,195
1768,74,81,155
1768,138,104,242
1768,100,88,188
1768,63,67,130
1768,77,79,156
1768,102,83,185
1768,61,91,152
1768,79,71,150
1768,71,60,131
1768,109,113,222
1768,98,91,189
1768,100,82,182
1768,72,100,172
1768,89,80,169
1768,71,81,152
1768,69,66,135
1769,96,73,169
1769,67,85,152
1769,87,74,161
1769,57,56,113
1769,77,93,170
1769,85,95,180
1769,85,87,172
1769,77,114,191
1769,85,87,172
1769,132,113,245
1769,77,80,157
1769,79,92,171
1769,99,75,174
1769,92,114,206
1769,74,94,168
1769,81,108,189
1769,83,77,160
1769,129,93,222
1769,125,101,226
1769,69,75,144
1769,170,173,343
1769,115,93,208
1769,130,129,259
1769,57,56,113
1769,75,62,137
1769,151,116,267
1769,65,72,137
1769,104,106,210
1769,104,85,189
1769,86,76,162
1769,107,102,209
1769,94,92,186
1769,67,85,152
1769,85,87,172
1769,85,100,185
1769,140,105,245
1769,78,83,161
1769,71,75,146
1769,85,62,147
1769,93,119,212
1770,75,83,158
1770,69,95,164
1770,81,125,206
1770,109,119,228
1770,93,108,201
1770,95,93,188
1770,80,76,156
1770,93,115,208
1770,71,61,132
1770,108,132,240
1770,68,69,137
1770,96,73,169
1770,113,94,207
1770,83,61,144
1770,99,77,176
1770,71,75,146
1770,77,80,157
1770,63,68,131
1770,81,90,171
1770,135,92,227
1770,105,105,210
1770,113,94,207
1770,89,106,195
1770,83,102,185
1770,168,179,347
1770,121,106,227
1770,79,98,177
1770,91,109,200
1770,96,82,178
1770,85,81,166
1770,140,133,273
1770,81,99,180
1770,138,111,249
1770,57,55,112
1770,57,55,112
1770,69,95,164
1770,80,76,156
1770,75,87,162
1770,88,76,164
1770,80,76,156
1771,82,99,181
1771,61,64,125
1771,66,83,149
1771,89,77,166
1771,93,112,205
1771,117,98,215
1771,79,76,155
1771,66,83,149
1771,76,91,167
1771,90,84,174
1771,108,100,208
1771,74,66,140
1771,186,176,362
1771,127,133,260
1771,101,110,211
1771,91,125,216
1771,54,56,110
1771,70,73,143
1771,72,76,148
1771,77,114,191
1771,87,79,166
1771,110,93,203
1771,110,98,208
1771,74,57,131
1771,95,75,170
1771,110,120,230
1771,54,56,110
1771,73,79,152
1771,84,99,183
1771,101,100,201
1771,99,75,174
1771,130,90,220
1771,137,115,252
1771,74,66,140
1771,81,66,147
1771,97,122,219
1771,82,93,175
1771,70,72,142
1771,105,94,199
1771,74,66,140
1772,69,72,141
1772,54,54,108
1772,69,86,155
1772,131,139,270
1772,75,67,142
1772,106,104,210
1772,70,58,128
1772,67,61,128
1772,176,171,347
1772,71,77,148
1772,99,104,203
1772,54,54,108
1772,111,124,235
1772,94,75,169
1772,75,67,142
1772,68,55,123
1772,98,94,192
1772,97,91,188
1772,64,61,125
1772,82,73,155
1772,100,98,198
1772,80,90,170
1772,96,104,200
1772,75,67,142
1772,88,100,188
1772,78,99,177
1772,74,82,156
1772,79,70,149
1772,126,96,222
1772,109,125,234
1772,98,93,191
1772,119,87,206
1772,83,81,164
1772,92,82,174
1772,126,137,263
1772,69,86,155
1772,101,97,198
1772,91,79,170
1772,63,66,129
1772,132,91,223
1773,103,91,194
1773,97,103,200
1773,91,90,181
1773,81,92,173
1773,82,76,158
1773,113,92,205
1773,68,64,132
1773,71,73,144
1773,111,112,223
1773,97,84,181
1773,106,84,190
1773,76,59,135
1773,88,75,163
1773,86,98,184
1773,72,80,152
1773,108,120,228
1773,99,108,207
1773,122,134,256
1773,69,60,129
1773,132,153,285
1773,80,126,206
1773,76,59,135
1773,76,59,135
1773,62,54,116
1773,56,54,110
1773,79,102,181
1773,99,94,193
1773,98,88,186
1773,73,79,152
1773,107,109,216
1773,110,120,230
1773,68,75,143
1773,54,56,110
1773,168,186,354
1773,72,82,154
1773,99,78,177
1773,72,80,152
1773,126,62,188
1773,111,116,227
1773,56,54,110
1774,122,60,182
1774,68,66,134
1774,163,141,304
1774,99,85,184
1774,75,80,155
1774,111,101,212
1774,75,83,158
1774,113,87,200
1774,73,80,153
1774,83,62,145
1774,129,91,220
1774,106,77,183
1774,92,92,184
1774,66,60,126
1774,85,97,182
1774,109,113,222
1774,69,77,146
1774,111,92,203
1774,83,62,145
1774,70,58,128
1774,89,72,161
1774,92,103,195
1774,80,82,162
1774,167,184,351
1774,86,103,189
1774,90,83,173
1774,56,56,112
1774,80,82,162
1774,117,119,236
1774,117,98,215
1774,66,59,125
1774,108,119,227
1774,108,105,213
1774,101,102,203
1774,66,59,125
1774,117,96,213
1774,80,95,175
1774,79,118,197
1774,69,71,140
1774,83,62,145
1775,57,70,127
1775,78,80,158
1775,109,114,223
1775,75,67,142
1775,122,130,252
1775,91,88,179
1775,76,60,136
1775,74,63,137
1775,92,91,183
1775,68,57,125
1775,91,83,174
1775,76,60,136
1775,125,62,187
1775,120,90,210
1775,130,136,266
1775,68,57,125
1775,107,100,207
1775,71,80,151
1775,104,112,216
1775,76,60,136
1775,85,116,201
1775,82,92,174
1775,99,91,190
1775,105,110,215
1775,108,109,217
1775,68,72,140
1775,102,96,198
1775,90,102,192
1775,96,94,190
1775,97,119,216
1775,81,99,180
1775,73,80,153
1775,91,88,179
1775,84,97,181
1775,73,58,131
1775,67,64,131
1775,74,83,157
1775,109,78,187
1775,99,109,208
1775,166,182,348
1776,139,137,276
1776,74,64,138
1776,81,87,168
1776,80,84,164
1776,62,56,118
1776,106,109,215
1776,100,89,189
1776,90,108,198
1776,100,89,189
1776,57,66,123
1776,142,114,256
1776,93,80,173
1776,92,67,159
1776,83,67,150
1776,62,56,118
1776,92,67,159
1776,96,83,179
1776,166,173,339
1776,70,74,144
1776,80,124,204
1776,73,76,149
1776,136,96,232
1776,73,73,146
1776,92,67,159
1776,108,93,201
1776,114,88,202
1776,90,95,185
1776,99,112,211
1776,75,59,134
1776,108,116,224
1776,111,99,210
1776,100,106,206
1776,100,90,190
1776,96,120,216
1776,80,100,180
1776,69,75,144
1776,64,73,137
1776,99,74,173
1776,79,82,161
1776,105,108,213
1777,107,98,205
1777,69,66,135
1777,132,94,226
1777,73,86,159
1777,119,98,217
1777,68,59,127
1777,69,61,130
1777,57,70,127
1777,69,72,141
1777,99,69,168
1777,79,83,162
1777,106,113,219
1777,77,59,136
1777,144,115,259
1777,95,88,183
1777,71,75,146
1777,128,61,189
1777,99,69,168
1777,99,96,195
1777,108,113,221
1777,99,69,168
1777,135,109,244
1777,97,121,218
1777,86,72,158
1777,93,84,177
1777,141,135,276
1777,81,123,204
1777,119,93,212
1777,112,107,219
1777,68,59,127
1777,75,70,145
1777,170,173,343
1777,88,86,174
1777,82,66,148
1777,72,82,154
1777,105,106,211
1777,83,92,175
1777,89,103,192
1777,76,98,174
1777,95,88,183
1778,78,81,159
1778,82,80,162
1778,93,76,169
1778,69,58,127
1778,77,64,141
1778,96,68,164
1778,76,64,140
1778,106,103,209
1778,71,81,152
1778,93,88,181
1778,175,212,387
1778,75,88,163
1778,105,116,221
1778,96,68,164
1778,76,80,156
1778,74,58,132
1778,107,110,217
1778,70,75,145
1778,95,111,206
1778,94,112,206
1778,108,106,214
1778,99,91,190
1778,70,74,144
1778,104,116,220
1778,104,121,225
1778,55,68,123
1778,109,98,207
1778,69,58,127
1778,150,139,289
1778,86,84,170
1778,91,82,173
1778,86,84,170
1778,83,84,167
1778,67,67,134
1778,129,61,190
1778,96,68,164
1778,111,97,208
1778,84,88,172
1778,134,111,245
1778,105,111,216
1779,103,116,219
1779,67,82,149
1779,72,60,132
1779,97,105,202
1779,85,91,176
1779,104,116,220
1779,97,90,187
1779,87,85,172
1779,84,92,176
1779,69,71,140
1779,97,85,182
1779,105,91,196
1779,106,98,204
1779,165,147,312
1779,55,67,122
1779,69,73,142
1779,74,58,132
1779,97,68,165
1779,72,60,132
1779,112,96,208
1779,135,114,249
1779,125,59,184
1779,111,126,237
1779,67,65,132
1779,88,80,168
1779,72,80,152
1779,97,68,165
1779,100,84,184
1779,106,118,224
1779,67,82,149
1779,77,64,141
1779,69,74,143
1779,81,91,172
1779,78,92,170
1779,100,113,213
1779,77,70,147
1779,83,124,207
1779,97,68,165
1779,67,68,135
1779,177,209,386
1780,99,89,188
1780,107,126,233
1780,86,85,171
1780,105,99,204
1780,88,99,187
1780,67,68,135
1780,71,78,149
1780,74,64,138
1780,55,64,119
1780,84,64,148
1780,67,87,154
1780,96,94,190
1780,104,69,173
1780,75,80,155
1780,106,110,216
1780,97,86,183
1780,88,80,168
1780,104,69,173
1780,120,57,177
1780,65,57,122
1780,112,122,234
1780,154,120,274
1780,104,69,173
1780,69,76,145
1780,137,155,292
1780,104,97,201
1780,109,100,209
1780,65,57,122
1780,65,78,143
1780,101,113,214
1780,67,87,154
1780,82,93,175
1780,99,106,205
1780,102,109,211
1780,119,102,221
1780,201,188,389
1780,68,71,139
1780,96,87,183
1780,83,66,149
1780,82,104,186
1781,103,99,202
1781,66,56,122
1781,64,70,134
1781,93,66,159
1781,121,55,176
1781,140,165,305
1781,86,95,181
1781,105,97,202
1781,69,79,148
1781,100,98,198
1781,93,84,177
1781,67,97,164
1781,99,107,206
1781,98,103,201
1781,98,94,192
1781,73,83,156
1781,67,97,164
1781,111,78,189
1781,102,105,207
1781,58,73,131
1781,108,98,206
1781,193,185,378
1781,105,103,208
1781,148,116,264
1781,106,89,195
1781,76,86,162
1781,108,87,195
1781,93,66,159
1781,93,70,163
1781,92,108,200
1781,70,71,141
1781,66,73,139
1781,86,101,187
1781,66,56,122
1781,81,67,148
1781,83,64,147
1781,93,66,159
1781,82,76,158
1781,115,92,207
1781,117,132,249
1782,100,104,204
1782,106,112,218
1782,72,58,130
1782,93,84,177
1782,97,99,196
1782,103,116,219
1782,85,83,168
1782,92,107,199
1782,90,64,154
1782,72,97,169
1782,116,131,247
1782,106,103,209
1782,127,141,268
1782,87,83,170
1782,90,64,154
1782,96,84,180
1782,98,95,193
1782,83,100,183
1782,99,86,185
1782,190,184,374
1782,92,95,187
1782,66,73,139
1782,150,118,268
1782,90,64,154
1782,82,62,144
1782,102,96,198
1782,86,86,172
1782,72,58,130
1782,84,79,163
1782,71,70,141
1782,86,87,173
1782,88,70,158
1782,110,52,162
1782,70,86,156
1782,68,84,152
1782,54,63,117
1782,98,95,193
1782,85,91,176
1782,79,65,144
1782,78,95,173
1783,113,91,204
1783,140,135,275
1783,85,102,187
1783,84,62,146
1783,88,85,173
1783,70,69,139
1783,69,85,154
1783,101,116,217
1783,87,61,148
1783,95,94,189
1783,95,86,181
1783,73,59,132
1783,76,96,172
1783,100,113,213
1783,95,72,167
1783,72,94,166
1783,73,59,132
1783,87,61,148
1783,101,101,202
1783,70,62,132
1783,106,91,197
1783,101,48,149
1783,94,82,176
1783,87,61,148
1783,92,94,186
1783,77,67,144
1783,96,95,191
1783,52,59,111
1783,174,212,386
1783,107,105,212
1783,85,83,168
1783,95,94,189
1783,85,91,176
1783,148,118,266
1783,91,112,203
1783,135,103,238
1783,109,120,229
1783,69,75,144
1783,86,104,190
1783,86,83,169
1784,81,89,170
1784,167,187,354
1784,112,117,229
1784,104,90,194
1784,72,86,158
1784,68,67,135
1784,68,70,138
1784,151,139,290
1784,82,61,143
1784,77,88,165
1784,86,93,179
1784,100,99,199
1784,113,91,204
1784,128,99,227
1784,79,60,139
1784,91,108,199
1784,75,97,172
1784,58,73,131
1784,97,87,184
1784,90,64,154
1784,105,99,204
1784,77,66,143
1784,103,125,228
1784,90,64,154
1784,123,136,259
1784,107,53,160
1784,92,82,174
1784,74,100,174
1784,83,81,164
1784,89,103,192
1784,82,61,143
1784,76,74,150
1784,65,72,137
1784,84,87,171
1784,106,110,216
1784,67,87,154
1784,131,98,229
1784,77,88,165
1784,136,107,243
1784,90,64,154
1785,72,59,131
1785,89,82,171
1785,75,109,184
1785,103,99,202
1785,80,62,142
1785,171,197,368
1785,111,73,184
1785,81,77,158
1785,89,73,162
1785,76,95,171
1785,110,52,162
1785,131,92,223
1785,72,82,154
1785,70,72,142
1785,88,84,172
1785,111,73,184
1785,88,101,189
1785,96,107,203
1785,84,111,195
1785,99,102,201
1785,139,138,277
1785,85,101,186
1785,77,84,161
1785,115,131,246
1785,75,109,184
1785,101,120,221
1785,85,92,177
1785,111,73,184
1785,81,71,152
1785,64,89,153
1785,77,104,181
1785,107,98,205
1785,125,99,224
1785,118,120,238
1785,72,59,131
1785,81,92,173
1785,59,58,117
1785,65,84,149
1785,118,93,211
1785,107,109,216
1786,89,108,197
1786,79,102,181
1786,115,103,218
1786,96,94,190
1786,167,189,356
1786,102,107,209
1786,81,108,189
1786,89,102,191
1786,98,103,201
1786,95,113,208
1786,84,96,180
1786,86,109,195
1786,105,106,211
1786,122,100,222
1786,102,94,196
1786,81,93,174
1786,68,72,140
1786,79,60,139
1786,79,83,162
1786,71,87,158
1786,61,62,123
1786,68,93,161
1786,87,85,172
1786,71,58,129
1786,68,93,161
1786,121,128,249
1786,81,93,174
1786,111,51,162
1786,96,71,167
1786,82,83,165
1786,75,101,176
1786,81,93,174
1786,67,88,155
1786,77,81,158
1786,103,105,208
1786,79,83,162
1786,126,135,261
1786,89,71,160
1786,80,87,167
1786,71,58,129
1787,79,86,165
1787,111,87,198
1787,102,106,208
1787,75,59,134
1787,69,82,151
1787,81,88,169
1787,79,82,161
1787,81,92,173
1787,67,57,124
1787,176,181,357
1787,103,48,151
1787,89,98,187
1787,72,77,149
1787,79,86,165
1787,140,105,245
1787,69,82,151
1787,65,85,150
1787,88,94,182
1787,100,92,192
1787,93,96,189
1787,120,106,226
1787,87,82,169
1787,90,71,161
1787,65,85,150
1787,103,99,202
1787,83,99,182
1787,75,99,174
1787,124,129,253
1787,106,107,213
1787,99,100,199
1787,93,72,165
1787,98,74,172
1787,79,102,181
1787,94,95,189
1787,90,102,192
1787,71,76,147
1787,134,156,290
1787,79,86,165
1787,67,57,124
1787,80,91,171
1788,82,107,189
1788,127,140,267
1788,63,57,120
1788,160,145,305
1788,79,93,172
1788,84,92,176
1788,114,131,245
1788,90,95,185
1788,100,87,187
1788,72,65,137
1788,78,84,162
1788,96,97,193
1788,75,95,170
1788,101,94,195
1788,96,85,181
1788,135,94,229
1788,79,88,167
1788,79,88,167
1788,72,85,157
1788,133,113,246
1788,171,182,353
1788,102,48,150
1788,69,85,154
1788,83,98,181
1788,73,58,131
1788,108,88,196
1788,79,88,167
1788,93,91,184
1788,70,86,156
1788,86,91,177
1788,105,103,208
1788,100,76,176
1788,75,85,160
1788,81,92,173
1788,93,72,165
1788,83,90,173
1788,93,91,184
1788,63,57,120
1788,80,85,165
1788,97,94,191
1789,61,59,120
1789,60,55,115
1789,79,96,175
1789,77,68,145
1789,78,83,161
1789,78,83,161
1789,107,126,233
1789,83,86,169
1789,82,108,190
1789,111,119,230
1789,133,93,226
1789,78,83,161
1789,65,63,128
1789,115,97,212
1789,180,181,361
1789,105,76,181
1789,96,86,182
1789,72,87,159
1789,82,93,175
1789,86,90,176
1789,75,64,139
1789,92,102,194
1789,118,92,210
1789,86,90,176
1789,104,68,172
1789,139,170,309
1789,61,59,120
1789,84,95,179
1789,75,87,162
1789,76,87,163
1789,66,75,141
1789,101,77,178
1789,91,87,178
1789,114,126,240
1789,96,44,140
1789,85,88,173
1789,115,86,201
1789,123,128,251
1789,116,90,206
1789,99,96,195
1790,69,92,161
1790,59,57,116
1790,106,77,183
1790,132,153,285
1790,85,90,175
1790,99,88,187
1790,84,105,189
1790,113,88,201
1790,61,61,122
1790,104,91,195
1790,76,83,159
1790,71,103,174
1790,68,71,139
1790,68,64,132
1790,85,108,193
1790,125,135,260
1790,90,93,183
1790,126,96,222
1790,87,114,201
1790,85,104,189
1790,57,59,116
1790,73,70,143
1790,106,129,235
1790,95,65,160
1790,90,86,176
1790,104,51,155
1790,114,125,239
1790,59,57,116
1790,76,68,144
1790,77,107,184
1790,109,107,216
1790,186,184,370
1790,83,109,192
1790,93,87,180
1790,76,88,164
1790,131,92,223
1790,73,70,143
1790,105,89,194
1790,71,103,174
1790,73,70,143
1791,104,67,171
1791,87,110,197
1791,109,117,226
1791,84,69,153
1791,74,68,142
1791,77,99,176
1791,193,182,375
1791,75,102,177
1791,107,99,206
1791,90,87,177
1791,68,78,146
1791,120,118,238
1791,60,62,122
1791,112,53,165
1791,110,99,209
1791,108,113,221
1791,105,132,237
1791,96,90,186
1791,67,89,156
1791,76,83,159
1791,91,86,177
1791,89,125,214
1791,91,112,203
1791,74,68,142
1791,82,68,150
1791,72,79,151
1791,50,55,105
1791,74,68,142
1791,85,99,184
1791,129,95,224
1791,127,135,262
1791,70,91,161
1791,50,55,105
1791,67,91,158
1791,79,99,178
1791,88,111,199
1791,67,91,158
1791,110,127,237
1791,107,90,197
1791,129,91,220
1792,123,125,248
1792,71,78,149
1792,59,67,126
1792,95,129,224
1792,111,99,210
1792,67,72,139
1792,77,68,145
1792,101,68,169
1792,69,89,158
1792,55,57,112
1792,77,97,174
1792,72,86,158
1792,70,65,135
1792,82,89,171
1792,92,92,184
1792,70,90,160
1792,139,136,275
1792,108,118,226
1792,124,96,220
1792,72,86,158
1792,128,91,219
1792,84,94,178
1792,75,63,138
1792,119,97,216
1792,65,73,138
1792,90,117,207
1792,75,63,138
1792,92,129,221
1792,75,63,138
1792,76,81,157
1792,173,184,357
1792,116,91,207
1792,102,88,190
1792,55,57,112
1792,106,101,207
1792,112,53,165
1792,85,107,192
1792,106,109,215
1792,80,77,157
1792,101,121,222
1793,101,121,222
1793,73,63,136
1793,70,90,160
1793,124,96,220
1793,73,63,136
1793,71,90,161
1793,58,64,122
1793,49,57,106
1793,86,95,181
1793,173,195,368
1793,103,91,194
1793,61,61,122
1793,73,63,136
1793,116,105,221
1793,101,93,194
1793,49,57,106
1793,109,92,201
1793,112,54,166
1793,108,121,229
1793,136,137,273
1793,86,103,189
1793,78,89,167
1793,74,82,156
1793,91,109,200
1793,88,68,156
1793,86,110,196
1793,75,87,162
1793,83,88,171
1793,76,84,160
1793,83,88,171
1793,89,100,189
1793,104,119,223
1793,129,143,272
1793,73,77,150
1793,112,98,210
1793,99,66,165
1793,107,103,210
1793,87,108,195
1793,93,81,174
1793,67,72,139
1794,76,80,156
1794,81,88,169
1794,85,61,146
1794,75,77,152
1794,75,87,162
1794,56,54,110
1794,79,103,182
1794,101,110,211
1794,124,123,247
1794,91,103,194
1794,82,93,175
1794,85,96,181
1794,68,90,158
1794,86,117,203
1794,70,65,135
1794,71,76,147
1794,78,66,144
1794,77,87,164
1794,88,100,188
1794,78,66,144
1794,124,97,221
1794,74,101,175
1794,63,59,122
1794,106,115,221
1794,88,113,201
1794,127,135,262
1794,95,100,195
1794,124,94,218
1794,104,99,203
1794,78,66,144
1794,105,96,201
1794,108,115,223
1794,49,56,105
1794,90,77,167
1794,105,125,230
1794,49,56,105
1794,123,94,217
1794,77,87,164
1794,110,52,162
1794,179,189,368
1795,102,106,208
1795,56,60,116
1795,94,43,137
1795,74,80,154
1795,84,97,181
1795,81,91,172
1795,96,89,185
1795,78,67,145
1795,82,81,163
1795,86,76,162
1795,77,100,177
1795,72,96,168
1795,79,86,165
1795,197,193,390
1795,78,67,145
1795,134,133,267
1795,111,89,200
1795,120,94,214
1795,86,62,148
1795,56,60,116
1795,78,67,145
1795,110,104,214
1795,66,61,127
1795,90,115,205
1795,105,106,211
1795,101,122,223
1795,68,86,154
1795,79,86,165
1795,112,102,214
1795,122,118,240
1795,88,109,197
1795,68,60,128
1795,83,108,191
1795,74,85,159
1795,93,86,179
1795,102,131,233
1795,90,93,183
1795,111,91,202
1795,74,86,160
1795,58,54,112
1796,85,81,166
1796,110,88,198
1796,100,120,220
1796,71,83,154
1796,76,84,160
1796,113,102,215
1796,202,197,399
1796,102,107,209
1796,89,121,210
1796,105,104,209
1796,82,82,164
1796,113,96,209
1796,85,90,175
1796,72,66,138
1796,51,56,107
1796,92,115,207
1796,75,72,147
1796,135,152,287
1796,96,50,146
1796,74,87,161
1796,81,93,174
1796,69,64,133
1796,114,91,205
1796,73,99,172
1796,69,67,136
1796,131,113,244
1796,102,81,183
1796,106,91,197
1796,88,64,152
1796,51,56,107
1796,102,101,203
1796,76,84,160
1796,58,58,116
1796,74,73,147
1796,119,94,213
1796,75,96,171
1796,72,66,138
1796,84,89,173
1796,72,66,138
1796,112,97,209
1797,77,97,174
1797,86,83,169
1797,208,199,407
1797,117,111,228
1797,66,86,152
1797,81,81,162
1797,71,86,157
1797,72,80,152
1797,103,91,194
1797,71,93,164
1797,58,65,123
1797,76,66,142
1797,100,101,201
1797,95,51,146
1797,92,125,217
1797,88,95,183
1797,70,71,141
1797,90,84,174
1797,86,83,169
1797,90,93,183
1797,66,86,152
1797,130,143,273
1797,107,98,205
1797,89,105,194
1797,85,69,154
1797,93,78,171
1797,121,93,214
1797,116,97,213
1797,100,99,199
1797,132,102,234
1797,49,57,106
1797,85,116,201
1797,70,71,141
1797,127,105,232
1797,49,57,106
1797,95,80,175
1797,86,90,176
1797,77,64,141
1797,95,65,160
1797,70,71,141
1798,72,73,145
1798,58,66,124
1798,52,59,111
1798,73,88,161
1798,100,77,177
1798,72,73,145
1798,95,115,210
1798,94,75,169
1798,72,73,145
1798,93,103,196
1798,144,141,285
1798,93,93,186
1798,130,100,230
1798,77,80,157
1798,118,100,218
1798,71,82,153
1798,69,79,148
1798,104,81,185
1798,70,92,162
1798,85,67,152
1798,137,116,253
1798,96,93,189
1798,52,59,111
1798,93,48,141
1798,89,119,208
1798,73,88,161
1798,87,81,168
1798,83,91,174
1798,87,101,188
1798,88,120,208
1798,206,200,406
1798,103,114,217
1798,82,89,171
1798,104,74,178
1798,112,90,202
1798,92,62,154
1798,104,98,202
1798,83,110,193
1798,97,87,184
1798,103,95,198
1799,85,111,196
1799,73,91,164
1799,58,58,116
1799,70,61,131
1799,82,60,142
1799,134,115,249
1799,105,93,198
1799,71,91,162
1799,116,93,209
1799,109,108,217
1799,97,52,149
1799,101,102,203
1799,104,100,204
1799,74,79,153
1799,94,69,163
1799,86,97,183
1799,123,93,216
1799,192,192,384
1799,69,72,141
1799,80,84,164
1799,60,61,121
1799,89,130,219
1799,73,78,151
1799,73,78,151
1799,97,89,186
1799,85,97,182
1799,58,58,116
1799,131,101,232
1799,93,95,188
1799,70,85,155
1799,91,125,216
1799,73,78,151
1799,72,79,151
1799,135,139,274
1799,86,97,183
1799,86,81,167
1799,92,75,167
1799,78,101,179
1799,129,103,232
1799,93,95,188
1800,99,98,197
1800,125,100,225
1800,87,116,203
1800,209,200,409
1800,75,86,161
1800,108,110,218
1800,75,86,161
1800,85,87,172
1800,72,82,154
1800,55,55,110
1800,80,106,186
1800,88,105,193
1800,84,116,200
1800,106,92,198
1800,75,86,161
1800,100,101,201
1800,80,79,159
1800,69,71,140
1800,72,79,151
1800,100,67,167
1800,100,124,224
1800,99,127,226
1800,76,96,172
1800,85,68,153
1800,96,77,173
1800,99,98,197
1800,96,90,186
1800,137,117,254
1800,143,139,282
1800,79,116,195
1800,91,99,190
1800,87,107,194
1800,91,108,199
1800,65,60,125
1800,66,74,140
1800,65,60,125
1800,120,98,218
1800,100,61,161
1800,130,98,228
1800,89,85,174
1801,132,102,234
1801,92,106,198
1801,118,93,211
1801,111,94,205
1801,72,71,143
1801,80,96,176
1801,80,96,176
1801,72,80,152
1801,98,118,216
1801,116,131,247
1801,133,147,280
1801,100,97,197
1801,57,56,113
1801,83,87,170
1801,57,56,113
1801,77,73,150
1801,86,81,167
1801,86,97,183
1801,184,194,378
1801,90,82,172
1801,83,95,178
1801,96,56,152
1801,74,90,164
1801,83,108,191
1801,79,105,184
1801,64,57,121
1801,106,96,202
1801,100,81,181
1801,70,69,139
1801,80,96,176
1801,102,88,190
1801,100,97,197
1801,113,105,218
1801,76,92,168
1801,72,98,170
1801,85,93,178
1801,99,101,200
1801,90,78,168
1801,56,67,123
1801,127,112,239
1802,84,91,175
1802,92,80,172
1802,66,58,124
1802,109,91,200
1802,126,115,241
1802,71,90,161
1802,91,85,176
1802,82,87,169
1802,79,69,148
1802,76,76,152
1802,134,147,281
1802,186,210,396
1802,85,90,175
1802,80,96,176
1802,100,63,163
1802,132,102,234
1802,50,58,108
1802,80,96,176
1802,117,97,214
1802,72,85,157
1802,74,90,164
1802,84,77,161
1802,91,101,192
1802,97,96,193
1802,120,97,217
1802,99,123,222
1802,60,65,125
1802,71,83,154
1802,100,100,200
1802,50,58,108
1802,87,113,200
1802,124,95,219
1802,129,101,230
1802,80,96,176
1802,92,97,189
1802,92,97,189
1802,88,120,208
1802,73,82,155
1802,73,103,176
1802,87,89,176
1803,81,96,177
1803,69,74,143
1803,80,107,187
1803,132,148,280
1803,69,92,161
1803,116,110,226
1803,93,110,203
1803,75,75,150
1803,119,130,249
1803,102,68,170
1803,56,70,126
1803,99,99,198
1803,104,92,196
1803,54,67,121
1803,76,74,150
1803,128,101,229
1803,110,94,204
1803,85,93,178
1803,86,116,202
1803,130,99,229
1803,110,126,236
1803,60,55,115
1803,97,92,189
1803,86,118,204
1803,74,96,170
1803,85,97,182
1803,92,76,168
1803,99,99,198
1803,190,224,414
1803,101,102,203
1803,72,79,151
1803,70,81,151
1803,92,95,187
1803,54,67,121
1803,75,87,162
1803,103,89,192
1803,96,92,188
1803,97,115,212
1803,81,96,177
1803,81,96,177
1804,60,78,138
1804,89,97,186
1804,100,104,204
1804,56,72,128
1804,84,93,177
1804,76,102,178
1804,82,97,179
1804,82,97,179
1804,100,79,179
1804,95,77,172
1804,90,108,198
1804,138,153,291
1804,115,126,241
1804,125,99,224
1804,70,76,146
1804,94,87,181
1804,104,111,215
1804,85,116,201
1804,82,100,182
1804,70,72,142
1804,108,121,229
1804,100,64,164
1804,111,93,204
1804,82,97,179
1804,95,90,185
1804,109,100,209
1804,102,99,201
1804,96,81,177
1804,70,73,143
1804,59,55,114
1804,80,113,193
1804,56,72,128
1804,89,97,186
1804,87,92,179
1804,100,120,220
1804,73,92,165
1804,185,215,400
1804,95,119,214
1804,118,123,241
1804,71,80,151
1805,59,54,113
1805,111,124,235
1805,99,94,193
1805,112,93,205
1805,75,95,170
1805,76,96,172
1805,78,82,160
1805,183,206,389
1805,77,85,162
1805,134,102,236
1805,104,129,233
1805,100,98,198
1805,103,114,217
1805,68,73,141
1805,123,103,226
1805,107,119,226
1805,66,70,136
1805,92,130,222
1805,86,94,180
1805,100,98,198
1805,101,109,210
1805,118,104,222
1805,57,71,128
1805,58,78,136
1805,68,76,144
1805,117,127,244
1805,79,118,197
1805,77,85,162
1805,125,48,173
1805,71,75,146
1805,76,83,159
1805,142,169,311
1805,91,115,206
1805,100,78,178
1805,58,78,136
1805,121,94,215
1805,134,107,241
1805,73,78,151
1805,93,92,185
1806,96,97,193
1806,102,96,198
1806,57,68,125
1806,94,93,187
1806,73,76,149
1806,91,97,188
1806,147,124,271
1806,77,113,190
1806,58,76,134
1806,184,214,398
1806,127,50,177
1806,89,83,172
1806,98,87,185
1806,74,78,152
1806,58,76,134
1806,89,111,200
1806,140,101,241
1806,72,82,154
1806,60,58,118
1806,91,97,188
1806,169,154,323
1806,79,102,181
1806,104,81,185
1806,80,82,162
1806,105,122,227
1806,71,82,153
1806,99,114,213
1806,115,123,238
1806,67,76,143
1806,106,115,221
1806,80,104,184
1806,79,76,155
1806,78,98,176
1806,103,103,206
1806,91,105,196
1806,95,98,193
1806,88,118,206
1806,127,107,234
1806,73,76,149
1807,82,94,176
1807,57,85,142
1807,105,100,205
1807,143,123,266
1807,72,79,151
1807,75,95,170
1807,98,89,187
1807,91,77,168
1807,110,92,202
1807,83,91,174
1807,87,109,196
1807,131,52,183
1807,93,87,180
1807,61,83,144
1807,75,77,152
1807,109,132,241
1807,85,82,167
1807,103,68,171
1807,98,113,211
1807,126,107,233
1807,91,95,186
1807,181,219,400
1807,73,70,143
1807,59,56,115
1807,78,111,189
1807,73,97,170
1807,75,81,156
1807,164,148,312
1807,116,99,215
1807,73,70,143
1807,102,77,179
1807,106,112,218
1807,109,120,229
1807,113,97,210
1807,121,91,212
1807,82,94,176
1807,114,124,238
1807,57,85,142
1807,92,81,173
1808,88,109,197
1808,98,84,182
1808,95,132,227
1808,132,55,187
1808,81,92,173
1808,111,93,204
1808,69,69,138
1808,88,82,170
1808,129,105,234
1808,74,78,152
1808,115,121,236
1808,90,89,179
1808,104,102,206
1808,104,68,172
1808,138,101,239
1808,109,100,209
1808,119,106,225
1808,208,199,407
1808,104,81,185
1808,81,92,173
1808,91,76,167
1808,102,121,223
1808,101,91,192
1808,62,82,144
1808,73,85,158
1808,76,85,161
1808,56,78,134
1808,69,72,141
1808,97,79,176
1808,99,93,192
1808,104,81,185
1808,74,96,170
1808,94,77,171
1808,56,78,134
1808,95,100,195
1808,107,96,203
1808,166,153,319
1808,143,123,266
1808,61,53,114
1809,112,94,206
1809,77,104,181
1809,105,106,211
1809,132,54,186
1809,73,91,164
1809,113,114,227
1809,65,72,137
1809,91,96,187
1809,153,149,302
1809,83,77,160
1809,106,96,202
1809,106,97,203
1809,193,193,386
1809,95,77,172
1809,81,117,198
1809,61,88,149
1809,68,71,139
1809,94,85,179
1809,110,121,231
1809,98,111,209
1809,70,70,140
1809,83,77,160
1809,76,81,157
1809,71,82,153
1809,58,72,130
1809,130,120,250
1809,81,82,163
1809,106,108,214
1809,53,72,125
1809,91,121,212
1809,61,88,149
1809,78,74,152
1809,107,93,200
1809,53,72,125
1809,97,91,188
1809,104,122,226
1809,92,95,187
1809,95,77,172
1809,69,75,144
1810,78,74,152
1810,90,77,167
1810,68,78,146
1810,99,107,206
1810,94,88,182
1810,99,84,183
1810,94,88,182
1810,57,76,133
1810,100,70,170
1810,100,115,215
1810,102,102,204
1810,83,73,156
1810,102,102,204
1810,86,111,197
1810,136,120,256
1810,62,90,152
1810,76,98,174
1810,97,95,192
1810,84,85,169
1810,79,74,153
1810,52,70,122
1810,95,105,200
1810,118,109,227
1810,94,86,180
1810,93,87,180
1810,139,155,294
1810,72,78,150
1810,52,70,122
1810,108,112,220
1810,113,101,214
1810,62,90,152
1810,135,54,189
1810,125,104,229
1810,70,73,143
1810,69,87,156
1810,109,102,211
1810,109,96,205
1810,90,77,167
1810,181,214,395
1811,51,68,119
1811,73,67,140
1811,139,117,256
1811,107,99,206
1811,109,101,210
1811,75,90,165
1811,51,68,119
1811,73,81,154
1811,76,103,179
1811,149,179,328
1811,111,96,207
1811,94,110,204
1811,87,79,166
1811,97,118,215
1811,79,98,177
1811,102,96,198
1811,84,83,167
1811,86,94,180
1811,71,111,182
1811,110,101,211
1811,70,85,155
1811,177,211,388
1811,115,105,220
1811,69,77,146
1811,96,73,169
1811,73,81,154
1811,71,111,182
1811,77,100,177
1811,77,107,184
1811,106,110,216
1811,92,104,196
1811,126,107,233
1811,93,130,223
1811,57,71,128
1811,101,124,225
1811,106,91,197
1811,90,115,205
1811,99,88,187
1811,95,58,153
1812,83,80,163
1812,99,85,184
1812,72,84,156
1812,83,69,152
1812,51,64,115
1812,109,98,207
1812,71,85,156
1812,61,80,141
1812,73,67,140
1812,107,115,222
1812,150,110,260
1812,94,108,202
1812,101,117,218
1812,68,105,173
1812,102,78,180
1812,89,53,142
1812,71,89,160
1812,87,84,171
1812,92,120,212
1812,178,213,391
1812,96,111,207
1812,69,81,150
1812,68,105,173
1812,73,67,140
1812,72,88,160
1812,112,111,223
1812,77,77,154
1812,147,123,270
1812,119,105,224
1812,109,115,224
1812,89,84,173
1812,150,180,330
1812,51,64,115
1812,97,98,195
1812,97,120,217
1812,76,93,169
1812,77,77,154
1812,119,108,227
1812,116,104,220
1813,76,84,160
1813,117,124,241
1813,121,96,217
1813,87,90,177
1813,132,109,241
1813,104,107,211
1813,55,71,126
1813,94,85,179
1813,65,98,163
1813,115,90,205
1813,119,105,224
1813,83,117,200
1813,83,91,174
1813,89,95,184
1813,125,116,241
1813,82,80,162
1813,74,81,155
1813,92,61,153
1813,78,104,182
1813,65,98,163
1813,105,105,210
1813,194,202,396
1813,75,97,172
1813,55,71,126
1813,93,79,172
1813,98,114,212
1813,143,166,309
1813,104,77,181
1813,112,100,212
1813,75,82,157
1813,70,82,152
1813,139,121,260
1813,94,79,173
1813,68,83,151
1813,82,72,154
1813,75,92,167
1813,125,113,238
1813,76,84,160
1813,102,91,193
1814,59,80,139
1814,88,74,162
1814,123,101,224
1814,97,92,189
1814,59,80,139
1814,98,75,173
1814,100,118,218
1814,75,90,165
1814,73,88,161
1814,113,91,204
1814,111,90,201
1814,121,106,227
1814,98,76,174
1814,71,79,150
1814,109,100,209
1814,77,84,161
1814,67,76,143
1814,81,109,190
1814,65,98,163
1814,88,104,192
1814,148,156,304
1814,97,69,166
1814,90,97,187
1814,98,106,204
1814,84,93,177
1814,68,94,162
1814,108,95,203
1814,99,122,221
1814,125,108,233
1814,65,98,163
1814,183,230,413
1814,92,100,192
1814,91,77,168
1814,93,72,165
1814,64,92,156
1814,89,89,178
1814,75,84,159
1814,122,147,269
1814,97,69,166
1815,101,123,224
1815,85,87,172
1815,114,100,214
1815,64,96,160
1815,69,97,166
1815,89,117,206
1815,80,67,147
1815,71,79,150
1815,83,114,197
1815,82,102,184
1815,86,111,197
1815,84,82,166
1815,108,134,242
1815,64,96,160
1815,128,95,223
1815,77,71,148
1815,99,61,160
1815,70,86,156
1815,79,68,147
1815,100,90,190
1815,71,70,141
1815,101,85,186
1815,85,87,172
1815,140,123,263
1815,104,99,203
1815,112,104,216
1815,65,74,139
1815,111,98,209
1815,123,99,222
1815,110,109,219
1815,191,223,414
1815,62,95,157
1815,117,101,218
1815,115,96,211
1815,62,95,157
1815,121,131,252
1815,67,73,140
1815,144,151,295
1815,98,85,183
2881,130,157,287
2881,127,133,260
2881,109,108,217
2881,95,89,184
2881,100,113,213
2881,84,104,188
2881,106,120,226
2881,77,62,139
2881,96,65,161
2881,101,106,207
2881,107,107,214
2881,105,110,215
2881,190,180,370
2881,165,184,349
2881,142,121,263
2881,122,127,249
2881,72,59,131
2881,96,84,180
2881,122,130,252
2881,70,68,138
2881,96,65,161
2881,80,113,193
2881,91,74,165
2881,107,119,226
2881,94,102,196
2881,113,64,177
2881,84,81,165
2881,87,104,191
2881,122,104,226
2881,148,106,254
2881,126,127,253
2881,75,85,160
2881,107,107,214
2881,108,92,200
2881,96,97,193
2881,117,87,204
2881,122,55,177
2881,70,68,138
2882,72,68,140
2882,88,83,171
2882,82,101,183
2882,132,99,231
2882,94,100,194
2882,153,130,283
2882,90,62,152
2882,188,178,366
2882,130,132,262
2882,120,98,218
2882,96,86,182
2882,99,91,190
2882,85,76,161
2882,88,87,175
2882,130,88,218
2882,85,99,184
2882,107,120,227
2882,145,109,254
2882,84,89,173
2882,118,120,238
2882,124,134,258
2882,164,188,352
2882,100,93,193
2882,128,138,266
2882,101,85,186
2882,78,126,204
2882,72,68,140
2882,128,62,190
2882,76,83,159
2882,128,97,225
2882,78,67,145
2882,90,62,152
2882,88,108,196
2882,130,114,244
2882,95,105,200
2882,80,63,143
2882,78,126,204
2882,100,100,200
2883,78,70,148
2883,163,193,356
2883,75,123,198
2883,154,133,287
2883,122,127,249
2883,79,67,146
2883,84,74,158
2883,147,109,256
2883,73,76,149
2883,137,101,238
2883,86,76,162
2883,96,122,218
2883,81,91,172
2883,101,110,211
2883,124,127,251
2883,77,81,158
2883,124,137,261
2883,108,97,205
2883,112,91,203
2883,99,101,200
2883,126,58,184
2883,75,123,198
2883,91,91,182
2883,98,115,213
2883,95,65,160
2883,140,120,260
2883,95,65,160
2883,130,97,227
2883,94,96,190
2883,131,105,236
2883,95,91,186
2883,79,72,151
2883,79,72,151
2883,182,176,358
2883,95,84,179
2883,125,133,258
2883,87,107,194
2883,93,104,197
2884,101,106,207
2884,76,129,205
2884,104,98,202
2884,70,69,139
2884,151,132,283
2884,96,90,186
2884,80,71,151
2884,94,122,216
2884,123,129,252
2884,85,70,155
2884,148,109,257
2884,76,129,205
2884,116,127,243
2884,80,71,151
2884,118,122,240
2884,95,93,188
2884,87,75,162
2884,102,113,215
2884,166,194,360
2884,76,66,142
2884,125,56,181
2884,77,75,152
2884,107,95,202
2884,112,84,196
2884,116,87,203
2884,137,115,252
2884,144,121,265
2884,133,100,233
2884,138,108,246
2884,115,130,245
2884,107,71,178
2884,86,88,174
2884,107,71,178
2884,73,82,155
2884,92,112,204
2884,189,176,365
2884,95,107,202
2884,96,86,182
2885,90,75,165
2885,78,71,149
2885,193,182,375
2885,113,127,240
2885,112,100,212
2885,78,71,149
2885,123,59,182
2885,115,107,222
2885,128,108,236
2885,86,103,189
2885,75,129,204
2885,121,76,197
2885,89,91,180
2885,96,91,187
2885,149,129,278
2885,77,73,150
2885,102,109,211
2885,120,125,245
2885,121,76,197
2885,115,132,247
2885,110,128,238
2885,70,76,146
2885,100,107,207
2885,122,91,213
2885,107,95,202
2885,85,68,153
2885,99,93,192
2885,167,200,367
2885,71,58,129
2885,75,129,204
2885,97,93,190
2885,148,109,257
2885,108,112,220
2885,96,127,223
2885,76,65,141
2885,148,122,270
2885,134,99,233
2885,91,103,194
2886,77,71,148
2886,164,186,350
2886,113,104,217
2886,168,203,371
2886,91,98,189
2886,153,127,280
2886,76,65,141
2886,135,115,250
2886,141,141,282
2886,109,128,237
2886,97,113,210
2886,99,103,202
2886,108,99,207
2886,89,87,176
2886,72,58,130
2886,94,88,182
2886,94,123,217
2886,76,74,150
2886,101,111,212
2886,90,77,167
2886,95,91,186
2886,83,128,211
2886,127,62,189
2886,73,125,198
2886,84,66,150
2886,85,97,182
2886,77,71,148
2886,87,88,175
2886,125,75,200
2886,137,102,239
2886,106,136,242
2886,125,75,200
2886,70,69,139
2886,103,91,194
2886,120,116,236
2886,73,125,198
2886,145,108,253
2886,152,122,274
2887,86,89,175
2887,124,77,201
2887,111,99,210
2887,74,126,200
2887,112,130,242
2887,141,111,252
2887,123,159,282
2887,125,63,188
2887,95,123,218
2887,78,73,151
2887,97,91,188
2887,89,94,183
2887,113,89,202
2887,91,88,179
2887,108,140,248
2887,73,60,133
2887,80,81,161
2887,83,128,211
2887,74,126,200
2887,124,77,201
2887,168,193,361
2887,110,127,237
2887,100,106,206
2887,166,187,353
2887,68,72,140
2887,152,124,276
2887,150,124,274
2887,74,65,139
2887,84,66,150
2887,100,106,206
2887,88,77,165
2887,97,94,191
2887,78,73,151
2887,85,98,183
2887,110,126,236
2887,115,106,221
2887,123,125,248
2887,94,97,191
2888,97,114,211
2888,95,88,183
2888,98,103,201
2888,116,128,244
2888,111,95,206
2888,82,67,149
2888,126,146,272
2888,109,114,223
2888,79,121,200
2888,89,78,167
2888,74,66,140
2888,86,75,161
2888,95,123,218
2888,118,60,178
2888,84,88,172
2888,139,123,262
2888,91,98,189
2888,101,106,207
2888,110,130,240
2888,86,75,161
2888,137,102,239
2888,119,152,271
2888,113,103,216
2888,68,67,135
2888,166,193,359
2888,141,111,252
2888,86,92,178
2888,87,103,190
2888,120,124,244
2888,114,72,186
2888,99,88,187
2888,74,62,136
2888,104,136,240
2888,71,123,194
2888,107,95,202
2888,114,72,186
2888,71,123,194
2888,165,193,358
2889,112,127,239
2889,114,120,234
2889,121,73,194
2889,105,94,199
2889,124,157,281
2889,120,96,216
2889,141,116,257
2889,94,119,213
2889,72,57,129
2889,69,112,181
2889,96,88,184
2889,75,68,143
2889,116,105,221
2889,100,103,203
2889,89,75,164
2889,103,133,236
2889,111,62,173
2889,163,185,348
2889,89,94,183
2889,121,73,194
2889,110,125,235
2889,69,112,181
2889,111,103,214
2889,90,91,181
2889,87,75,162
2889,95,90,185
2889,87,75,162
2889,118,130,248
2889,91,104,195
2889,72,91,163
2889,125,94,219
2889,137,123,260
2889,97,102,199
2889,147,121,268
2889,169,194,363
2889,71,61,132
2889,88,106,194
2889,84,68,152
2890,98,101,199
2890,67,65,132
2890,138,112,250
2890,114,99,213
2890,113,102,215
2890,71,112,183
2890,71,112,183
2890,82,68,150
2890,164,185,349
2890,76,58,134
2890,112,131,243
2890,142,128,270
2890,96,107,203
2890,93,110,203
2890,104,65,169
2890,105,57,162
2890,102,103,205
2890,125,161,286
2890,138,103,241
2890,138,115,253
2890,82,68,150
2890,117,94,211
2890,86,72,158
2890,89,85,174
2890,96,121,217
2890,106,124,230
2890,87,106,193
2890,80,90,170
2890,100,97,197
2890,118,69,187
2890,123,94,217
2890,95,89,184
2890,134,103,237
2890,118,69,187
2890,101,129,230
2890,107,88,195
2890,69,62,131
2890,169,189,358
2891,92,120,212
2891,118,89,207
2891,140,126,266
2891,140,118,258
2891,85,92,177
2891,70,74,144
2891,69,109,178
2891,166,175,341
2891,102,62,164
2891,107,127,234
2891,117,108,225
2891,148,120,268
2891,73,69,142
2891,97,101,198
2891,112,112,224
2891,98,121,219
2891,103,94,197
2891,76,64,140
2891,97,96,193
2891,87,77,164
2891,100,105,205
2891,99,95,194
2891,165,172,337
2891,87,69,156
2891,102,124,226
2891,108,120,228
2891,150,143,293
2891,101,70,171
2891,73,69,142
2891,105,128,233
2891,95,101,196
2891,118,71,189
2891,108,89,197
2891,120,104,224
2891,118,71,189
2891,69,109,178
2891,71,64,135
2891,93,115,208
2892,69,68,137
2892,165,176,341
2892,91,72,163
2892,72,79,151
2892,90,109,199
2892,144,127,271
2892,100,119,219
2892,106,95,201
2892,116,73,189
2892,155,120,275
2892,103,71,174
2892,78,69,147
2892,71,112,183
2892,98,100,198
2892,111,100,211
2892,120,93,213
2892,106,138,244
2892,87,74,161
2892,68,63,131
2892,144,127,271
2892,103,56,159
2892,116,73,189
2892,108,125,233
2892,129,110,239
2892,86,108,194
2892,105,129,234
2892,122,92,214
2892,121,93,214
2892,118,120,238
2892,148,140,288
2892,85,83,168
2892,118,91,209
2892,164,173,337
2892,71,112,183
2892,102,105,207
2892,94,88,182
2892,107,116,223
2892,69,68,137
2893,97,124,221
2893,128,96,224
2893,162,167,329
2893,69,109,178
2893,136,112,248
2893,107,143,250
2893,69,69,138
2893,107,57,164
2893,98,98,196
2893,97,74,171
2893,108,136,244
2893,94,69,163
2893,128,80,208
2893,146,128,274
2893,102,80,182
2893,132,105,237
2893,165,180,345
2893,87,89,176
2893,93,86,179
2893,69,69,138
2893,84,114,198
2893,69,109,178
2893,144,128,272
2893,106,109,215
2893,92,108,200
2893,129,165,294
2893,138,117,255
2893,82,96,178
2893,83,78,161
2893,108,121,229
2893,128,80,208
2893,123,95,218
2893,114,99,213
2893,120,128,248
2893,90,111,201
2893,72,79,151
2893,109,128,237
2893,66,67,133
2894,104,119,223
2894,92,70,162
2894,110,129,239
2894,124,136,260
2894,93,84,177
2894,71,93,164
2894,121,112,233
2894,84,113,197
2894,163,137,300
2894,106,137,243
2894,80,88,168
2894,104,56,160
2894,90,75,165
2894,124,96,220
2894,118,90,208
2894,129,111,240
2894,166,166,332
2894,90,75,165
2894,109,145,254
2894,106,124,230
2894,110,126,236
2894,104,95,199
2894,173,192,365
2894,126,93,219
2894,100,105,205
2894,67,64,131
2894,72,121,193
2894,72,121,193
2894,84,86,170
2894,83,65,148
2894,85,121,206
2894,110,97,207
2894,124,94,218
2894,98,77,175
2894,138,125,263
2894,85,83,168
2894,145,127,272
2894,104,95,199
2895,71,107,178
2895,104,129,233
2895,85,86,171
2895,145,124,269
2895,107,62,169
2895,79,86,165
2895,109,99,208
2895,117,94,211
2895,74,106,180
2895,92,113,205
2895,118,90,208
2895,106,138,244
2895,86,118,204
2895,141,114,255
2895,166,181,347
2895,159,140,299
2895,176,201,377
2895,92,76,168
2895,119,110,229
2895,104,97,201
2895,104,97,201
2895,96,73,169
2895,123,131,254
2895,85,93,178
2895,126,125,251
2895,83,101,184
2895,71,107,178
2895,99,103,202
2895,107,118,225
2895,78,68,146
2895,106,119,225
2895,70,66,136
2895,103,102,205
2895,93,89,182
2895,74,106,180
2895,110,130,240
2895,95,73,168
2895,123,94,217
2896,114,112,226
2896,89,99,188
2896,72,108,180
2896,124,94,218
2896,135,112,247
2896,72,108,180
2896,129,143,272
2896,101,73,174
2896,171,182,353
2896,134,82,216
2896,108,124,232
2896,146,122,268
2896,83,77,160
2896,73,119,192
2896,84,119,203
2896,111,94,205
2896,75,67,142
2896,100,103,203
2896,78,72,150
2896,125,139,264
2896,98,77,175
2896,134,82,216
2896,141,114,255
2896,81,101,182
2896,109,84,193
2896,112,100,212
2896,91,85,176
2896,94,72,166
2896,101,111,212
2896,108,65,173
2896,110,130,240
2896,87,86,173
2896,153,141,294
2896,88,101,189
2896,73,119,192
2896,109,146,255
2896,104,136,240
2896,164,177,341
2897,149,141,290
2897,80,79,159
2897,148,127,275
2897,87,99,186
2897,115,92,207
2897,72,120,192
2897,104,118,222
2897,148,113,261
2897,83,87,170
2897,142,114,256
2897,93,73,166
2897,107,119,226
2897,113,114,227
2897,74,66,140
2897,199,184,383
2897,69,101,170
2897,108,101,209
2897,98,90,188
2897,106,67,173
2897,90,82,172
2897,136,111,247
2897,100,99,199
2897,100,77,177
2897,69,101,170
2897,80,105,185
2897,106,144,250
2897,100,99,199
2897,106,113,219
2897,79,72,151
2897,126,141,267
2897,98,95,193
2897,110,94,204
2897,72,120,192
2897,78,107,185
2897,102,84,186
2897,86,98,184
2897,91,74,165
2897,164,166,330
2898,68,97,165
2898,116,101,217
2898,73,118,191
2898,99,95,194
2898,115,94,209
2898,101,110,211
2898,99,95,194
2898,134,110,244
2898,149,130,279
2898,107,145,252
2898,113,112,225
2898,153,143,296
2898,112,113,225
2898,81,94,175
2898,106,66,172
2898,88,77,165
2898,80,75,155
2898,97,94,191
2898,162,172,334
2898,107,94,201
2898,73,118,191
2898,77,100,177
2898,100,86,186
2898,147,117,264
2898,107,78,185
2898,78,71,149
2898,124,131,255
2898,86,96,182
2898,68,97,165
2898,88,80,168
2898,174,212,386
2898,86,92,178
2898,108,116,224
2898,139,113,252
2898,121,91,212
2898,88,74,162
2898,80,84,164
2898,74,67,141
2899,98,104,202
2899,120,104,224
2899,80,101,181
2899,81,77,158
2899,72,112,184
2899,89,78,167
2899,84,91,175
2899,149,131,280
2899,135,110,245
2899,88,85,173
2899,74,94,168
2899,100,85,185
2899,142,114,256
2899,111,127,238
2899,81,77,158
2899,102,100,202
2899,116,96,212
2899,72,67,139
2899,123,136,259
2899,102,118,220
2899,114,109,223
2899,86,73,159
2899,126,92,218
2899,166,184,350
2899,92,106,198
2899,98,104,202
2899,128,136,264
2899,71,102,173
2899,115,112,227
2899,71,102,173
2899,72,112,184
2899,91,82,173
2899,96,97,193
2899,128,165,293
2899,104,77,181
2899,164,168,332
2899,106,141,247
2899,102,64,166
2900,91,84,175
2900,98,100,198
2900,112,101,213
2900,117,117,234
2900,86,87,173
2900,91,76,167
2900,111,79,190
2900,93,104,197
2900,132,111,243
2900,72,105,177
2900,113,95,208
2900,104,108,212
2900,152,142,294
2900,103,65,168
2900,169,181,350
2900,73,66,139
2900,128,118,246
2900,103,108,211
2900,83,92,175
2900,92,85,177
2900,170,186,356
2900,103,136,239
2900,79,98,177
2900,127,144,271
2900,91,84,175
2900,75,73,148
2900,69,106,175
2900,80,77,157
2900,92,110,202
2900,88,79,167
2900,95,86,181
2900,98,80,178
2900,95,86,181
2900,131,165,296
2900,123,130,253
2900,137,110,247
2900,69,106,175
2900,72,105,177
2901,105,129,234
2901,125,130,255
2901,74,65,139
2901,81,85,166
2901,101,128,229
2901,78,106,184
2901,117,108,225
2901,166,183,349
2901,89,68,157
2901,78,106,184
2901,72,102,174
2901,94,126,220
2901,123,91,214
2901,89,68,157
2901,96,91,187
2901,88,85,173
2901,131,165,296
2901,101,107,208
2901,87,91,178
2901,113,118,231
2901,77,61,138
2901,90,74,164
2901,105,78,183
2901,84,83,167
2901,171,196,367
2901,104,88,192
2901,92,81,173
2901,110,82,192
2901,100,96,196
2901,103,61,164
2901,86,85,171
2901,114,97,211
2901,146,110,256
2901,72,102,174
2901,78,90,168
2901,98,95,193
2901,119,123,242
2901,155,149,304
2902,122,130,252
2902,107,77,184
2902,100,97,197
2902,109,93,202
2902,103,95,198
2902,186,130,316
2902,98,96,194
2902,105,63,168
2902,158,144,302
2902,77,64,141
2902,176,199,375
2902,75,107,182
2902,119,102,221
2902,71,111,182
2902,203,183,386
2902,91,81,172
2902,116,115,231
2902,71,111,182
2902,100,77,177
2902,87,91,178
2902,86,84,170
2902,75,107,182
2902,128,126,254
2902,122,129,251
2902,138,113,251
2902,121,106,227
2902,104,137,241
2902,91,72,163
2902,91,72,163
2902,97,89,186
2902,77,92,169
2902,89,99,188
2902,125,100,225
2902,84,99,183
2902,87,94,181
2902,111,133,244
2902,86,74,160
2902,70,64,134
2903,128,85,213
2903,108,78,186
2903,91,81,172
2903,104,112,216
2903,97,96,193
2903,77,92,169
2903,115,98,213
2903,74,103,177
2903,117,121,238
2903,112,102,214
2903,123,89,212
2903,128,85,213
2903,123,132,255
2903,200,181,381
2903,109,72,181
2903,74,123,197
2903,109,78,187
2903,92,101,193
2903,74,103,177
2903,69,72,141
2903,139,114,253
2903,105,91,196
2903,87,96,183
2903,77,68,145
2903,94,88,182
2903,175,191,366
2903,126,128,254
2903,78,87,165
2903,141,134,275
2903,113,134,247
2903,102,109,211
2903,105,107,212
2903,186,128,314
2903,139,113,252
2903,86,73,159
2903,108,139,247
2903,74,123,197
2903,89,82,171
2904,128,138,266
2904,131,151,282
2904,107,72,179
2904,123,83,206
2904,97,106,203
2904,170,188,358
2904,103,76,179
2904,78,67,145
2904,80,94,174
2904,143,115,258
2904,118,115,233
2904,76,105,181
2904,90,87,177
2904,123,107,230
2904,123,83,206
2904,80,131,211
2904,79,94,173
2904,151,110,261
2904,103,136,239
2904,110,74,184
2904,107,99,206
2904,93,76,169
2904,92,83,175
2904,68,71,139
2904,96,129,225
2904,113,98,211
2904,90,94,184
2904,85,95,180
2904,121,132,253
2904,178,202,380
2904,178,127,305
2904,96,90,186
2904,109,99,208
2904,121,90,211
2904,80,131,211
2904,87,79,166
2904,104,116,220
2904,76,105,181
2905,174,189,363
2905,96,105,201
2905,127,84,211
2905,114,97,211
2905,83,88,171
2905,142,119,261
2905,86,84,170
2905,117,133,250
2905,90,105,195
2905,104,108,212
2905,69,73,142
2905,132,135,267
2905,128,109,237
2905,132,147,279
2905,185,130,315
2905,95,82,177
2905,82,108,190
2905,144,110,254
2905,94,76,170
2905,109,75,184
2905,81,134,215
2905,169,191,360
2905,86,72,158
2905,93,83,176
2905,118,86,204
2905,84,93,177
2905,103,77,180
2905,101,81,182
2905,96,116,212
2905,81,134,215
2905,112,132,244
2905,86,89,175
2905,127,84,211
2905,102,88,190
2905,105,85,190
2905,97,130,227
2905,119,125,244
2905,101,81,182
2906,96,85,181
2906,102,92,194
2906,102,87,189
2906,176,188,364
2906,92,98,190
2906,77,103,180
2906,98,113,211
2906,111,126,237
2906,121,140,261
2906,112,78,190
2906,133,112,245
2906,99,107,206
2906,173,198,371
2906,103,109,212
2906,122,133,255
2906,137,108,245
2906,99,107,206
2906,88,82,170
2906,77,103,180
2906,94,98,192
2906,81,87,168
2906,120,102,222
2906,98,111,209
2906,99,77,176
2906,116,89,205
2906,120,133,253
2906,100,98,198
2906,70,76,146
2906,157,153,310
2906,89,76,165
2906,118,135,253
2906,93,85,178
2906,82,87,169
2906,86,118,204
2906,138,156,294
2906,87,78,165
2906,88,74,162
2906,98,111,209
2907,94,77,171
2907,77,93,170
2907,91,76,167
2907,125,86,211
2907,117,101,218
2907,101,84,185
2907,120,131,251
2907,115,122,237
2907,125,86,211
2907,119,89,208
2907,102,107,209
2907,132,148,280
2907,128,152,280
2907,71,77,148
2907,182,181,363
2907,107,132,239
2907,106,131,237
2907,99,78,177
2907,96,84,180
2907,86,85,171
2907,92,77,169
2907,107,109,216
2907,94,77,171
2907,146,110,256
2907,102,125,227
2907,82,88,170
2907,118,76,194
2907,154,149,303
2907,91,94,185
2907,88,124,212
2907,201,181,382
2907,102,108,210
2907,113,88,201
2907,91,94,185
2907,101,100,201
2907,102,108,210
2907,113,126,239
2907,96,103,199
2908,138,106,244
2908,88,78,166
2908,116,91,207
2908,93,78,171
2908,77,95,172
2908,128,137,265
2908,95,83,178
2908,83,89,172
2908,169,187,356
2908,85,92,177
2908,95,107,202
2908,97,93,190
2908,82,131,213
2908,195,181,376
2908,106,79,185
2908,97,109,206
2908,91,76,167
2908,118,92,210
2908,128,150,278
2908,75,88,163
2908,105,117,222
2908,99,129,228
2908,118,121,239
2908,155,153,308
2908,97,73,170
2908,103,124,227
2908,103,86,189
2908,115,135,250
2908,95,84,179
2908,106,79,185
2908,110,96,206
2908,106,108,214
2908,101,131,232
2908,113,133,246
2908,114,99,213
2908,97,109,206
2908,82,131,213
2908,122,131,253
2909,178,131,309
2909,77,90,167
2909,99,103,202
2909,112,129,241
2909,133,112,245
2909,86,70,156
2909,119,130,249
2909,79,121,200
2909,108,123,231
2909,97,99,196
2909,111,86,197
2909,122,98,220
2909,104,79,183
2909,128,103,231
2909,89,89,178
2909,178,176,354
2909,94,116,210
2909,97,99,196
2909,84,89,173
2909,119,133,252
2909,79,121,200
2909,109,82,191
2909,160,138,298
2909,85,77,162
2909,98,85,183
2909,88,76,164
2909,118,91,209
2909,176,192,368
2909,114,90,204
2909,82,104,186
2909,84,98,182
2909,123,101,224
2909,126,134,260
2909,104,79,183
2909,101,121,222
2909,123,146,269
2909,104,106,210
2909,92,82,174
2910,117,98,215
2910,87,112,199
2910,93,113,206
2910,95,89,184
2910,136,104,240
2910,117,132,249
2910,135,108,243
2910,76,88,164
2910,147,73,220
2910,121,89,210
2910,93,85,178
2910,88,77,165
2910,100,119,219
2910,89,82,171
2910,131,134,265
2910,122,138,260
2910,87,102,189
2910,107,139,246
2910,97,92,189
2910,106,87,193
2910,115,97,212
2910,95,89,184
2910,79,129,208
2910,85,95,180
2910,175,131,306
2910,125,113,238
2910,117,93,210
2910,83,69,152
2910,106,117,223
2910,115,83,198
2910,79,72,151
2910,172,184,356
2910,106,78,184
2910,106,78,184
2910,79,129,208
2910,104,110,214
2910,167,173,340
2910,137,131,268
2911,127,100,227
2911,167,125,292
2911,106,84,190
2911,144,117,261
2911,88,96,184
2911,135,151,286
2911,152,123,275
2911,96,88,184
2911,88,100,188
2911,102,115,217
2911,101,102,203
2911,136,96,232
2911,110,129,239
2911,76,110,186
2911,119,109,228
2911,115,87,202
2911,110,82,192
2911,203,187,390
2911,114,90,204
2911,101,126,227
2911,98,74,172
2911,95,122,217
2911,98,74,172
2911,76,110,186
2911,91,88,179
2911,101,102,203
2911,105,82,187
2911,97,67,164
2911,86,83,169
2911,179,201,380
2911,142,162,304
2911,91,94,185
2911,97,79,176
2911,130,123,253
2911,86,87,173
2911,120,109,229
2911,113,98,211
2911,81,74,155
2912,101,80,181
2912,168,124,292
2912,120,97,217
2912,102,94,196
2912,182,202,384
2912,93,83,176
2912,122,106,228
2912,115,86,201
2912,96,68,164
2912,86,105,191
2912,74,111,185
2912,75,70,145
2912,138,117,255
2912,137,165,302
2912,125,112,237
2912,86,75,161
2912,140,114,254
2912,150,122,272
2912,74,111,185
2912,141,160,301
2912,88,85,173
2912,94,124,218
2912,185,181,366
2912,99,112,211
2912,114,90,204
2912,99,74,173
2912,99,74,173
2912,92,88,180
2912,91,92,183
2912,98,94,192
2912,126,85,211
2912,123,90,213
2912,102,124,226
2912,126,85,211
2912,88,97,185
2912,110,134,244
2912,85,89,174
2912,95,95,190
2913,83,100,183
2913,107,90,197
2913,116,96,212
2913,129,157,286
2913,122,112,234
2913,103,128,231
2913,169,125,294
2913,88,89,177
2913,103,81,184
2913,186,180,366
2913,140,118,258
2913,136,152,288
2913,116,109,225
2913,120,110,230
2913,93,116,209
2913,121,140,261
2913,101,129,230
2913,97,74,171
2913,116,84,200
2913,84,86,170
2913,92,105,197
2913,97,74,171
2913,186,205,391
2913,88,82,170
2913,96,80,176
2913,101,97,198
2913,92,91,183
2913,124,90,214
2913,67,65,132
2913,97,89,186
2913,98,99,197
2913,125,147,272
2913,101,118,219
2913,99,67,166
2913,98,99,197
2913,114,98,212
2913,116,84,200
2913,92,105,197
2914,201,192,393
2914,125,143,268
2914,102,126,228
2914,102,91,193
2914,119,98,217
2914,90,90,180
2914,108,81,189
2914,102,94,196
2914,104,95,199
2914,122,102,224
2914,171,127,298
2914,81,101,182
2914,102,126,228
2914,104,85,189
2914,138,117,255
2914,120,134,254
2914,81,81,162
2914,90,84,174
2914,134,115,249
2914,93,109,202
2914,81,101,182
2914,102,125,227
2914,67,63,130
2914,99,119,218
2914,117,87,204
2914,98,93,191
2914,134,117,251
2914,88,104,192
2914,98,93,191
2914,97,76,173
2914,131,130,261
2914,183,178,361
2914,105,82,187
2914,122,142,264
2914,98,67,165
2914,93,92,185
2914,97,76,173
2914,84,104,188
2915,122,109,231
2915,84,87,171
2915,104,93,197
2915,117,101,218
2915,92,107,199
2915,129,114,243
2915,122,136,258
2915,207,189,396
2915,125,105,230
2915,83,93,176
2915,92,99,191
2915,103,86,189
2915,102,78,180
2915,102,78,180
2915,117,92,209
2915,76,102,178
2915,128,147,275
2915,139,129,268
2915,76,102,178
2915,122,89,211
2915,101,117,218
2915,99,93,192
2915,142,117,259
2915,102,108,210
2915,97,66,163
2915,110,85,195
2915,102,108,210
2915,100,122,222
2915,168,194,362
2915,90,84,174
2915,89,100,189
2915,121,100,221
2915,90,100,190
2915,169,127,296
2915,89,108,197
2915,148,122,270
2915,67,63,130
2915,101,154,255
2916,171,127,298
2916,196,187,383
2916,101,108,209
2916,86,87,173
2916,81,77,158
2916,91,88,179
2916,101,108,209
2916,93,111,204
2916,122,115,237
2916,107,78,185
2916,98,115,213
2916,96,92,188
2916,113,96,209
2916,131,116,247
2916,65,61,126
2916,108,172,280
2916,88,102,190
2916,88,120,208
2916,90,64,154
2916,118,128,246
2916,100,114,214
2916,130,156,286
2916,116,86,202
2916,84,103,187
2916,98,114,212
2916,84,103,187
2916,116,94,210
2916,131,126,257
2916,125,110,235
2916,138,109,247
2916,168,190,358
2916,85,100,185
2916,101,85,186
2916,116,90,206
2916,118,125,243
2916,107,78,185
2916,120,98,218
2916,90,105,195
2917,105,78,183
2917,135,143,278
2917,92,91,183
2917,123,142,265
2917,89,92,181
2917,171,204,375
2917,168,124,292
2917,91,87,178
2917,118,107,225
2917,124,97,221
2917,105,78,183
2917,74,103,177
2917,87,124,211
2917,89,97,186
2917,74,103,177
2917,99,100,199
2917,89,99,188
2917,101,81,182
2917,129,115,244
2917,102,128,230
2917,210,190,400
2917,98,105,203
2917,139,109,248
2917,92,109,201
2917,126,115,241
2917,65,63,128
2917,116,83,199
2917,121,127,248
2917,121,100,221
2917,106,79,185
2917,98,78,176
2917,102,85,187
2917,102,88,190
2917,99,100,199
2917,90,65,155
2917,129,151,280
2917,111,91,202
2917,131,112,243
2918,64,63,127
2918,123,109,232
2918,99,79,178
2918,102,132,234
2918,130,132,262
2918,127,138,265
2918,122,112,234
2918,103,124,227
2918,88,91,179
2918,101,94,195
2918,119,132,251
2918,185,183,368
2918,117,109,226
2918,130,102,232
2918,86,118,204
2918,84,107,191
2918,101,80,181
2918,144,73,217
2918,105,139,244
2918,127,98,225
2918,103,86,189
2918,102,76,178
2918,91,89,180
2918,122,90,212
2918,91,67,158
2918,112,83,195
2918,84,107,191
2918,90,87,177
2918,102,105,207
2918,143,159,302
2918,93,104,197
2918,102,76,178
2918,197,182,379
2918,105,125,230
2918,102,105,207
2918,88,88,176
2918,88,94,182
2918,161,118,279
2919,66,62,128
2919,99,85,184
2919,106,83,189
2919,87,104,191
2919,101,99,200
2919,128,107,235
2919,133,142,275
2919,93,65,158
2919,135,105,240
2919,87,104,191
2919,126,110,236
2919,92,90,182
2919,89,72,161
2919,98,100,198
2919,110,82,192
2919,101,102,203
2919,89,85,174
2919,90,103,193
2919,90,95,185
2919,101,102,203
2919,170,137,307
2919,120,90,210
2919,86,84,170
2919,125,144,269
2919,89,72,161
2919,190,205,395
2919,118,144,262
2919,102,118,220
2919,137,70,207
2919,95,78,173
2919,147,113,260
2919,84,106,190
2919,199,185,384
2919,126,102,228
2919,115,111,226
2919,133,117,250
2919,154,124,278
2919,127,96,223
2920,105,105,210
2920,124,145,269
2920,105,89,194
2920,111,84,195
2920,68,67,135
2920,132,150,282
2920,98,111,209
2920,112,110,222
2920,97,78,175
2920,85,103,188
2920,104,128,232
2920,113,92,205
2920,105,105,210
2920,87,73,160
2920,91,101,192
2920,106,126,232
2920,118,96,214
2920,114,95,209
2920,127,107,234
2920,88,80,168
2920,87,73,160
2920,99,78,177
2920,116,83,199
2920,96,82,178
2920,154,130,284
2920,105,81,186
2920,101,101,202
2920,188,180,368
2920,187,196,383
2920,135,71,206
2920,86,81,167
2920,98,111,209
2920,140,118,258
2920,129,107,236
2920,125,112,237
2920,141,151,292
2920,89,65,154
2920,120,136,256
2921,121,131,252
2921,110,82,192
2921,95,113,208
2921,89,73,162
2921,89,91,180
2921,89,73,162
2921,131,143,274
2921,89,84,173
2921,67,70,137
2921,170,178,348
2921,124,146,270
2921,128,83,211
2921,123,90,213
2921,92,80,172
2921,154,117,271
2921,103,78,181
2921,106,80,186
2921,107,87,194
2921,111,95,206
2921,89,68,157
2921,102,109,211
2921,181,190,371
2921,129,68,197
2921,105,81,186
2921,104,124,228
2921,128,83,211
2921,132,116,248
2921,104,121,225
2921,123,106,229
2921,108,113,221
2921,83,106,189
2921,106,133,239
2921,108,113,221
2921,86,81,167
2921,144,132,276
2921,101,92,193
2921,90,101,191
2921,112,108,220
2922,109,86,195
2922,119,87,206
2922,187,180,367
2922,112,114,226
2922,102,82,184
2922,88,81,169
2922,119,80,199
2922,99,80,179
2922,82,106,188
2922,156,119,275
2922,112,114,226
2922,104,118,222
2922,124,112,236
2922,98,120,218
2922,66,64,130
2922,135,164,299
2922,119,106,225
2922,154,138,292
2922,92,78,170
2922,105,96,201
2922,129,114,243
2922,92,68,160
2922,111,94,205
2922,103,121,224
2922,151,125,276
2922,133,95,228
2922,119,80,199
2922,101,79,180
2922,129,68,197
2922,79,70,149
2922,88,94,182
2922,88,82,170
2922,105,128,233
2922,88,99,187
2922,176,176,352
2922,79,70,149
2922,125,147,272
2922,94,101,195
2923,196,184,380
2923,81,124,205
2923,88,79,167
2923,101,80,181
2923,99,104,203
2923,128,102,230
2923,121,94,215
2923,85,92,177
2923,81,100,181
2923,98,108,206
2923,161,141,302
2923,99,90,189
2923,125,145,270
2923,104,130,234
2923,102,69,171
2923,125,114,239
2923,179,176,355
2923,67,69,136
2923,114,99,213
2923,136,155,291
2923,91,75,166
2923,130,69,199
2923,122,107,229
2923,104,87,191
2923,101,117,218
2923,105,81,186
2923,81,124,205
2923,99,104,203
2923,109,85,194
2923,162,119,281
2923,98,81,179
2923,135,148,283
2923,81,72,153
2923,91,99,190
2923,81,72,153
2923,83,83,166
2923,88,95,183
2923,124,111,235
2924,176,122,298
2924,97,94,191
2924,80,86,166
2924,91,87,178
2924,84,71,155
2924,117,112,229
2924,98,118,216
2924,170,175,345
2924,136,114,250
2924,131,99,230
2924,114,96,210
2924,117,99,216
2924,68,64,132
2924,160,136,296
2924,84,71,155
2924,128,70,198
2924,81,96,177
2924,100,115,215
2924,121,143,264
2924,82,118,200
2924,187,178,365
2924,134,146,280
2924,97,94,191
2924,82,118,200
2924,93,81,174
2924,98,85,183
2924,90,95,185
2924,107,86,193
2924,99,79,178
2924,102,81,183
2924,107,167,274
2924,121,94,215
2924,121,87,208
2924,110,88,198
2924,102,123,225
2924,119,111,230
2924,93,107,200
2924,85,99,184
2925,132,144,276
2925,104,161,265
2925,101,124,225
2925,100,120,220
2925,109,87,196
2925,122,147,269
2925,98,97,195
2925,138,105,243
2925,79,120,199
2925,96,105,201
2925,126,97,223
2925,95,97,192
2925,82,94,176
2925,121,113,234
2925,79,87,166
2925,114,84,198
2925,167,142,309
2925,102,82,184
2925,122,86,208
2925,83,75,158
2925,65,61,126
2925,180,183,363
2925,167,120,287
2925,81,72,153
2925,149,117,266
2925,104,87,191
2925,125,101,226
2925,121,113,234
2925,97,83,180
2925,98,97,195
2925,105,120,225
2925,124,70,194
2925,80,71,151
2925,79,120,199
2925,80,71,151
2925,92,91,183
2925,94,81,175
2925,176,193,369
2926,190,206,396
2926,95,86,181
2926,136,148,284
2926,90,79,169
2926,107,164,271
2926,94,82,176
2926,105,139,244
2926,123,138,261
2926,95,86,181
2926,77,119,196
2926,114,88,202
2926,97,114,211
2926,85,73,158
2926,85,73,158
2926,110,82,192
2926,126,123,249
2926,99,109,208
2926,77,119,196
2926,110,96,206
2926,125,114,239
2926,87,79,166
2926,82,96,178
2926,118,101,219
2926,94,80,174
2926,83,96,179
2926,121,142,263
2926,135,102,237
2926,124,102,226
2926,120,67,187
2926,126,98,224
2926,142,155,297
2926,177,209,386
2926,69,66,135
2926,85,91,176
2926,82,81,163
2926,101,91,192
2926,84,84,168
2926,162,117,279
2927,123,146,269
2927,98,100,198
2927,163,118,281
2927,120,134,254
2927,112,82,194
2927,108,126,234
2927,102,121,223
2927,88,77,165
2927,177,198,375
2927,159,142,301
2927,106,165,271
2927,105,141,246
2927,94,90,184
2927,82,123,205
2927,90,89,179
2927,85,77,162
2927,125,102,227
2927,111,71,182
2927,80,76,156
2927,69,71,140
2927,111,98,209
2927,120,97,217
2927,114,84,198
2927,82,123,205
2927,190,206,396
2927,96,92,188
2927,127,133,260
2927,91,75,166
2927,89,83,172
2927,96,92,188
2927,155,138,293
2927,123,70,193
2927,95,83,178
2927,92,105,197
2927,91,75,166
2927,93,110,203
2927,133,117,250
2927,81,97,178
2928,100,105,205
2928,121,135,256
2928,135,131,266
2928,79,77,156
2928,84,135,219
2928,126,116,242
2928,132,104,236
2928,84,135,219
2928,79,93,172
2928,82,82,164
2928,124,100,224
2928,110,97,207
2928,197,183,380
2928,96,89,185
2928,94,107,201
2928,89,74,163
2928,70,73,143
2928,96,89,185
2928,86,88,174
2928,95,91,186
2928,91,78,169
2928,89,103,192
2928,109,173,282
2928,88,109,197
2928,86,75,161
2928,104,80,184
2928,130,155,285
2928,115,110,225
2928,188,183,371
2928,127,123,250
2928,89,74,163
2928,99,96,195
2928,83,96,179
2928,158,116,274
2928,123,152,275
2928,123,70,193
2928,93,92,185
2928,128,98,226
2929,83,76,159
2929,215,189,404
2929,130,122,252
2929,97,96,193
2929,101,98,199
2929,102,118,220
2929,106,164,270
2929,88,85,173
2929,130,145,275
2929,117,126,243
2929,102,79,181
2929,101,112,213
2929,146,126,272
2929,109,82,191
2929,87,90,177
2929,119,113,232
2929,104,113,217
2929,91,76,167
2929,87,80,167
2929,82,73,155
2929,101,98,199
2929,144,132,276
2929,113,99,212
2929,104,113,217
2929,92,77,169
2929,102,79,181
2929,112,99,211
2929,117,129,246
2929,77,90,167
2929,71,80,151
2929,110,89,199
2929,171,178,349
2929,124,103,227
2929,116,97,213
2929,162,119,281
2929,112,72,184
2929,123,70,193
2929,81,82,163
2930,79,72,151
2930,221,187,408
2930,172,185,357
2930,130,132,262
2930,132,133,265
2930,91,94,185
2930,86,90,176
2930,103,81,184
2930,88,143,231
2930,87,82,169
2930,95,78,173
2930,101,126,227
2930,96,98,194
2930,131,118,249
2930,102,116,218
2930,122,147,269
2930,119,97,216
2930,82,94,176
2930,99,77,176
2930,119,143,262
2930,103,101,204
2930,155,115,270
2930,82,68,150
2930,120,69,189
2930,136,103,239
2930,119,90,209
2930,69,80,149
2930,103,101,204
2930,138,133,271
2930,113,101,214
2930,90,80,170
2930,84,98,182
2930,86,83,169
2930,102,96,198
2930,103,157,260
2930,99,77,176
2930,150,119,269
2930,88,143,231
2931,133,131,264
2931,69,73,142
2931,105,161,266
2931,159,135,294
2931,104,119,223
2931,125,92,217
2931,97,95,192
2931,82,98,180
2931,119,140,259
2931,147,134,281
2931,125,101,226
2931,112,92,204
2931,119,113,232
2931,93,75,168
2931,138,135,273
2931,82,88,170
2931,118,68,186
2931,106,107,213
2931,80,81,161
2931,186,180,366
2931,93,75,168
2931,103,98,201
2931,115,136,251
2931,89,101,190
2931,150,119,269
2931,82,95,177
2931,182,183,365
2931,97,107,204
2931,95,79,174
2931,87,79,166
2931,85,133,218
2931,85,133,218
2931,106,107,213
2931,85,67,152
2931,88,80,168
2931,98,78,176
2931,126,103,229
2931,83,72,155
2932,139,148,287
2932,95,94,189
2932,80,83,163
2932,98,92,190
2932,87,74,161
2932,80,118,198
2932,104,98,202
2932,94,83,177
2932,98,92,190
2932,129,104,233
2932,96,77,173
2932,89,83,172
2932,105,120,225
2932,140,75,215
2932,91,91,182
2932,106,137,243
2932,104,118,222
2932,72,87,159
2932,83,69,152
2932,130,103,233
2932,82,94,176
2932,96,77,173
2932,142,119,261
2932,147,135,282
2932,138,158,296
2932,185,185,370
2932,191,191,382
2932,116,131,247
2932,103,78,181
2932,155,125,280
2932,80,93,173
2932,118,130,248
2932,101,79,180
2932,89,94,183
2932,100,95,195
2932,109,90,199
2932,80,118,198
2932,108,168,276
2933,94,93,187
2933,90,75,165
2933,81,94,175
2933,86,81,167
2933,97,92,189
2933,101,85,186
2933,133,93,226
2933,106,140,246
2933,87,87,174
2933,129,102,231
2933,104,89,193
2933,99,95,194
2933,100,78,178
2933,121,147,268
2933,76,109,185
2933,119,137,256
2933,156,139,295
2933,106,124,230
2933,156,128,284
2933,91,73,164
2933,89,81,170
2933,81,89,170
2933,76,109,185
2933,174,186,360
2933,189,198,387
2933,116,131,247
2933,112,96,208
2933,72,97,169
2933,90,75,165
2933,145,76,221
2933,91,92,183
2933,129,132,261
2933,137,145,282
2933,81,93,174
2933,159,123,282
2933,97,92,189
2933,98,80,178
2933,117,101,218
2934,95,77,172
2934,171,189,360
2934,103,95,198
2934,88,88,176
2934,95,91,186
2934,80,87,167
2934,75,104,179
2934,119,139,258
2934,98,85,183
2934,138,120,258
2934,153,121,274
2934,125,93,218
2934,95,76,171
2934,119,140,259
2934,184,185,369
2934,99,79,178
2934,95,77,172
2934,122,70,192
2934,75,104,179
2934,89,75,164
2934,89,75,164
2934,111,114,225
2934,105,135,240
2934,111,99,210
2934,102,111,213
2934,79,85,164
2934,148,165,313
2934,82,74,156
2934,117,97,214
2934,129,104,233
2934,155,135,290
2934,81,92,173
2934,101,96,197
2934,126,103,229
2934,70,99,169
2934,141,138,279
2934,92,91,183
2934,103,79,182
2935,80,104,184
2935,87,72,159
2935,108,97,205
2935,125,100,225
2935,100,107,207
2935,80,104,184
2935,95,77,172
2935,82,78,160
2935,159,126,285
2935,122,141,263
2935,96,101,197
2935,114,98,212
2935,131,76,207
2935,99,78,177
2935,82,97,179
2935,96,78,174
2935,83,71,154
2935,106,134,240
2935,102,93,195
2935,87,72,159
2935,94,95,189
2935,122,151,273
2935,113,84,197
2935,90,91,181
2935,193,180,373
2935,95,77,172
2935,197,190,387
2935,112,73,185
2935,118,90,208
2935,113,116,229
2935,138,108,246
2935,130,105,235
2935,107,87,194
2935,136,120,256
2935,173,143,316
2935,109,80,189
2935,171,126,297
2935,161,139,300
2936,124,113,237
2936,116,137,253
2936,108,71,179
2936,113,133,246
2936,86,117,203
2936,136,107,243
2936,85,86,171
2936,101,95,196
2936,149,122,271
2936,121,92,213
2936,99,83,182
2936,99,78,177
2936,94,83,177
2936,106,134,240
2936,172,200,372
2936,90,89,179
2936,128,143,271
2936,183,179,362
2936,142,82,224
2936,79,102,181
2936,169,142,311
2936,108,81,189
2936,111,80,191
2936,79,73,152
2936,94,94,188
2936,90,85,175
2936,120,99,219
2936,107,81,188
2936,134,133,267
2936,77,74,151
2936,79,73,152
2936,113,116,229
2936,94,83,177
2936,103,113,216
2936,160,148,308
2936,106,95,201
2936,79,102,181
2936,91,101,192
2937,92,96,188
2937,108,81,189
2937,114,123,237
2937,103,96,199
2937,93,94,187
2937,80,84,164
2937,132,144,276
2937,87,122,209
2937,81,95,176
2937,105,125,230
2937,73,72,145
2937,157,138,295
2937,90,85,175
2937,141,81,222
2937,167,142,309
2937,86,81,167
2937,177,211,388
2937,112,80,192
2937,97,104,201
2937,100,94,194
2937,116,97,213
2937,116,124,240
2937,137,118,255
2937,73,72,145
2937,92,85,177
2937,99,111,210
2937,122,92,214
2937,185,183,368
2937,76,103,179
2937,165,128,293
2937,117,134,251
2937,76,103,179
2937,137,117,254
2937,92,85,177
2937,112,79,191
2937,81,78,159
2937,97,78,175
2937,109,175,284
2938,109,168,277
2938,79,108,187
2938,128,115,243
2938,140,135,275
2938,96,110,206
2938,118,99,217
2938,98,106,204
2938,135,106,241
2938,205,193,398
2938,87,80,167
2938,146,83,229
2938,141,120,261
2938,116,140,256
2938,100,80,180
2938,103,79,182
2938,75,72,147
2938,159,141,300
2938,105,105,210
2938,117,135,252
2938,187,203,390
2938,78,80,158
2938,120,82,202
2938,173,143,316
2938,96,88,184
2938,94,106,200
2938,79,108,187
2938,104,97,201
2938,117,89,206
2938,86,121,207
2938,98,103,201
2938,149,122,271
2938,96,88,184
2938,75,72,147
2938,112,126,238
2938,88,86,174
2938,132,95,227
2938,82,95,177
2938,100,95,195
2939,97,101,198
2939,105,82,187
2939,80,111,191
2939,126,105,231
2939,165,128,293
2939,80,111,191
2939,98,97,195
2939,129,94,223
2939,106,135,241
2939,97,94,191
2939,173,197,370
2939,109,118,227
2939,114,98,212
2939,107,163,270
2939,116,103,219
2939,114,125,239
2939,86,85,171
2939,84,96,180
2939,131,118,249
2939,112,106,218
2939,80,72,152
2939,97,94,191
2939,147,161,308
2939,129,102,231
2939,196,207,403
2939,106,96,202
2939,87,81,168
2939,72,105,177
2939,96,100,196
2939,79,84,163
2939,111,89,200
2939,139,136,275
2939,118,136,254
2939,80,72,152
2939,121,83,204
2939,94,107,201
2939,158,136,294
2939,114,81,195
2940,95,92,187
2940,109,104,213
2940,101,101,202
2940,103,122,225
2940,93,93,186
2940,98,90,188
2940,128,139,267
2940,108,166,274
2940,115,111,226
2940,73,77,150
2940,92,97,189
2940,128,101,229
2940,207,191,398
2940,78,115,193
2940,102,79,181
2940,149,123,272
2940,119,90,209
2940,173,143,316
2940,78,115,193
2940,85,74,159
2940,131,116,247
2940,115,82,197
2940,140,80,220
2940,115,130,245
2940,157,137,294
2940,78,80,158
2940,78,86,164
2940,204,174,378
2940,73,77,150
2940,85,120,205
2940,89,79,168
2940,101,101,202
2940,97,96,193
2940,105,127,232
2940,119,85,204
2940,86,69,155
2940,107,108,215
2940,104,86,190
2941,79,111,190
2941,111,96,207
2941,116,119,235
2941,72,76,148
2941,187,171,358
2941,115,82,197
2941,160,143,303
2941,125,105,230
2941,101,103,204
2941,92,97,189
2941,145,123,268
2941,72,76,148
2941,79,85,164
2941,104,121,225
2941,89,81,170
2941,90,76,166
2941,120,82,202
2941,98,101,199
2941,86,90,176
2941,120,82,202
2941,131,150,281
2941,138,133,271
2941,139,122,261
2941,103,102,205
2941,148,81,229
2941,133,146,279
2941,95,75,170
2941,95,97,192
2941,100,117,217
2941,114,89,203
2941,79,83,162
2941,104,87,191
2941,107,80,187
2941,87,69,156
2941,113,120,233
2941,79,111,190
2941,111,110,221
2941,185,189,374
2942,88,75,163
2942,88,78,166
2942,158,132,290
2942,105,125,230
2942,80,85,165
2942,102,108,210
2942,102,112,214
2942,97,105,202
2942,105,95,200
2942,143,127,270
2942,119,105,224
2942,127,131,258
2942,83,90,173
2942,102,108,210
2942,108,81,189
2942,101,88,189
2942,77,85,162
2942,195,187,382
2942,97,77,174
2942,118,83,201
2942,188,185,373
2942,76,105,181
2942,101,103,204
2942,94,69,163
2942,72,72,144
2942,96,102,198
2942,142,122,264
2942,115,125,240
2942,116,103,219
2942,85,115,200
2942,132,146,278
2942,76,105,181
2942,104,125,229
2942,165,139,304
2942,94,107,201
2942,118,91,209
2942,72,72,144
2942,140,121,261
2943,91,100,191
2943,81,89,170
2943,85,91,176
2943,123,87,210
2943,195,209,404
2943,116,125,241
2943,76,104,180
2943,96,100,196
2943,148,129,277
2943,102,87,189
2943,139,78,217
2943,96,105,201
2943,99,69,168
2943,85,94,179
2943,113,82,195
2943,86,120,206
2943,76,79,155
2943,158,130,288
2943,89,81,170
2943,102,104,206
2943,113,124,237
2943,123,87,210
2943,72,80,152
2943,119,89,208
2943,112,100,212
2943,133,102,235
2943,110,169,279
2943,72,80,152
2943,105,104,209
2943,132,152,284
2943,177,190,367
2943,76,104,180
2943,161,138,299
2943,130,122,252
2943,109,80,189
2943,79,74,153
2943,125,119,244
2943,104,120,224
2944,135,107,242
2944,114,89,203
2944,144,138,282
2944,85,76,161
2944,183,203,386
2944,112,90,202
2944,162,135,297
2944,116,121,237
2944,121,86,207
2944,121,86,207
2944,123,102,225
2944,103,104,207
2944,94,68,162
2944,81,113,194
2944,109,106,215
2944,108,157,265
2944,81,113,194
2944,80,87,167
2944,131,136,267
2944,95,108,203
2944,77,92,169
2944,131,73,204
2944,97,102,199
2944,87,97,184
2944,88,123,211
2944,77,92,169
2944,89,80,169
2944,76,74,150
2944,150,127,277
2944,80,94,174
2944,111,81,192
2944,134,102,236
2944,117,136,253
2944,106,77,183
2944,131,160,291
2944,195,205,400
2944,105,122,227
2944,88,97,185
2945,78,98,176
2945,122,71,193
2945,114,120,234
2945,98,97,195
2945,89,103,192
2945,104,128,232
2945,114,97,211
2945,98,75,173
2945,89,83,172
2945,199,181,380
2945,164,147,311
2945,74,75,149
2945,108,82,190
2945,130,105,235
2945,80,94,174
2945,108,89,197
2945,105,104,209
2945,78,98,176
2945,88,97,185
2945,136,119,255
2945,110,100,210
2945,134,100,234
2945,128,143,271
2945,105,71,176
2945,88,76,164
2945,85,128,213
2945,188,181,369
2945,139,124,263
2945,140,135,275
2945,108,164,272
2945,108,106,214
2945,111,81,192
2945,108,82,190
2945,85,128,213
2945,79,86,165
2945,120,90,210
2945,113,118,231
2945,94,102,196
2946,118,130,248
2946,79,76,155
2946,79,92,171
2946,109,73,182
2946,78,105,183
2946,125,139,264
2946,108,89,197
2946,135,126,261
2946,128,119,247
2946,101,104,205
2946,184,180,364
2946,93,79,172
2946,86,130,216
2946,79,85,164
2946,99,101,200
2946,165,155,320
2946,129,104,233
2946,89,98,187
2946,115,87,202
2946,126,100,226
2946,131,74,205
2946,103,122,225
2946,108,99,207
2946,105,104,209
2946,91,90,181
2946,107,159,266
2946,87,92,179
2946,89,83,172
2946,96,78,174
2946,134,132,266
2946,186,179,365
2946,99,101,200
2946,113,113,226
2946,90,76,166
2946,87,120,207
2946,78,105,183
2946,86,130,216
2946,95,100,195
2947,98,98,196
2947,155,134,289
2947,98,70,168
2947,89,92,181
2947,115,118,233
2947,108,85,193
2947,134,74,208
2947,118,103,221
2947,98,99,197
2947,86,79,165
2947,86,93,179
2947,80,105,185
2947,98,98,196
2947,88,122,210
2947,79,82,161
2947,81,89,170
2947,146,124,270
2947,80,105,185
2947,89,84,173
2947,124,117,241
2947,115,118,233
2947,178,179,357
2947,82,74,156
2947,130,137,267
2947,115,130,245
2947,186,188,374
2947,84,84,168
2947,112,88,200
2947,116,120,236
2947,122,102,224
2947,121,99,220
2947,160,142,302
2947,93,81,174
2947,103,124,227
2947,106,105,211
2947,105,103,208
2947,101,139,240
2947,97,78,175
2948,84,85,169
2948,82,91,173
2948,113,97,210
2948,116,135,251
2948,115,101,216
2948,79,108,187
2948,156,141,297
2948,143,169,312
2948,115,82,197
2948,90,88,178
2948,83,75,158
2948,86,130,216
2948,104,103,207
2948,103,71,174
2948,201,188,389
2948,104,127,231
2948,100,106,206
2948,97,81,178
2948,150,137,287
2948,119,91,210
2948,79,108,187
2948,128,148,276
2948,143,78,221
2948,96,89,185
2948,85,90,175
2948,120,98,218
2948,109,100,209
2948,116,124,240
2948,126,117,243
2948,186,182,368
2948,78,78,156
2948,92,86,178
2948,86,130,216
2948,98,85,183
2948,134,122,256
2948,96,89,185
2948,95,82,177
2948,108,103,211
2949,152,135,287
2949,101,104,205
2949,134,120,254
2949,106,86,192
2949,113,79,192
2949,105,129,234
2949,104,115,219
2949,92,78,170
2949,85,92,177
2949,108,72,180
2949,211,189,400
2949,81,74,155
2949,120,144,264
2949,85,77,162
2949,186,179,365
2949,99,84,183
2949,116,123,239
2949,160,141,301
2949,111,96,207
2949,109,167,276
2949,109,103,212
2949,85,130,215
2949,85,130,215
2949,96,85,181
2949,137,123,260
2949,78,100,178
2949,86,93,179
2949,150,136,286
2949,107,97,204
2949,76,75,151
2949,91,85,176
2949,92,78,170
2949,102,82,184
2949,113,96,209
2949,78,100,178
2949,98,101,199
2949,114,103,217
2949,112,100,212
2950,114,103,217
2950,113,72,185
2950,103,83,186
2950,131,163,294
2950,183,211,394
2950,74,72,146
2950,82,75,157
2950,122,100,222
2950,90,137,227
2950,116,101,217
2950,109,98,207
2950,77,79,156
2950,92,83,175
2950,101,118,219
2950,107,89,196
2950,102,113,215
2950,118,101,219
2950,100,105,205
2950,109,169,278
2950,155,128,283
2950,144,165,309
2950,108,78,186
2950,126,101,227
2950,94,81,175
2950,80,107,187
2950,122,152,274
2950,93,82,175
2950,90,137,227
2950,92,94,186
2950,152,127,279
2950,115,93,208
2950,114,120,234
2950,94,81,175
2950,80,76,156
2950,80,107,187
2950,151,127,278
2950,93,93,186
2950,203,184,387
2951,96,90,186
2951,140,76,216
2951,98,112,210
2951,114,97,211
2951,118,89,207
2951,150,129,279
2951,77,73,150
2951,127,102,229
2951,116,128,244
2951,109,112,221
2951,81,106,187
2951,98,81,179
2951,80,69,149
2951,103,99,202
2951,102,88,190
2951,109,112,221
2951,93,88,181
2951,98,100,198
2951,104,111,215
2951,123,148,271
2951,90,92,182
2951,167,130,297
2951,219,186,405
2951,116,101,217
2951,79,83,162
2951,89,73,162
2951,96,90,186
2951,81,106,187
2951,104,82,186
2951,100,107,207
2951,119,127,246
2951,83,77,160
2951,105,78,183
2951,107,97,204
2951,107,165,272
2951,160,142,302
2951,181,198,379
2951,124,149,273
2952,92,86,178
2952,155,142,297
2952,114,102,216
2952,132,75,207
2952,89,75,164
2952,126,103,229
2952,81,88,169
2952,98,94,192
2952,93,89,182
2952,98,94,192
2952,86,82,168
2952,86,128,214
2952,103,76,179
2952,125,102,227
2952,172,136,308
2952,108,169,277
2952,99,85,184
2952,90,93,183
2952,135,112,247
2952,103,105,208
2952,175,192,367
2952,104,83,187
2952,218,188,406
2952,145,137,282
2952,170,131,301
2952,101,97,198
2952,93,81,174
2952,119,137,256
2952,119,122,241
2952,102,115,217
2952,75,102,177
2952,79,73,152
2952,79,77,156
2952,75,102,177
2952,154,128,282
2952,118,98,216
2952,129,102,231
2952,86,128,214
2953,118,116,234
2953,104,81,185
2953,109,174,283
2953,149,140,289
2953,107,78,185
2953,122,106,228
2953,98,95,193
2953,88,88,176
2953,194,199,393
2953,174,133,307
2953,87,68,155
2953,103,119,222
2953,87,92,179
2953,149,126,275
2953,158,144,302
2953,129,106,235
2953,103,108,211
2953,95,84,179
2953,82,87,169
2953,173,178,351
2953,98,95,193
2953,95,84,179
2953,132,74,206
2953,90,78,168
2953,85,120,205
2953,89,89,178
2953,79,75,154
2953,100,83,183
2953,102,99,201
2953,85,120,205
2953,121,102,223
2953,78,72,150
2953,102,93,195
2953,194,199,393
2953,154,129,283
2953,105,126,231
2953,121,141,262
2953,129,103,232
2953,87,84,171
2954,87,81,168
2954,123,152,275
2954,106,126,232
2954,141,137,278
2954,89,79,168
2954,90,92,182
2954,101,99,200
2954,79,72,151
2954,106,157,263
2954,88,87,175
2954,193,201,394
2954,99,94,193
2954,172,136,308
2954,193,201,394
2954,139,110,249
2954,101,75,176
2954,128,73,201
2954,174,133,307
2954,122,102,224
2954,95,79,174
2954,121,127,248
2954,81,88,169
2954,103,124,227
2954,82,110,192
2954,128,98,226
2954,99,94,193
2954,112,71,183
2954,103,93,196
2954,160,141,301
2954,87,81,168
2954,90,72,162
2954,176,182,358
2954,97,81,178
2954,121,137,258
2954,109,130,239
2954,74,71,145
2954,104,116,220
2954,82,110,192
2954,94,85,179
2955,102,110,212
2955,98,126,224
2955,118,70,188
2955,156,139,295
2955,89,84,173
2955,122,132,254
2955,85,121,206
2955,104,118,222
2955,89,78,167
2955,82,75,157
2955,170,179,349
2955,76,71,147
2955,104,101,205
2955,208,187,395
2955,93,80,173
2955,92,77,169
2955,99,97,196
2955,79,85,164
2955,87,92,179
2955,155,140,295
2955,99,97,196
2955,125,106,231
2955,104,119,223
2955,113,73,186
2955,89,72,161
2955,126,98,224
2955,88,86,174
2955,109,78,187
2955,208,187,395
2955,126,147,273
2955,119,139,258
2955,162,157,319
2955,121,101,222
2955,107,89,196
2955,134,102,236
2955,89,84,173
2955,145,162,307
2955,85,121,206
2955,145,126,271
2956,106,87,193
2956,119,95,214
2956,158,140,298
2956,129,101,230
2956,189,198,387
2956,199,187,386
2956,181,134,315
2956,94,94,188
2956,189,198,387
2956,124,130,254
2956,121,104,225
2956,107,69,176
2956,89,87,176
2956,118,78,196
2956,134,150,284
2956,115,99,214
2956,107,89,196
2956,123,100,223
2956,90,130,220
2956,152,132,284
2956,98,96,194
2956,79,90,169
2956,124,69,193
2956,100,119,219
2956,104,115,219
2956,106,87,193
2956,98,96,194
2956,98,82,180
2956,90,130,220
2956,94,100,194
2956,85,75,160
2956,68,68,136
2956,119,129,248
2956,122,148,270
2956,113,104,217
2956,96,79,175
2956,89,69,158
2956,104,109,213
2956,118,120,238
2957,107,69,176
2957,117,120,237
2957,105,89,194
2957,96,82,178
2957,122,104,226
2957,188,195,383
2957,96,70,166
2957,179,208,387
2957,94,100,194
2957,188,195,383
2957,123,100,223
2957,124,142,266
2957,66,73,139
2957,96,106,202
2957,87,123,210
2957,80,87,167
2957,114,66,180
2957,90,79,169
2957,87,123,210
2957,122,98,220
2957,96,114,210
2957,120,101,221
2957,140,162,302
2957,100,98,198
2957,87,93,180
2957,88,76,164
2957,81,107,188
2957,121,135,256
2957,104,114,218
2957,121,96,217
2957,110,105,215
2957,100,98,198
2957,133,148,281
2957,89,91,180
2957,139,127,266
2957,124,145,269
2957,172,130,302
2957,81,107,188
2957,109,103,212
2958,91,97,188
2958,87,78,165
2958,122,100,222
2958,126,155,281
2958,97,113,210
2958,107,89,196
2958,82,111,193
2958,91,77,168
2958,117,69,186
2958,111,98,209
2958,98,93,191
2958,170,140,310
2958,109,103,212
2958,103,106,209
2958,124,101,225
2958,85,92,177
2958,116,100,216
2958,119,102,221
2958,181,174,355
2958,130,147,277
2958,92,95,187
2958,110,71,181
2958,97,71,168
2958,103,106,209
2958,102,85,187
2958,87,124,211
2958,95,107,202
2958,118,95,213
2958,114,108,222
2958,147,139,286
2958,202,188,390
2958,82,111,193
2958,87,124,211
2958,68,74,142
2958,123,143,266
2958,163,127,290
2958,181,174,355
2958,118,122,240
2958,152,133,285
2959,190,216,406
2959,120,107,227
2959,124,102,226
2959,159,125,284
2959,93,97,190
2959,90,132,222
2959,92,95,187
2959,131,147,278
2959,122,149,271
2959,90,79,169
2959,130,142,272
2959,82,91,173
2959,190,216,406
2959,83,95,178
2959,109,89,198
2959,100,82,182
2959,101,96,197
2959,117,115,232
2959,203,188,391
2959,80,106,186
2959,97,93,190
2959,118,95,213
2959,94,106,200
2959,68,69,137
2959,80,106,186
2959,90,132,222
2959,124,100,224
2959,119,69,188
2959,117,97,214
2959,120,130,250
2959,165,136,301
2959,110,105,215
2959,99,115,214
2959,97,93,190
2959,151,134,285
2959,133,101,234
2959,83,77,160
2959,111,96,207
2959,80,74,154
2960,120,92,212
2960,81,91,172
2960,119,99,218
2960,115,119,234
2960,98,98,196
2960,128,152,280
2960,105,105,210
2960,133,137,270
2960,92,99,191
2960,81,102,183
2960,152,130,282
2960,119,107,226
2960,166,127,293
2960,134,149,283
2960,118,96,214
2960,105,86,191
2960,113,100,213
2960,89,140,229
2960,127,98,225
2960,103,91,194
2960,98,98,196
2960,124,73,197
2960,123,151,274
2960,179,210,389
2960,190,198,388
2960,133,106,239
2960,89,92,181
2960,78,75,153
2960,94,106,200
2960,80,83,163
2960,120,100,220
2960,89,76,165
2960,81,102,183
2960,119,109,228
2960,190,198,388
2960,83,94,177
2960,71,70,141
2960,89,140,229
2960,124,99,223
2961,99,82,181
2961,98,89,187
2961,84,114,198
2961,100,117,217
2961,145,124,269
2961,120,95,215
2961,130,74,204
2961,70,70,140
2961,119,99,218
2961,76,95,171
2961,95,116,211
2961,101,99,200
2961,127,101,228
2961,76,95,171
2961,110,98,208
2961,113,71,184
2961,118,91,209
2961,80,94,174
2961,123,130,253
2961,150,140,290
2961,96,70,166
2961,101,99,200
2961,89,86,175
2961,92,97,189
2961,138,108,246
2961,176,204,380
2961,124,149,273
2961,111,174,285
2961,84,114,198
2961,182,131,313
2961,108,105,213
2961,132,139,271
2961,79,75,154
2961,125,120,245
2961,221,186,407
2961,132,111,243
2961,120,99,219
2961,221,186,407
2961,79,82,161
2962,109,134,243
2962,202,178,380
2962,93,99,192
2962,164,127,291
2962,107,104,211
2962,138,119,257
2962,76,69,145
2962,100,120,220
2962,121,146,267
2962,90,86,176
2962,84,122,206
2962,80,86,166
2962,75,89,164
2962,122,100,222
2962,135,148,283
2962,176,208,384
2962,75,89,164
2962,115,98,213
2962,115,89,204
2962,134,118,252
2962,137,134,271
2962,103,105,208
2962,108,92,200
2962,84,122,206
2962,103,85,188
2962,93,105,198
2962,80,90,170
2962,135,108,243
2962,202,178,380
2962,118,98,216
2962,113,103,216
2962,103,105,208
2962,134,149,283
2962,79,76,155
2962,108,71,179
2962,135,121,256
2962,88,69,157
2962,114,70,184
2962,116,93,209
2963,131,116,247
2963,126,100,226
2963,129,149,278
2963,114,67,181
2963,173,205,378
2963,93,90,183
2963,115,99,214
2963,89,82,171
2963,192,186,378
2963,87,70,157
2963,77,93,170
2963,98,93,191
2963,100,82,182
2963,156,132,288
2963,106,71,177
2963,98,110,208
2963,94,104,198
2963,130,122,252
2963,116,104,220
2963,98,93,191
2963,125,110,235
2963,120,135,255
2963,69,72,141
2963,112,97,209
2963,102,88,190
2963,80,104,184
2963,134,120,254
2963,80,104,184
2963,107,88,195
2963,84,97,181
2963,128,104,232
2963,83,83,166
2963,84,96,180
2963,104,105,209
2963,105,92,197
2963,136,151,287
2963,171,129,300
2963,77,93,170
2963,192,186,378
2964,81,90,171
2964,219,184,403
2964,182,133,315
2964,103,107,210
2964,134,143,277
2964,94,104,198
2964,100,115,215
2964,79,104,183
2964,94,71,165
2964,131,113,244
2964,85,97,182
2964,99,96,195
2964,99,96,195
2964,87,92,179
2964,95,80,175
2964,133,119,252
2964,110,98,208
2964,111,93,204
2964,97,91,188
2964,116,103,219
2964,136,148,284
2964,123,102,225
2964,115,68,183
2964,68,70,138
2964,151,130,281
2964,125,132,257
2964,104,69,173
2964,96,99,195
2964,78,97,175
2964,140,160,300
2964,206,190,396
2964,219,184,403
2964,125,116,241
2964,109,88,197
2964,79,104,183
2964,78,97,175
2964,97,86,183
2964,114,98,212
2964,119,98,217
2965,106,96,202
2965,183,135,318
2965,91,80,171
2965,78,104,182
2965,98,90,188
2965,82,90,172
2965,89,86,175
2965,87,101,188
2965,125,95,220
2965,192,186,378
2965,69,71,140
2965,88,115,203
2965,225,185,410
2965,101,84,185
2965,100,103,203
2965,131,111,242
2965,139,121,260
2965,109,95,204
2965,112,96,208
2965,144,127,271
2965,143,175,318
2965,96,105,201
2965,87,74,161
2965,100,103,203
2965,114,71,185
2965,225,185,410
2965,99,120,219
2965,126,115,241
2965,78,92,170
2965,106,156,262
2965,122,101,223
2965,99,85,184
2965,126,108,234
2965,108,106,214
2965,127,134,261
2965,106,71,177
2965,150,124,274
2965,78,92,170
2965,78,104,182
2966,119,102,221
2966,104,69,173
2966,80,84,164
2966,77,91,168
2966,95,89,184
2966,117,85,202
2966,114,97,211
2966,104,95,199
2966,90,86,176
2966,119,104,223
2966,115,91,206
2966,108,167,275
2966,112,96,208
2966,91,81,172
2966,96,90,186
2966,116,88,204
2966,88,105,193
2966,94,82,176
2966,96,90,186
2966,122,114,236
2966,221,183,404
2966,89,79,168
2966,97,108,205
2966,126,88,214
2966,77,91,168
2966,124,111,235
2966,122,133,255
2966,141,152,293
2966,94,82,176
2966,221,183,404
2966,127,151,278
2966,162,151,313
2966,196,188,384
2966,89,118,207
2966,145,129,274
2966,134,146,280
2966,88,105,193
2966,70,70,140
2966,129,111,240
2967,90,85,175
2967,86,80,166
2967,79,98,177
2967,92,105,197
2967,121,87,208
2967,134,143,277
2967,110,165,275
2967,128,103,231
2967,191,193,384
2967,82,89,171
2967,90,91,181
2967,79,98,177
2967,191,193,384
2967,181,182,363
2967,135,126,261
2967,140,154,294
2967,100,100,200
2967,89,83,172
2967,121,119,240
2967,98,108,206
2967,102,105,207
2967,136,133,269
2967,89,121,210
2967,128,102,230
2967,117,99,216
2967,92,105,197
2967,163,148,311
2967,117,99,216
2967,88,82,170
2967,100,100,200
2967,124,138,262
2967,116,78,194
2967,133,112,245
2967,70,75,145
2967,89,108,197
2967,103,71,174
2967,133,110,243
2967,106,89,195
2967,90,78,168
2968,108,72,180
2968,129,103,232
2968,146,128,274
2968,89,82,171
2968,145,163,308
2968,158,138,296
2968,149,123,272
2968,90,125,215
2968,118,109,227
2968,85,88,173
2968,100,107,207
2968,90,90,180
2968,152,122,274
2968,101,88,189
2968,89,83,172
2968,113,101,214
2968,188,184,372
2968,117,75,192
2968,129,108,237
2968,94,105,199
2968,108,164,272
2968,91,82,173
2968,73,85,158
2968,79,101,180
2968,99,101,200
2968,127,111,238
2968,100,107,207
2968,122,102,224
2968,114,98,212
2968,193,186,379
2968,95,104,199
2968,83,93,176
2968,79,101,180
2968,193,186,379
2968,99,101,200
2968,124,136,260
2968,86,93,179
2968,115,82,197
2968,128,116,244
2969,94,102,196
2969,223,185,408
2969,96,100,196
2969,122,108,230
2969,92,129,221
2969,104,118,222
2969,126,132,258
2969,106,71,177
2969,132,110,242
2969,94,99,193
2969,94,96,190
2969,84,99,183
2969,146,171,317
2969,117,76,193
2969,145,128,273
2969,100,129,229
2969,112,97,209
2969,91,81,172
2969,200,188,388
2969,80,104,184
2969,76,94,170
2969,104,118,222
2969,223,185,408
2969,96,106,202
2969,119,99,218
2969,135,119,254
2969,106,168,274
2969,80,104,184
2969,119,102,221
2969,135,123,258
2969,85,85,170
2969,130,102,232
2969,160,138,298
2969,163,126,289
2969,111,82,193
2969,90,103,193
2969,94,89,183
2969,116,107,223
2969,96,106,202
2970,133,111,244
2970,129,87,216
2970,84,86,170
2970,108,90,198
2970,80,109,189
2970,122,116,238
2970,209,184,393
2970,115,81,196
2970,112,103,215
2970,157,137,294
2970,104,94,198
2970,139,122,261
2970,143,125,268
2970,82,95,177
2970,128,130,258
2970,93,102,195
2970,104,105,209
2970,191,183,374
2970,149,176,325
2970,116,103,219
2970,97,103,200
2970,80,109,189
2970,209,184,393
2970,88,100,188
2970,113,84,197
2970,132,110,242
2970,132,105,237
2970,96,121,217
2970,118,75,193
2970,99,140,239
2970,90,79,169
2970,105,71,176
2970,157,124,281
2970,87,89,176
2970,74,90,164
2970,129,87,216
2970,81,101,182
2970,125,100,225
2970,81,101,182
2971,127,112,239
2971,133,104,237
2971,158,146,304
2971,90,88,178
2971,107,100,207
2971,88,100,188
2971,80,111,191
2971,117,92,209
2971,113,105,218
2971,149,179,328
2971,88,88,176
2971,98,109,207
2971,198,179,377
2971,86,101,187
2971,107,77,184
2971,77,93,170
2971,176,201,377
2971,108,78,186
2971,93,78,171
2971,128,119,247
2971,120,142,262
2971,108,134,242
2971,93,106,199
2971,124,116,240
2971,113,105,218
2971,120,89,209
2971,93,68,161
2971,86,101,187
2971,119,85,204
2971,145,144,289
2971,101,148,249
2971,107,77,184
2971,128,116,244
2971,125,101,226
2971,80,111,191
2971,83,97,180
2971,127,101,228
2971,198,179,377
2971,87,94,181
2972,99,113,212
2972,106,129,235
2972,118,87,205
2972,116,93,209
2972,80,103,183
2972,151,126,277
2972,88,102,190
2972,80,107,187
2972,172,153,325
2972,114,105,219
2972,117,105,222
2972,104,86,190
2972,89,88,177
2972,77,84,161
2972,122,110,232
2972,113,81,194
2972,76,93,169
2972,125,100,225
2972,119,76,195
2972,95,117,212
2972,195,173,368
2972,100,82,182
2972,104,86,190
2972,126,120,246
2972,127,107,234
2972,87,94,181
2972,116,99,215
2972,170,183,353
2972,128,106,234
2972,127,122,249
2972,80,107,187
2972,97,69,166
2972,80,103,183
2972,89,73,162
2972,195,173,368
2972,164,157,321
2972,124,116,240
2972,145,140,285
2972,106,160,266
2973,87,96,183
2973,87,95,182
2973,107,132,239
2973,164,159,323
2973,111,105,216
2973,125,151,276
2973,113,131,244
2973,117,74,191
2973,106,125,231
2973,134,134,268
2973,129,115,244
2973,116,82,198
2973,104,88,192
2973,145,180,325
2973,109,162,271
2973,100,71,171
2973,90,85,175
2973,80,101,181
2973,88,92,180
2973,118,94,212
2973,101,86,187
2973,120,85,205
2973,76,82,158
2973,129,101,230
2973,130,118,248
2973,124,138,262
2973,189,177,366
2973,98,67,165
2973,189,177,366
2973,101,86,187
2973,115,109,224
2973,78,92,170
2973,80,101,181
2973,90,124,214
2973,201,191,392
2973,97,81,178
2973,113,98,211
2973,100,71,171
2973,97,110,207
2974,131,163,294
2974,108,95,203
2974,114,108,222
2974,88,94,182
2974,194,192,386
2974,194,192,386
2974,98,84,182
2974,124,118,242
2974,86,89,175
2974,108,109,217
2974,102,74,176
2974,122,95,217
2974,143,108,251
2974,114,84,198
2974,73,76,149
2974,162,155,317
2974,95,86,181
2974,108,163,271
2974,149,122,271
2974,123,144,267
2974,94,68,162
2974,85,112,197
2974,86,94,180
2974,95,93,188
2974,108,104,212
2974,98,82,180
2974,128,151,279
2974,133,104,237
2974,176,202,378
2974,119,82,201
2974,106,129,235
2974,96,103,199
2974,80,101,181
2974,108,109,217
2974,121,83,204
2974,142,155,297
2974,98,84,182
2974,102,74,176
2974,117,99,216
2975,94,67,161
2975,133,106,239
2975,98,85,183
2975,161,148,309
2975,108,107,215
2975,126,116,242
2975,109,77,186
2975,95,103,198
2975,178,206,384
2975,123,120,243
2975,147,145,292
2975,196,198,394
2975,108,107,215
2975,77,84,161
2975,123,140,263
2975,85,110,195
2975,108,127,235
2975,103,84,187
2975,126,106,232
2975,117,82,199
2975,83,103,186
2975,118,83,201
2975,109,77,186
2975,84,84,168
2975,109,95,204
2975,143,139,282
2975,98,113,211
2975,130,102,232
2975,93,110,203
2975,112,86,198
2975,135,107,242
2975,129,152,281
2975,196,198,394
2975,101,86,187
2975,86,96,182
2975,124,95,219
2975,103,157,260
2975,98,85,183
2975,104,106,210
2976,208,193,401
2976,100,154,254
2976,136,117,253
2976,123,99,222
2976,134,106,240
2976,124,149,273
2976,121,87,208
2976,192,135,327
2976,110,131,241
2976,102,82,184
2976,81,103,184
2976,118,78,196
2976,114,78,192
2976,107,97,204
2976,146,173,319
2976,95,109,204
2976,110,108,218
2976,106,87,193
2976,87,90,177
2976,191,183,374
2976,129,98,227
2976,75,80,155
2976,106,129,235
2976,191,183,374
2976,123,115,238
2976,106,87,193
2976,110,108,218
2976,97,101,198
2976,85,89,174
2976,127,148,275
2976,105,105,210
2976,109,90,199
2976,114,78,192
2976,108,126,234
2976,147,147,294
2976,131,96,227
2976,90,67,157
2976,95,107,202
2976,86,107,193
2977,190,178,368
2977,95,106,201
2977,131,147,278
2977,91,103,194
2977,117,77,194
2977,120,110,230
2977,107,73,180
2977,126,88,214
2977,118,92,210
2977,101,148,249
2977,190,178,368
2977,112,98,210
2977,136,107,243
2977,143,145,288
2977,201,192,393
2977,120,110,230
2977,132,131,263
2977,123,94,217
2977,102,123,225
2977,100,85,185
2977,147,165,312
2977,98,106,204
2977,184,131,315
2977,99,104,203
2977,104,121,225
2977,109,81,190
2977,86,67,153
2977,100,85,185
2977,107,118,225
2977,149,128,277
2977,128,117,245
2977,132,110,242
2977,105,124,229
2977,121,100,221
2977,74,80,154
2977,87,90,177
2977,107,73,180
2977,85,104,189
2977,90,78,168
2978,112,102,214
2978,198,189,387
2978,134,142,276
2978,130,104,234
2978,115,98,213
2978,108,114,222
2978,87,129,216
2978,123,93,216
2978,126,88,214
2978,104,88,192
2978,102,118,220
2978,95,68,163
2978,104,88,192
2978,99,109,208
2978,101,72,173
2978,143,141,284
2978,171,127,298
2978,162,127,289
2978,83,80,163
2978,100,106,206
2978,193,190,383
2978,111,80,191
2978,87,129,216
2978,104,87,191
2978,102,118,220
2978,193,190,383
2978,89,79,168
2978,99,147,246
2978,122,84,206
2978,75,78,153
2978,117,75,192
2978,132,159,291
2978,124,144,268
2978,132,119,251
2978,87,97,184
2978,91,117,208
2978,139,105,244
2978,101,72,173
2978,119,82,201
2979,100,107,207
2979,90,99,189
2979,122,119,241
2979,203,190,393
2979,102,113,215
2979,77,90,167
2979,125,84,209
2979,99,100,199
2979,102,79,181
2979,82,106,188
2979,92,68,160
2979,132,157,289
2979,96,108,204
2979,105,86,191
2979,219,185,404
2979,105,86,191
2979,147,147,294
2979,92,79,171
2979,118,81,199
2979,127,104,231
2979,119,91,210
2979,122,83,205
2979,172,129,301
2979,108,87,195
2979,100,151,251
2979,83,79,162
2979,151,125,276
2979,104,76,180
2979,108,130,238
2979,93,122,215
2979,114,103,217
2979,125,100,225
2979,102,79,181
2979,82,106,188
2979,110,95,205
2979,104,136,240
2979,219,185,404
2979,149,168,317
2979,156,126,282
2980,102,156,258
2980,98,109,207
2980,86,118,204
2980,113,103,216
2980,110,88,198
2980,131,119,250
2980,107,128,235
2980,99,111,210
2980,94,72,166
2980,109,124,233
2980,106,84,190
2980,90,122,212
2980,76,81,157
2980,98,94,192
2980,110,88,198
2980,126,88,214
2980,127,101,228
2980,90,78,168
2980,132,156,288
2980,106,84,190
2980,147,162,309
2980,217,186,403
2980,96,85,181
2980,90,67,157
2980,120,83,203
2980,159,149,308
2980,114,70,184
2980,100,94,194
2980,105,125,230
2980,156,126,282
2980,84,85,169
2980,139,157,296
2980,127,106,233
2980,86,118,204
2980,150,126,276
2980,217,186,403
2980,127,95,222
2980,91,110,201
2980,179,209,388
2981,108,87,195
2981,115,73,188
2981,102,77,179
2981,91,80,171
2981,92,113,205
2981,192,175,367
2981,76,85,161
2981,97,87,184
2981,91,118,209
2981,122,98,220
2981,90,72,162
2981,130,95,225
2981,96,104,200
2981,142,143,285
2981,121,117,238
2981,108,87,195
2981,151,164,315
2981,100,96,196
2981,101,95,196
2981,104,103,207
2981,90,68,158
2981,105,126,231
2981,135,108,243
2981,140,153,293
2981,121,101,222
2981,81,108,189
2981,81,108,189
2981,109,124,233
2981,81,77,158
2981,154,128,282
2981,192,175,367
2981,119,85,204
2981,131,154,285
2981,100,150,250
2981,158,134,292
2981,175,210,385
2981,94,94,188
2981,102,114,216
2981,102,77,179
2982,148,125,273
2982,158,133,291
2982,149,146,295
2982,124,83,207
2982,192,176,368
2982,93,126,219
2982,73,78,151
2982,94,124,218
2982,81,99,180
2982,135,106,241
2982,102,77,179
2982,106,86,192
2982,177,209,386
2982,119,79,198
2982,158,132,290
2982,146,152,298
2982,97,86,183
2982,135,109,244
2982,99,105,204
2982,82,69,151
2982,106,86,192
2982,81,99,180
2982,93,93,186
2982,102,115,217
2982,77,68,145
2982,106,101,207
2982,98,97,195
2982,150,128,278
2982,91,80,171
2982,102,77,179
2982,114,99,213
2982,192,176,368
2982,125,118,243
2982,101,153,254
2982,127,93,220
2982,110,116,226
2982,87,65,152
2982,109,118,227
2982,96,112,208
2983,109,126,235
2983,96,84,180
2983,86,111,197
2983,86,111,197
2983,102,94,196
2983,97,92,189
2983,128,107,235
2983,148,145,293
2983,93,84,177
2983,208,181,389
2983,150,125,275
2983,87,66,153
2983,122,93,215
2983,153,175,328
2983,136,108,244
2983,88,87,175
2983,100,153,253
2983,114,100,214
2983,124,117,241
2983,111,118,229
2983,122,82,204
2983,109,130,239
2983,208,181,389
2983,96,84,180
2983,108,79,187
2983,88,83,171
2983,126,152,278
2983,118,97,215
2983,180,212,392
2983,99,89,188
2983,94,111,205
2983,109,130,239
2983,129,157,286
2983,86,71,157
2983,117,74,191
2983,103,80,183
2983,160,142,302
2983,93,125,218
2983,103,80,183
2984,102,106,208
2984,107,90,197
2984,87,89,176
2984,97,145,242
2984,88,71,159
2984,103,114,217
2984,209,185,394
2984,94,87,181
2984,209,185,394
2984,139,119,258
2984,92,124,216
2984,104,77,181
2984,133,108,241
2984,126,96,222
2984,123,91,214
2984,102,85,187
2984,159,134,293
2984,123,134,257
2984,84,99,183
2984,88,67,155
2984,105,72,177
2984,100,85,185
2984,124,139,263
2984,84,99,183
2984,113,95,208
2984,133,141,274
2984,200,187,387
2984,100,85,185
2984,105,72,177
2984,94,94,188
2984,92,106,198
2984,160,147,307
2984,96,101,197
2984,104,117,221
2984,111,129,240
2984,125,107,232
2984,141,123,264
2984,123,104,227
2984,110,117,227
2985,111,73,184
2985,118,92,210
2985,108,91,199
2985,126,95,221
2985,160,134,294
2985,94,129,223
2985,114,94,208
2985,127,105,232
2985,103,115,218
2985,80,72,152
2985,142,123,265
2985,111,125,236
2985,197,211,408
2985,89,73,162
2985,101,142,243
2985,85,91,176
2985,131,137,268
2985,171,192,363
2985,95,89,184
2985,123,134,257
2985,100,100,200
2985,126,107,233
2985,94,102,196
2985,75,70,145
2985,110,130,240
2985,122,135,257
2985,91,68,159
2985,96,105,201
2985,101,95,196
2985,151,146,297
2985,111,73,184
2985,107,126,233
2985,104,87,191
2985,94,102,196
2985,137,111,248
2985,104,87,191
2985,98,84,182
2985,145,146,291
2985,197,211,408
2986,96,93,189
2986,113,92,205
2986,91,121,212
2986,85,86,171
2986,80,70,150
2986,109,108,217
2986,157,128,285
2986,132,132,264
2986,103,69,172
2986,121,148,269
2986,198,179,377
2986,84,70,154
2986,127,139,266
2986,198,179,377
2986,97,92,189
2986,135,109,244
2986,119,119,238
2986,123,141,264
2986,110,135,245
2986,103,110,213
2986,124,99,223
2986,103,69,172
2986,109,108,217
2986,135,110,245
2986,122,100,222
2986,123,135,258
2986,100,83,183
2986,93,90,183
2986,147,160,307
2986,119,94,213
2986,121,88,209
2986,107,86,193
2986,134,106,240
2986,93,73,166
2986,94,69,163
2986,104,89,193
2986,107,86,193
2986,170,179,349
2986,105,103,208
2987,102,69,171
2987,133,136,269
2987,95,69,164
2987,95,90,185
2987,90,115,205
2987,104,100,204
2987,105,116,221
2987,102,109,211
2987,191,181,372
2987,147,111,258
2987,109,133,242
2987,120,101,221
2987,114,110,224
2987,104,87,191
2987,146,161,307
2987,101,119,220
2987,85,73,158
2987,101,89,190
2987,105,128,233
2987,104,87,191
2987,102,69,171
2987,86,88,174
2987,114,110,224
2987,191,181,372
2987,90,83,173
2987,169,177,346
2987,142,124,266
2987,125,139,264
2987,121,127,248
2987,157,124,281
2987,99,102,201
2987,113,94,207
2987,102,142,244
2987,97,74,171
2987,97,77,174
2987,121,82,203
2987,98,84,182
2987,113,137,250
2987,121,143,264
2988,118,137,255
2988,100,114,214
2988,137,119,256
2988,168,184,352
2988,96,69,165
2988,111,93,204
2988,106,86,192
2988,136,151,287
2988,97,90,187
2988,104,86,190
2988,98,72,170
2988,198,201,399
2988,86,76,162
2988,133,105,238
2988,122,96,218
2988,86,88,174
2988,92,137,229
2988,97,98,195
2988,118,119,237
2988,92,137,229
2988,106,127,233
2988,110,70,180
2988,198,201,399
2988,104,117,221
2988,136,110,246
2988,91,74,165
2988,128,142,270
2988,110,137,247
2988,106,143,249
2988,107,100,207
2988,153,173,326
2988,92,117,209
2988,107,90,197
2988,144,111,255
2988,104,86,190
2988,118,100,218
2988,114,82,196
2988,110,70,180
2988,162,134,296
2989,116,109,225
2989,150,167,317
2989,88,76,164
2989,119,131,250
2989,127,153,280
2989,121,92,213
2989,105,77,182
2989,164,144,308
2989,135,110,245
2989,106,124,230
2989,104,74,178
2989,110,91,201
2989,108,87,195
2989,108,87,195
2989,120,124,244
2989,129,119,248
2989,121,101,222
2989,104,74,178
2989,106,91,197
2989,112,100,212
2989,93,123,216
2989,99,69,168
2989,97,92,189
2989,106,119,225
2989,116,142,258
2989,112,126,238
2989,108,80,188
2989,84,110,194
2989,197,202,399
2989,125,86,211
2989,135,152,287
2989,116,109,225
2989,96,104,200
2989,98,100,198
2989,85,90,175
2989,176,176,352
2989,197,202,399
2989,106,120,226
2989,104,133,237
2990,96,68,164
2990,86,71,157
2990,116,102,218
2990,104,83,187
2990,165,147,312
2990,196,207,403
2990,115,82,197
2990,103,111,214
2990,158,184,342
2990,86,87,173
2990,129,105,234
2990,104,130,234
2990,105,77,182
2990,96,99,195
2990,113,93,206
2990,172,178,350
2990,116,108,224
2990,107,143,250
2990,116,108,224
2990,125,101,226
2990,134,121,255
2990,104,111,215
2990,118,127,245
2990,113,92,205
2990,108,117,225
2990,122,92,214
2990,100,103,203
2990,82,103,185
2990,157,125,282
2990,115,82,197
2990,112,80,192
2990,122,139,261
2990,196,207,403
2990,105,77,182
2990,96,90,186
2990,95,131,226
2990,138,110,248
2990,136,146,282
2990,104,83,187
2991,102,103,205
2991,92,67,159
2991,107,82,189
2991,174,177,351
2991,110,99,209
2991,104,125,229
2991,195,206,401
2991,195,206,401
2991,101,111,212
2991,108,146,254
2991,143,122,265
2991,121,104,225
2991,115,110,225
2991,118,82,200
2991,105,118,223
2991,106,80,186
2991,95,82,177
2991,118,123,241
2991,137,113,250
2991,123,101,224
2991,84,81,165
2991,108,91,199
2991,107,122,229
2991,122,140,262
2991,81,103,184
2991,115,110,225
2991,107,82,189
2991,95,95,190
2991,113,123,236
2991,115,82,197
2991,101,83,184
2991,91,94,185
2991,91,88,179
2991,134,147,281
2991,101,83,184
2991,159,128,287
2991,121,89,210
2991,143,122,265
2991,157,188,345
2992,120,83,203
2992,106,120,226
2992,117,97,214
2992,119,125,244
2992,96,96,192
2992,163,144,307
2992,99,100,199
2992,101,101,202
2992,104,77,181
2992,111,118,229
2992,98,143,241
2992,107,98,205
2992,98,84,182
2992,145,125,270
2992,98,84,182
2992,105,89,194
2992,90,66,156
2992,92,126,218
2992,124,141,265
2992,89,127,216
2992,109,79,188
2992,122,92,214
2992,104,77,181
2992,101,110,211
2992,89,83,172
2992,191,178,369
2992,117,83,200
2992,103,113,216
2992,81,99,180
2992,89,127,216
2992,105,127,232
2992,96,91,187
2992,133,117,250
2992,88,93,181
2992,111,133,244
2992,123,145,268
2992,145,152,297
2992,194,206,400
2993,154,176,330
2993,98,92,190
2993,119,127,246
2993,90,107,197
2993,199,212,411
2993,104,120,224
2993,162,152,314
2993,79,65,144
2993,87,122,209
2993,113,135,248
2993,94,90,184
2993,102,114,216
2993,130,116,246
2993,126,82,208
2993,109,87,196
2993,131,146,277
2993,123,90,213
2993,109,87,196
2993,112,134,246
2993,124,146,270
2993,96,85,181
2993,110,98,208
2993,101,90,191
2993,97,146,243
2993,107,104,211
2993,188,175,363
2993,112,97,209
2993,92,83,175
2993,105,123,228
2993,95,101,196
2993,87,122,209
2993,106,77,183
2993,91,120,211
2993,108,117,225
2993,123,114,237
2993,96,91,187
2993,96,85,181
2993,80,98,178
2994,91,117,208
2994,79,65,144
2994,122,109,231
2994,114,141,255
2994,121,138,259
2994,129,119,248
2994,82,99,181
2994,109,109,218
2994,103,88,191
2994,153,182,335
2994,99,143,242
2994,114,107,221
2994,84,101,185
2994,98,84,182
2994,86,99,185
2994,104,117,221
2994,98,84,182
2994,93,91,184
2994,122,102,224
2994,224,194,418
2994,87,76,163
2994,108,114,222
2994,84,101,185
2994,165,147,312
2994,125,98,223
2994,180,199,379
2994,100,78,178
2994,109,98,207
2994,109,98,207
2994,113,80,193
2994,133,146,279
2994,102,112,214
2994,118,126,244
2994,93,94,187
2994,124,117,241
2994,93,91,184
2994,103,111,214
2994,95,87,182
2995,91,82,173
2995,122,122,244
2995,91,82,173
2995,85,98,183
2995,101,114,215
2995,101,105,206
2995,127,96,223
2995,163,147,310
2995,131,105,236
2995,130,112,242
2995,212,187,399
2995,90,75,165
2995,111,121,232
2995,184,218,402
2995,95,93,188
2995,97,84,181
2995,92,121,213
2995,134,151,285
2995,83,102,185
2995,80,66,146
2995,91,85,176
2995,147,152,299
2995,80,94,174
2995,123,140,263
2995,86,99,185
2995,86,99,185
2995,118,107,225
2995,128,145,273
2995,94,96,190
2995,106,80,186
2995,102,104,206
2995,109,115,224
2995,121,133,254
2995,95,87,182
2995,109,86,195
2995,104,146,250
2995,138,116,254
2995,109,86,195
2996,92,89,181
2996,110,122,232
2996,83,101,184
2996,104,70,174
2996,82,66,148
2996,162,143,305
2996,129,112,241
2996,165,133,298
2996,107,146,253
2996,125,146,271
2996,105,101,206
2996,84,91,175
2996,95,99,194
2996,132,114,246
2996,86,79,165
2996,196,183,379
2996,96,89,185
2996,121,119,240
2996,128,100,228
2996,83,101,184
2996,130,110,240
2996,102,116,218
2996,80,92,172
2996,94,86,180
2996,112,80,192
2996,94,126,220
2996,104,70,174
2996,157,152,309
2996,125,141,266
2996,120,138,258
2996,108,117,225
2996,208,192,400
2996,103,108,211
2996,87,77,164
2996,79,91,170
2996,129,105,234
2996,96,89,185
2996,86,79,165
2997,126,158,284
2997,165,149,314
2997,121,130,251
2997,102,118,220
2997,182,206,388
2997,97,92,189
2997,165,135,300
2997,116,101,217
2997,81,67,148
2997,92,91,183
2997,126,140,266
2997,95,92,187
2997,94,82,176
2997,81,95,176
2997,111,71,182
2997,111,71,182
2997,91,78,169
2997,112,127,239
2997,88,101,189
2997,118,107,225
2997,135,106,241
2997,94,82,176
2997,104,116,220
2997,85,95,180
2997,110,123,233
2997,151,161,312
2997,123,144,267
2997,194,193,387
2997,95,89,184
2997,110,79,189
2997,96,143,239
2997,133,114,247
2997,106,90,196
2997,126,108,234
2997,88,101,189
2997,128,100,228
2997,80,92,172
2997,107,98,205
2998,107,125,232
2998,164,132,296
2998,77,65,142
2998,77,85,162
2998,181,135,316
2998,121,144,265
2998,97,101,198
2998,129,148,277
2998,88,78,166
2998,130,111,241
2998,93,82,175
2998,90,102,192
2998,128,101,229
2998,115,111,226
2998,129,167,296
2998,126,141,267
2998,122,74,196
2998,158,192,350
2998,194,186,380
2998,93,82,175
2998,112,91,203
2998,97,94,191
2998,120,146,266
2998,129,111,240
2998,107,130,237
2998,90,102,192
2998,110,122,232
2998,158,84,242
2998,122,74,196
2998,104,78,182
2998,196,197,393
2998,92,92,184
2998,100,111,211
2998,90,103,193
2998,108,101,209
2998,81,90,171
2998,91,85,176
2998,108,104,212
2999,87,81,168
2999,130,109,239
2999,171,165,336
2999,119,120,239
2999,107,99,206
2999,105,87,192
2999,129,145,274
2999,122,137,259
2999,121,100,221
2999,134,78,212
2999,85,100,185
2999,79,88,167
2999,76,80,156
2999,85,100,185
2999,107,107,214
2999,147,132,279
2999,86,75,161
2999,129,96,225
2999,127,104,231
2999,92,87,179
2999,199,209,408
2999,95,91,186
2999,99,79,178
2999,114,130,244
2999,120,148,268
2999,152,129,281
2999,107,115,222
2999,87,81,168
2999,108,100,208
2999,114,138,252
2999,97,89,186
2999,136,103,239
2999,83,67,150
2999,90,101,191
2999,97,86,183
2999,134,78,212
2999,205,190,395
2999,193,138,331
3000,160,162,322
3000,91,107,198
3000,107,100,207
3000,96,99,195
3000,86,107,193
3000,87,80,167
3000,212,189,401
3000,136,103,239
3000,82,66,148
3000,112,127,239
3000,74,74,148
3000,100,144,244
3000,79,84,163
3000,126,116,242
3000,129,76,205
3000,122,100,222
3000,86,107,193
3000,123,118,241
3000,97,89,186
3000,86,77,163
3000,152,132,284
3000,86,85,171
3000,87,80,167
3000,109,119,228
3000,117,104,221
3000,112,136,248
3000,110,101,211
3000,130,127,257
3000,124,160,284
3000,190,137,327
3000,184,215,399
3000,104,80,184
3000,121,93,214
3000,106,107,213
3000,94,100,194
3000,123,109,232
3000,129,76,205
3000,94,89,183
3001,98,77,175
3001,79,66,145
3001,112,90,202
3001,149,131,280
3001,93,94,187
3001,132,107,239
3001,81,81,162
3001,92,92,184
3001,134,102,236
3001,140,128,268
3001,111,128,239
3001,204,189,393
3001,118,123,241
3001,113,132,245
3001,119,149,268
3001,98,93,191
3001,87,75,162
3001,117,70,187
3001,103,113,216
3001,117,101,218
3001,135,111,246
3001,115,100,215
3001,120,87,207
3001,86,105,191
3001,104,122,226
3001,117,70,187
3001,86,105,191
3001,77,81,158
3001,81,89,170
3001,131,117,248
3001,117,147,264
3001,102,105,207
3001,81,81,162
3001,87,92,179
3001,173,159,332
3001,92,108,200
3001,175,189,364
3001,187,136,323
3002,146,127,273
3002,87,102,189
3002,114,137,251
3002,190,137,327
3002,103,107,210
3002,113,100,213
3002,149,121,270
3002,88,100,188
3002,208,190,398
3002,126,109,235
3002,122,71,193
3002,88,100,188
3002,106,117,223
3002,77,80,157
3002,87,85,172
3002,192,184,376
3002,87,81,168
3002,146,129,275
3002,143,126,269
3002,108,127,235
3002,103,78,181
3002,91,92,183
3002,124,147,271
3002,114,91,205
3002,123,94,217
3002,98,93,191
3002,124,96,220
3002,111,100,211
3002,95,92,187
3002,76,82,158
3002,81,92,173
3002,105,142,247
3002,183,168,351
3002,135,103,238
3002,103,97,200
3002,77,80,157
3002,122,71,193
3002,78,67,145
3003,150,128,278
3003,95,91,186
3003,134,102,236
3003,83,67,150
3003,87,81,168
3003,81,89,170
3003,142,120,262
3003,111,97,208
3003,96,102,198
3003,125,129,254
3003,135,112,247
3003,200,216,416
3003,94,96,190
3003,123,69,192
3003,96,102,198
3003,74,88,162
3003,74,88,162
3003,192,137,329
3003,88,85,173
3003,103,121,224
3003,190,189,379
3003,133,149,282
3003,98,151,249
3003,119,87,206
3003,176,163,339
3003,137,125,262
3003,143,112,255
3003,77,83,160
3003,87,98,185
3003,109,126,235
3003,104,99,203
3003,112,89,201
3003,102,80,182
3003,93,92,185
3003,113,109,222
3003,113,103,216
3003,97,91,188
3003,123,69,192
3004,110,140,250
3004,99,94,193
3004,106,100,206
3004,118,69,187
3004,95,98,193
3004,103,120,223
3004,108,97,205
3004,73,81,154
3004,203,192,395
3004,129,124,253
3004,87,89,176
3004,126,121,247
3004,134,112,246
3004,110,89,199
3004,91,75,166
3004,94,97,191
3004,97,103,200
3004,89,84,173
3004,132,150,282
3004,97,103,200
3004,215,194,409
3004,127,101,228
3004,95,101,196
3004,141,119,260
3004,186,133,319
3004,73,81,154
3004,89,104,193
3004,158,157,315
3004,123,99,222
3004,80,65,145
3004,113,131,244
3004,118,69,187
3004,83,94,177
3004,100,156,256
3004,77,87,164
3004,105,109,214
3004,127,150,277
3004,118,103,221
3005,116,90,206
3005,102,109,211
3005,138,114,252
3005,127,150,277
3005,155,126,281
3005,89,92,181
3005,109,79,188
3005,91,88,179
3005,140,131,271
3005,198,218,416
3005,153,168,321
3005,73,81,154
3005,73,81,154
3005,101,102,203
3005,105,103,208
3005,110,66,176
3005,108,132,240
3005,102,164,266
3005,105,103,208
3005,110,66,176
3005,133,101,234
3005,96,98,194
3005,86,100,186
3005,190,136,326
3005,103,117,220
3005,206,195,401
3005,125,150,275
3005,98,94,192
3005,124,126,250
3005,94,89,183
3005,126,97,223
3005,113,125,238
3005,75,86,161
3005,109,100,209
3005,107,100,207
3005,95,101,196
3005,77,68,145
3005,92,76,168
3006,96,99,195
3006,124,94,218
3006,115,84,199
3006,157,134,291
3006,146,129,275
3006,153,165,318
3006,85,101,186
3006,176,132,308
3006,90,89,179
3006,107,128,235
3006,180,209,389
3006,152,123,275
3006,80,81,161
3006,115,84,199
3006,75,67,142
3006,114,89,203
3006,107,99,206
3006,96,99,195
3006,102,99,201
3006,127,101,228
3006,74,81,155
3006,105,170,275
3006,80,81,161
3006,96,88,184
3006,140,151,291
3006,88,90,178
3006,89,108,197
3006,97,107,204
3006,88,76,164
3006,140,111,251
3006,111,102,213
3006,125,98,223
3006,125,125,250
3006,102,114,216
3006,108,111,219
3006,195,214,409
3006,99,93,192
3006,104,95,199
3007,90,94,184
3007,97,102,199
3007,90,100,190
3007,126,94,220
3007,88,86,174
3007,104,168,272
3007,90,100,190
3007,121,99,220
3007,102,97,199
3007,102,100,202
3007,96,104,200
3007,98,94,192
3007,108,101,209
3007,157,180,337
3007,115,89,204
3007,77,75,152
3007,133,109,242
3007,113,87,200
3007,84,96,180
3007,90,109,199
3007,148,151,299
3007,75,81,156
3007,132,159,291
3007,116,102,218
3007,102,113,215
3007,115,89,204
3007,110,114,224
3007,137,125,262
3007,94,88,182
3007,222,195,417
3007,82,83,165
3007,82,83,165
3007,175,199,374
3007,130,124,254
3007,105,127,232
3007,170,130,300
3007,128,143,271
3007,158,88,246
3008,116,86,202
3008,142,112,254
3008,100,111,211
3008,155,85,240
3008,82,81,163
3008,77,87,164
3008,99,99,198
3008,122,100,222
3008,138,119,257
3008,108,184,292
3008,159,130,289
3008,161,165,326
3008,198,220,418
3008,116,101,217
3008,104,120,224
3008,110,102,212
3008,129,154,283
3008,116,86,202
3008,84,89,173
3008,111,114,225
3008,105,122,227
3008,95,102,197
3008,156,134,290
3008,127,124,251
3008,112,88,200
3008,96,90,186
3008,89,91,180
3008,90,86,176
3008,182,212,394
3008,85,78,163
3008,96,106,202
3008,103,106,209
3008,82,81,163
3008,97,106,203
3008,147,153,300
3008,81,66,147
3008,84,95,179
3008,95,102,197
3009,155,127,282
3009,106,127,233
3009,182,214,396
3009,132,118,250
3009,162,129,291
3009,94,88,182
3009,96,98,194
3009,111,100,211
3009,116,90,206
3009,104,95,199
3009,80,79,159
3009,194,202,396
3009,114,124,238
3009,101,110,211
3009,123,102,225
3009,143,130,273
3009,84,80,164
3009,90,95,185
3009,161,168,329
3009,97,109,206
3009,114,132,246
3009,153,155,308
3009,101,110,211
3009,114,85,199
3009,86,99,185
3009,127,101,228
3009,83,89,172
3009,114,85,199
3009,127,151,278
3009,81,66,147
3009,113,101,214
3009,96,89,185
3009,101,100,201
3009,97,102,199
3009,103,169,272
3009,97,102,199
3009,114,81,195
3009,80,79,159
3010,111,82,193
3010,101,102,203
3010,118,137,255
3010,86,98,184
3010,122,122,244
3010,89,92,181
3010,146,132,278
3010,102,110,212
3010,125,102,227
3010,96,87,183
3010,100,115,215
3010,88,79,167
3010,75,65,140
3010,90,93,183
3010,171,170,341
3010,125,143,268
3010,140,153,293
3010,114,82,196
3010,114,128,242
3010,114,101,215
3010,85,93,178
3010,109,101,210
3010,122,80,202
3010,96,101,197
3010,118,97,215
3010,104,119,223
3010,183,219,402
3010,104,110,214
3010,101,102,203
3010,91,85,176
3010,189,193,382
3010,114,82,196
3010,128,120,248
3010,163,135,298
3010,88,79,167
3010,103,97,200
3010,107,175,282
3010,121,91,212
3011,87,86,173
3011,116,78,194
3011,85,79,164
3011,114,131,245
3011,118,141,259
3011,112,100,212
3011,99,107,206
3011,116,78,194
3011,104,102,206
3011,109,182,291
3011,121,132,253
3011,195,185,380
3011,81,104,185
3011,123,95,218
3011,92,103,195
3011,119,90,209
3011,162,129,291
3011,211,193,404
3011,95,85,180
3011,85,79,164
3011,135,105,240
3011,77,70,147
3011,109,101,210
3011,124,99,223
3011,135,119,254
3011,87,108,195
3011,100,110,210
3011,111,123,234
3011,85,94,179
3011,105,120,225
3011,98,107,205
3011,183,175,358
3011,132,155,287
3011,152,154,306
3011,92,96,188
3011,120,121,241
3011,104,102,206
3011,105,115,220
3012,117,89,206
3012,150,157,307
3012,88,109,197
3012,86,101,187
3012,120,132,252
3012,132,101,233
3012,98,100,198
3012,80,101,181
3012,117,89,206
3012,172,168,340
3012,99,110,209
3012,101,162,263
3012,169,133,302
3012,99,93,192
3012,97,102,199
3012,90,92,182
3012,133,159,292
3012,95,111,206
3012,119,128,247
3012,114,133,247
3012,75,65,140
3012,116,88,204
3012,108,104,212
3012,106,122,228
3012,202,192,394
3012,84,81,165
3012,104,119,223
3012,98,100,198
3012,88,93,181
3012,110,99,209
3012,172,168,340
3012,125,105,230
3012,199,186,385
3012,136,126,262
3012,105,115,220
3012,84,81,165
3012,113,112,225
3012,113,127,240
3012,118,117,235
3013,148,84,232
3013,140,109,249
3013,76,78,154
3013,156,171,327
3013,98,100,198
3013,116,114,230
3013,130,109,239
3013,125,106,231
3013,116,132,248
3013,124,91,215
3013,196,190,386
3013,134,102,236
3013,125,93,218
3013,98,104,202
3013,101,157,258
3013,87,94,181
3013,105,122,227
3013,156,156,312
3013,82,107,189
3013,120,125,245
3013,98,100,198
3013,108,99,207
3013,123,128,251
3013,93,85,178
3013,127,150,277
3013,116,91,207
3013,91,96,187
3013,88,111,199
3013,106,130,236
3013,156,171,327
3013,76,78,154
3013,122,91,213
3013,116,91,207
3013,198,185,383
3013,87,100,187
3013,177,138,315
3013,133,153,286
3013,79,65,144
3013,96,98,194
3014,112,138,250
3014,98,102,200
3014,114,137,251
3014,78,66,144
3014,146,86,232
3014,156,132,288
3014,180,217,397
3014,149,152,301
3014,186,139,325
3014,89,109,198
3014,195,183,378
3014,157,166,323
3014,115,85,200
3014,95,84,179
3014,74,84,158
3014,74,84,158
3014,136,110,246
3014,81,104,185
3014,122,89,211
3014,115,85,200
3014,118,113,231
3014,123,122,245
3014,157,166,323
3014,87,95,182
3014,122,94,216
3014,87,102,189
3014,112,100,212
3014,90,94,184
3014,118,120,238
3014,108,87,195
3014,132,104,236
3014,108,99,207
3014,96,93,189
3014,129,100,229
3014,87,95,182
3014,106,172,278
3014,86,91,177
3014,109,100,209
3014,132,152,284
3015,113,88,201
3015,96,88,184
3015,85,96,181
3015,199,185,384
3015,89,89,178
3015,130,104,234
3015,108,108,216
3015,74,87,161
3015,128,108,236
3015,77,70,147
3015,173,202,375
3015,171,134,305
3015,107,100,207
3015,173,202,375
3015,101,87,188
3015,111,136,247
3015,97,97,194
3015,114,130,244
3015,133,151,284
3015,85,88,173
3015,74,87,161
3015,107,180,287
3015,101,109,210
3015,87,99,186
3015,139,148,287
3015,133,98,231
3015,123,130,253
3015,111,109,220
3015,149,162,311
3015,126,94,220
3015,113,70,183
3015,78,100,178
3015,131,79,210
3015,149,162,311
3015,87,99,186
3015,122,122,244
3015,113,70,183
3015,87,109,196
3015,98,96,194
3015,117,116,233
3016,71,83,154
3016,112,100,212
3016,103,167,270
3016,91,93,184
3016,96,95,191
3016,89,103,192
3016,170,131,301
3016,108,87,195
3016,119,116,235
3016,115,77,192
3016,75,91,166
3016,84,97,181
3016,114,100,214
3016,149,165,314
3016,101,118,219
3016,100,83,183
3016,121,106,227
3016,124,123,247
3016,88,94,182
3016,122,90,212
3016,136,158,294
3016,129,99,228
3016,125,107,232
3016,88,94,182
3016,76,66,142
3016,115,77,192
3016,71,83,154
3016,124,82,206
3016,185,191,376
3016,149,165,314
3016,122,125,247
3016,89,111,200
3016,95,90,185
3016,185,191,376
3016,121,71,192
3016,208,187,395
3016,139,110,249
3016,103,114,217
3016,106,121,227
3016,135,150,285
3017,121,133,254
3017,88,95,183
3017,135,155,290
3017,77,82,159
3017,77,82,159
3017,91,97,188
3017,116,88,204
3017,160,167,327
3017,76,90,166
3017,118,87,205
3017,95,88,183
3017,116,88,204
3017,82,95,177
3017,209,186,395
3017,190,192,382
3017,109,146,255
3017,88,94,182
3017,114,106,220
3017,108,89,197
3017,119,102,221
3017,124,135,259
3017,102,168,270
3017,137,109,246
3017,140,151,291
3017,87,101,188
3017,116,137,253
3017,190,192,382
3017,163,137,300
3017,123,128,251
3017,88,95,183
3017,149,75,224
3017,124,97,221
3017,160,167,327
3017,109,128,237
3017,107,101,208
3017,122,81,203
3017,86,66,152
3017,95,81,176
3017,104,117,221
3017,98,85,183
3018,157,168,325
3018,126,144,270
3018,157,168,325
3018,118,79,197
3018,171,132,303
3018,111,114,225
3018,89,116,205
3018,118,98,216
3018,74,80,154
3018,197,196,393
3018,83,92,175
3018,146,151,297
3018,106,146,252
3018,126,151,277
3018,133,107,240
3018,89,68,157
3018,117,95,212
3018,136,153,289
3018,120,124,244
3018,94,101,195
3018,106,113,219
3018,114,108,222
3018,110,132,242
3018,124,102,226
3018,128,87,215
3018,106,88,194
3018,175,205,380
3018,102,86,188
3018,100,82,182
3018,175,205,380
3018,85,93,178
3018,74,80,154
3018,118,98,216
3018,101,103,204
3018,92,83,175
3018,89,105,194
3018,97,97,194
3018,89,105,194
3018,96,150,246
3018,72,77,149
3019,162,139,301
3019,135,112,247
3019,98,82,180
3019,136,107,243
3019,91,99,190
3019,113,132,245
3019,205,193,398
3019,130,102,232
3019,72,77,149
3019,86,66,152
3019,102,96,198
3019,205,193,398
3019,112,89,201
3019,92,84,176
3019,144,150,294
3019,134,154,288
3019,129,91,220
3019,119,116,235
3019,79,84,163
3019,98,155,253
3019,147,81,228
3019,122,80,202
3019,200,210,410
3019,102,114,216
3019,83,96,179
3019,103,128,231
3019,127,154,281
3019,89,106,195
3019,79,84,163
3019,147,81,228
3019,110,115,225
3019,117,95,212
3019,153,172,325
3019,134,124,258
3019,88,115,203
3019,102,86,188
3019,89,106,195
3019,153,172,325
3019,86,90,176
3019,128,146,274
3020,89,79,168
3020,146,81,227
3020,98,85,183
3020,101,109,210
3020,101,165,266
3020,103,78,181
3020,98,95,193
3020,89,106,195
3020,146,81,227
3020,127,105,232
3020,116,89,205
3020,100,114,214
3020,143,127,270
3020,82,65,147
3020,109,109,218
3020,123,101,224
3020,139,123,262
3020,89,106,195
3020,129,145,274
3020,164,152,316
3020,157,80,237
3020,112,129,241
3020,152,170,322
3020,88,87,175
3020,71,76,147
3020,86,103,189
3020,91,85,176
3020,205,218,423
3020,92,94,186
3020,122,98,220
3020,188,186,374
3020,188,186,374
3020,112,86,198
3020,95,82,177
3020,118,139,257
3020,88,87,175
3020,119,109,228
3020,128,145,273
3020,146,130,276
3020,152,170,322
3021,200,216,416
3021,109,88,197
3021,102,116,218
3021,124,147,271
3021,87,107,194
3021,118,103,221
3021,110,113,223
3021,96,86,182
3021,87,112,199
3021,135,124,259
3021,159,162,321
3021,131,112,243
3021,133,158,291
3021,123,131,254
3021,158,79,237
3021,185,187,372
3021,95,80,175
3021,123,106,229
3021,185,187,372
3021,114,96,210
3021,87,94,181
3021,99,111,210
3021,87,112,199
3021,116,89,205
3021,96,86,182
3021,118,103,221
3021,71,72,143
3021,99,84,183
3021,93,99,192
3021,91,69,160
3021,114,131,245
3021,101,167,268
3021,129,146,275
3021,92,78,170
3021,89,74,163
3021,125,102,227
3021,93,96,189
3021,138,126,264
3021,189,132,321
3021,159,162,321
3022,90,83,173
3022,146,114,260
3022,92,99,191
3022,109,87,196
3022,177,184,361
3022,131,152,283
3022,177,184,361
3022,90,93,183
3022,129,122,251
3022,99,82,181
3022,116,103,219
3022,89,76,165
3022,99,90,189
3022,93,86,179
3022,153,164,317
3022,125,105,230
3022,117,100,217
3022,89,95,184
3022,99,90,189
3022,71,73,144
3022,132,125,257
3022,96,99,195
3022,115,122,237
3022,86,103,189
3022,123,149,272
3022,153,164,317
3022,121,99,220
3022,115,133,248
3022,116,103,219
3022,102,85,187
3022,195,202,397
3022,95,148,243
3022,121,127,248
3022,104,113,217
3022,104,73,177
3022,110,84,194
3022,86,103,189
3022,165,130,295
3022,159,78,237
3022,132,149,281
3023,122,153,275
3023,86,96,182
3023,117,100,217
3023,77,75,152
3023,177,184,361
3023,110,85,195
3023,162,79,241
3023,160,128,288
3023,120,127,247
3023,92,86,178
3023,130,147,277
3023,84,100,184
3023,136,125,261
3023,91,86,177
3023,177,184,361
3023,108,89,197
3023,102,86,188
3023,145,111,256
3023,129,164,293
3023,157,163,320
3023,105,91,196
3023,195,183,378
3023,84,101,185
3023,107,81,188
3023,97,84,181
3023,117,100,217
3023,91,100,191
3023,107,98,205
3023,122,103,225
3023,157,163,320
3023,88,95,183
3023,111,122,233
3023,123,125,248
3023,131,156,287
3023,113,95,208
3023,114,121,235
3023,113,100,213
3023,108,115,223
3023,105,91,196
3023,84,100,184
3024,190,187,377
3024,115,129,244
3024,106,110,216
3024,143,112,255
3024,115,98,213
3024,105,105,210
3024,229,196,425
3024,169,130,299
3024,83,99,182
3024,120,128,248
3024,101,142,243
3024,110,83,193
3024,98,85,183
3024,112,91,203
3024,190,187,377
3024,130,148,278
3024,119,104,223
3024,122,127,249
3024,105,105,210
3024,93,103,196
3024,141,124,265
3024,104,86,190
3024,105,98,203
3024,93,112,205
3024,117,117,234
3024,119,98,217
3024,102,89,191
3024,165,167,332
3024,119,98,217
3024,102,89,191
3024,155,76,231
3024,82,77,159
3024,165,167,332
3024,118,99,217
3024,127,165,292
3024,99,83,182
3024,92,98,190
3024,130,137,267
3024,117,87,204
3024,89,94,183
3025,119,92,211
3025,100,90,190
3025,166,129,295
3025,102,85,187
3025,113,113,226
3025,122,126,248
3025,128,108,236
3025,146,126,272
3025,172,165,337
3025,98,78,176
3025,97,111,208
3025,118,145,263
3025,88,92,180
3025,105,88,193
3025,100,90,190
3025,91,96,187
3025,230,198,428
3025,108,103,211
3025,130,170,300
3025,92,104,196
3025,115,135,250
3025,142,113,255
3025,129,154,283
3025,172,165,337
3025,80,92,172
3025,119,98,217
3025,115,101,216
3025,104,102,206
3025,106,106,212
3025,80,76,156
3025,153,76,229
3025,95,81,176
3025,153,122,275
3025,183,188,371
3025,183,188,371
3025,104,102,206
3025,130,137,267
3025,115,101,216
3025,90,111,201
3025,121,100,221
3026,106,85,191
3026,100,93,193
3026,155,77,232
3026,106,101,207
3026,214,192,406
3026,96,81,177
3026,150,127,277
3026,172,128,300
3026,112,126,238
3026,143,112,255
3026,136,149,285
3026,141,120,261
3026,171,163,334
3026,81,93,174
3026,185,184,369
3026,104,77,181
3026,118,101,219
3026,132,158,290
3026,89,101,190
3026,92,97,189
3026,89,80,169
3026,96,102,198
3026,131,134,265
3026,125,91,216
3026,98,85,183
3026,124,159,283
3026,126,107,233
3026,120,93,213
3026,100,93,193
3026,81,77,158
3026,120,106,226
3026,104,77,181
3026,107,113,220
3026,185,184,369
3026,171,163,334
3026,139,104,243
3026,126,135,261
3026,89,107,196
3026,86,76,162
3026,96,102,198
3027,166,169,335
3027,83,99,182
3027,123,107,230
3027,178,182,360
3027,132,142,274
3027,123,101,224
3027,92,112,204
3027,178,182,360
3027,83,115,198
3027,119,117,236
3027,125,144,269
3027,126,137,263
3027,83,115,198
3027,87,97,184
3027,96,101,197
3027,119,91,210
3027,93,100,193
3027,78,76,154
3027,101,80,181
3027,155,77,232
3027,102,86,188
3027,128,149,277
3027,135,123,258
3027,122,122,244
3027,96,101,197
3027,202,216,418
3027,165,128,293
3027,93,80,173
3027,131,116,247
3027,166,169,335
3027,111,127,238
3027,116,89,205
3027,101,80,181
3027,112,131,243
3027,110,102,212
3027,99,115,214
3027,115,132,247
3027,90,74,164
3027,118,135,253
3027,76,76,152
3028,134,148,282
3028,108,102,210
3028,98,112,210
3028,130,137,267
3028,111,88,199
3028,167,129,296
3028,137,125,262
3028,190,188,378
3028,156,171,327
3028,83,116,199
3028,102,80,182
3028,158,77,235
3028,118,88,206
3028,83,116,199
3028,79,77,156
3028,124,120,244
3028,92,81,173
3028,197,193,390
3028,94,107,201
3028,156,171,327
3028,116,136,252
3028,126,148,274
3028,122,101,223
3028,190,188,378
3028,123,117,240
3028,92,100,192
3028,98,99,197
3028,88,77,165
3028,111,128,239
3028,138,103,241
3028,92,100,192
3028,91,121,212
3028,110,75,185
3028,78,76,154
3028,101,87,188
3028,105,128,233
3028,138,109,247
3028,102,80,182
3028,128,144,272
3028,120,114,234
3029,98,97,195
3029,97,86,183
3029,115,95,210
3029,139,143,282
3029,114,115,229
3029,105,89,194
3029,118,113,231
3029,136,103,239
3029,104,127,231
3029,91,81,172
3029,71,76,147
3029,91,114,205
3029,105,89,194
3029,97,111,208
3029,88,112,200
3029,155,77,232
3029,82,79,161
3029,108,73,181
3029,142,113,255
3029,172,129,301
3029,122,105,227
3029,127,149,276
3029,127,90,217
3029,113,132,245
3029,81,117,198
3029,132,133,265
3029,149,164,313
3029,143,111,254
3029,81,117,198
3029,92,96,188
3029,119,121,240
3029,177,186,363
3029,177,186,363
3029,198,203,401
3029,92,96,188
3029,125,147,272
3029,149,164,313
3029,86,79,165
3029,133,125,258
3029,113,88,201
3030,104,107,211
3030,86,79,165
3030,124,89,213
3030,155,159,314
3030,89,106,195
3030,94,76,170
3030,108,121,229
3030,125,120,245
3030,145,112,257
3030,103,125,228
3030,113,164,277
3030,127,122,249
3030,155,159,314
3030,126,90,216
3030,124,91,215
3030,105,88,193
3030,133,152,285
3030,136,150,286
3030,79,108,187
3030,119,119,238
3030,198,207,405
3030,87,102,189
3030,130,155,285
3030,172,130,302
3030,95,85,180
3030,88,95,183
3030,134,108,242
3030,117,137,254
3030,104,105,209
3030,81,77,158
3030,88,114,202
3030,105,74,179
3030,163,81,244
3030,193,189,382
3030,115,117,232
3030,93,81,174
3030,105,88,193
3030,79,108,187
3030,87,102,189
3030,193,189,382
3031,77,98,175
3031,107,123,230
3031,108,101,209
3031,171,166,337
3031,77,98,175
3031,93,74,167
3031,143,112,255
3031,108,101,209
3031,158,135,293
3031,197,199,396
3031,106,130,236
3031,92,91,183
3031,144,126,270
3031,116,134,250
3031,92,102,194
3031,110,75,185
3031,89,81,170
3031,123,88,211
3031,129,107,236
3031,83,77,160
3031,109,119,228
3031,112,116,228
3031,111,100,211
3031,93,81,174
3031,90,98,188
3031,168,145,313
3031,132,101,233
3031,128,123,251
3031,88,114,202
3031,116,122,238
3031,163,134,297
3031,171,166,337
3031,90,99,189
3031,172,199,371
3031,125,89,214
3031,172,199,371
3031,92,102,194
3031,107,141,248
3031,134,153,287
3031,118,93,211
3032,115,89,204
3032,95,104,199
3032,150,75,225
3032,153,134,287
3032,124,89,213
3032,110,75,185
3032,139,154,293
3032,121,106,227
3032,116,136,252
3032,118,121,239
3032,108,117,225
3032,92,97,189
3032,171,153,324
3032,118,118,236
3032,194,191,385
3032,153,131,284
3032,133,107,240
3032,95,101,196
3032,173,183,356
3032,80,104,184
3032,95,104,199
3032,93,83,176
3032,88,81,169
3032,91,107,198
3032,107,99,206
3032,143,111,254
3032,100,114,214
3032,98,87,185
3032,162,190,352
3032,123,122,245
3032,107,99,206
3032,77,75,152
3032,143,127,270
3032,173,183,356
3032,96,74,170
3032,104,118,222
3032,109,119,228
3032,102,142,244
3032,162,190,352
3032,80,104,184
3033,203,216,419
3033,102,113,215
3033,105,109,214
3033,104,107,211
3033,79,100,179
3033,93,98,191
3033,75,75,150
3033,191,140,331
3033,125,107,232
3033,168,183,351
3033,95,101,196
3033,165,136,301
3033,168,183,351
3033,163,178,341
3033,153,158,311
3033,107,98,205
3033,139,109,248
3033,122,118,240
3033,84,79,163
3033,91,103,194
3033,107,98,205
3033,101,155,256
3033,126,90,216
3033,163,178,341
3033,89,111,200
3033,163,80,243
3033,129,151,280
3033,143,127,270
3033,117,120,237
3033,90,109,199
3033,91,103,194
3033,138,126,264
3033,79,100,179
3033,95,85,180
3033,115,134,249
3033,90,84,174
3033,98,109,207
3033,92,80,172
3033,113,77,190
3033,111,134,245
3034,113,109,222
3034,85,78,163
3034,164,183,347
3034,115,88,203
3034,115,121,236
3034,94,101,195
3034,96,108,204
3034,196,203,399
3034,108,115,223
3034,147,125,272
3034,89,75,164
3034,137,153,290
3034,106,101,207
3034,138,108,246
3034,98,93,191
3034,113,109,222
3034,203,142,345
3034,106,100,206
3034,158,160,318
3034,114,127,241
3034,92,83,175
3034,106,119,225
3034,175,183,358
3034,108,103,211
3034,108,103,211
3034,118,102,220
3034,83,99,182
3034,164,183,347
3034,126,144,270
3034,141,129,270
3034,175,183,358
3034,87,100,187
3034,76,74,150
3034,101,147,248
3034,119,87,206
3034,128,91,219
3034,80,104,184
3034,80,104,184
3034,95,100,195
3034,106,110,216
3035,130,110,240
3035,138,150,288
3035,94,87,181
3035,80,77,157
3035,104,119,223
3035,107,104,211
3035,92,75,167
3035,104,101,205
3035,131,97,228
3035,113,87,200
3035,97,103,200
3035,177,165,342
3035,108,144,252
3035,85,90,175
3035,93,127,220
3035,99,101,200
3035,105,118,223
3035,174,207,381
3035,142,108,250
3035,146,156,302
3035,199,142,341
3035,177,165,342
3035,152,131,283
3035,157,131,288
3035,74,74,148
3035,121,112,233
3035,93,127,220
3035,95,97,192
3035,107,104,211
3035,112,125,237
3035,80,103,183
3035,202,220,422
3035,84,102,186
3035,121,136,257
3035,109,116,225
3035,112,86,198
3035,88,99,187
3035,80,103,183
3035,174,207,381
3035,107,112,219
3036,93,134,227
3036,77,75,152
3036,198,207,405
3036,96,97,193
3036,90,97,187
3036,107,120,227
3036,113,121,234
3036,169,190,359
3036,108,105,213
3036,112,143,255
3036,169,190,359
3036,158,79,237
3036,158,160,318
3036,106,108,214
3036,124,139,263
3036,150,131,281
3036,98,77,175
3036,95,94,189
3036,134,106,240
3036,94,87,181
3036,202,142,344
3036,102,100,202
3036,110,86,196
3036,108,105,213
3036,133,111,244
3036,165,134,299
3036,82,98,180
3036,145,127,272
3036,76,74,150
3036,124,118,242
3036,89,114,203
3036,89,97,186
3036,101,99,200
3036,160,168,328
3036,84,116,200
3036,84,116,200
3036,97,102,199
3036,93,134,227
3036,108,112,220
3036,160,168,328
3037,93,89,182
3037,87,98,185
3037,107,120,227
3037,159,166,325
3037,103,114,217
3037,138,155,293
3037,174,166,340
3037,73,73,146
3037,92,132,224
3037,81,114,195
3037,113,144,257
3037,117,129,246
3037,81,114,195
3037,199,209,408
3037,107,102,209
3037,105,111,216
3037,182,186,368
3037,95,90,185
3037,93,108,201
3037,109,115,224
3037,82,99,181
3037,113,86,199
3037,123,120,243
3037,125,103,228
3037,114,88,202
3037,127,105,232
3037,107,102,209
3037,133,109,242
3037,157,77,234
3037,182,186,368
3037,124,134,258
3037,100,103,203
3037,140,128,268
3037,96,72,168
3037,101,99,200
3037,131,177,308
3037,98,108,206
3037,83,77,160
3037,92,132,224
3037,159,166,325
3038,104,107,211
3038,82,113,195
3038,101,113,214
3038,92,131,223
3038,106,114,220
3038,123,103,226
3038,109,107,216
3038,189,187,376
3038,189,187,376
3038,109,107,216
3038,93,86,179
3038,137,111,248
3038,92,78,170
3038,122,119,241
3038,171,169,340
3038,82,78,160
3038,111,129,240
3038,95,106,201
3038,83,98,181
3038,82,113,195
3038,139,126,265
3038,125,135,260
3038,92,131,223
3038,201,209,410
3038,130,173,303
3038,154,78,232
3038,171,169,340
3038,138,153,291
3038,94,87,181
3038,94,116,210
3038,85,98,183
3038,192,140,332
3038,101,115,216
3038,90,114,204
3038,108,118,226
3038,112,86,198
3038,110,140,250
3038,69,73,142
3038,110,118,228
3038,117,126,243
3039,111,117,228
3039,127,108,235
3039,110,131,241
3039,93,120,213
3039,109,106,215
3039,170,166,336
3039,82,109,191
3039,131,110,241
3039,170,166,336
3039,135,126,261
3039,124,151,275
3039,174,184,358
3039,174,184,358
3039,127,167,294
3039,102,144,246
3039,104,113,217
3039,172,169,341
3039,103,98,201
3039,93,85,178
3039,92,87,179
3039,144,72,216
3039,111,85,196
3039,69,73,142
3039,93,96,189
3039,102,116,218
3039,196,204,400
3039,91,125,216
3039,82,109,191
3039,118,88,206
3039,120,140,260
3039,124,128,252
3039,105,113,218
3039,108,117,225
3039,138,151,289
3039,79,77,156
3039,91,125,216
3039,109,106,215
3039,81,99,180
3039,93,90,183
3039,108,117,225
3040,121,128,249
3040,70,72,142
3040,111,120,231
3040,127,148,275
3040,129,163,292
3040,95,119,214
3040,90,113,203
3040,103,147,250
3040,109,128,237
3040,168,133,301
3040,106,112,218
3040,172,157,329
3040,93,124,217
3040,96,97,193
3040,164,171,335
3040,92,84,176
3040,105,122,227
3040,174,201,375
3040,110,109,219
3040,92,88,180
3040,110,109,219
3040,102,106,208
3040,115,120,235
3040,135,106,241
3040,78,93,171
3040,174,201,375
3040,193,193,386
3040,78,93,171
3040,110,124,234
3040,110,129,239
3040,124,105,229
3040,92,90,182
3040,164,171,335
3040,92,87,179
3040,127,70,197
3040,76,83,159
3040,142,127,269
3040,93,124,217
3040,109,77,186
3040,108,85,193
3041,92,85,177
3041,173,193,366
3041,71,72,143
3041,100,102,202
3041,103,114,217
3041,108,100,208
3041,122,76,198
3041,119,131,250
3041,94,118,212
3041,94,134,228
3041,77,94,171
3041,103,125,228
3041,89,90,179
3041,90,110,200
3041,130,154,284
3041,126,143,269
3041,120,123,243
3041,162,133,295
3041,104,111,215
3041,131,179,310
3041,171,193,364
3041,94,134,228
3041,171,193,364
3041,95,110,205
3041,89,85,174
3041,79,85,164
3041,107,85,192
3041,173,193,366
3041,194,196,390
3041,105,76,181
3041,105,103,208
3041,103,146,249
3041,108,100,208
3041,140,109,249
3041,202,141,343
3041,109,127,236
3041,135,109,244
3041,111,126,237
3041,110,119,229
3041,77,94,171
3042,74,72,146
3042,106,77,183
3042,100,108,208
3042,108,104,212
3042,110,88,198
3042,170,185,355
3042,170,195,365
3042,119,126,245
3042,122,70,192
3042,129,153,282
3042,90,84,174
3042,124,138,262
3042,127,178,305
3042,96,107,203
3042,102,142,244
3042,109,126,235
3042,202,141,343
3042,111,104,215
3042,92,84,176
3042,121,100,221
3042,130,109,239
3042,127,159,286
3042,110,117,227
3042,119,88,207
3042,108,104,212
3042,147,127,274
3042,104,103,207
3042,170,195,365
3042,96,137,233
3042,96,137,233
3042,105,113,218
3042,105,124,229
3042,111,122,233
3042,140,110,250
3042,92,99,191
3042,77,90,167
3042,77,90,167
3042,195,184,379
3042,170,185,355
3042,82,96,178
3043,106,98,204
3043,133,129,262
3043,153,137,290
3043,122,102,224
3043,128,121,249
3043,96,89,185
3043,181,213,394
3043,115,134,249
3043,96,136,232
3043,104,113,217
3043,95,112,207
3043,77,91,168
3043,172,165,337
3043,110,124,234
3043,103,151,254
3043,99,105,204
3043,129,178,307
3043,115,108,223
3043,192,190,382
3043,131,155,286
3043,81,94,175
3043,73,78,151
3043,117,88,205
3043,104,123,227
3043,120,71,191
3043,104,122,226
3043,115,90,205
3043,92,110,202
3043,181,213,394
3043,106,107,213
3043,161,186,347
3043,105,77,182
3043,96,136,232
3043,129,108,237
3043,90,89,179
3043,106,107,213
3043,161,186,347
3043,119,119,238
3043,77,91,168
3043,110,117,227
3044,78,97,175
3044,112,105,217
3044,80,92,172
3044,78,97,175
3044,96,126,222
3044,111,92,203
3044,110,86,196
3044,123,70,193
3044,98,109,207
3044,107,108,215
3044,126,164,290
3044,157,169,326
3044,107,108,215
3044,157,169,326
3044,71,71,142
3044,104,105,209
3044,177,213,390
3044,88,85,173
3044,173,158,331
3044,120,111,231
3044,111,120,231
3044,107,77,184
3044,109,120,229
3044,101,118,219
3044,125,116,241
3044,124,123,247
3044,128,143,271
3044,114,90,204
3044,103,138,241
3044,130,109,239
3044,195,197,392
3044,129,138,267
3044,177,213,390
3044,94,113,207
3044,95,89,184
3044,120,111,231
3044,112,121,233
3044,143,135,278
3044,105,125,230
3044,104,118,222
3045,115,92,207
3045,104,138,242
3045,119,83,202
3045,177,209,386
3045,122,111,233
3045,80,75,155
3045,112,122,234
3045,75,85,160
3045,75,85,160
3045,110,115,225
3045,122,111,233
3045,129,175,304
3045,93,115,208
3045,105,105,210
3045,199,213,412
3045,129,131,260
3045,88,84,172
3045,106,109,215
3045,111,120,231
3045,167,171,338
3045,79,87,166
3045,167,171,338
3045,106,77,183
3045,121,105,226
3045,118,99,217
3045,111,87,198
3045,95,88,183
3045,105,105,210
3045,105,127,232
3045,130,129,259
3045,177,209,386
3045,113,91,204
3045,124,126,250
3045,126,123,249
3045,125,116,241
3045,100,113,213
3045,123,79,202
3045,103,99,202
3045,177,154,331
3045,114,105,219
3046,110,117,227
3046,178,176,354
3046,78,93,171
3046,124,93,217
3046,123,94,217
3046,79,92,171
3046,178,176,354
3046,102,103,205
3046,113,88,201
3046,119,99,218
3046,126,130,256
3046,126,122,248
3046,106,117,223
3046,132,128,260
3046,111,109,220
3046,78,93,171
3046,124,162,286
3046,107,77,184
3046,119,114,233
3046,194,205,399
3046,92,78,170
3046,109,100,209
3046,103,146,249
3046,95,100,195
3046,114,91,205
3046,187,135,322
3046,106,82,188
3046,92,131,223
3046,105,117,222
3046,100,96,196
3046,180,188,368
3046,109,96,205
3046,137,121,258
3046,108,113,221
3046,111,109,220
3046,133,132,265
3046,108,113,221
3046,92,78,170
3046,180,188,368
3046,112,122,234
3046,124,84,208
3047,117,93,210
3047,102,141,243
3047,102,113,215
3047,77,96,173
3047,113,125,238
3047,127,93,220
3047,133,134,267
3047,123,127,250
3047,177,134,311
3047,113,110,223
3047,122,96,218
3047,119,109,228
3047,122,123,245
3047,88,108,196
3047,114,99,213
3047,99,98,197
3047,102,107,209
3047,167,170,337
3047,96,105,201
3047,137,93,230
3047,78,87,165
3047,143,123,266
3047,89,78,167
3047,107,111,218
3047,113,110,223
3047,110,101,211
3047,181,188,369
3047,116,94,210
3047,131,131,262
3047,114,128,242
3047,222,199,421
3047,89,78,167
3047,102,82,184
3047,137,93,230
3047,109,123,232
3047,109,78,187
3047,181,188,369
3047,122,148,270
3047,116,92,208
3047,77,96,173
3048,119,102,221
3048,174,194,368
3048,125,129,254
3048,108,83,191
3048,123,105,228
3048,88,109,197
3048,77,92,169
3048,100,98,198
3048,114,134,248
3048,111,78,189
3048,92,91,183
3048,93,130,223
3048,110,109,219
3048,104,111,215
3048,197,182,379
3048,79,91,170
3048,174,194,368
3048,113,124,237
3048,108,154,262
3048,108,125,233
3048,87,77,164
3048,110,109,219
3048,124,149,273
3048,126,129,255
3048,109,119,228
3048,121,126,247
3048,77,92,169
3048,117,93,210
3048,116,115,231
3048,109,119,228
3048,113,92,205
3048,99,104,203
3048,128,91,219
3048,87,77,164
3048,131,128,259
3048,203,190,393
3048,122,94,216
3048,149,123,272
3048,197,137,334
3048,115,94,209
3049,75,84,159
3049,112,90,202
3049,104,114,218
3049,114,130,244
3049,109,78,187
3049,203,188,391
3049,104,82,186
3049,82,96,178
3049,137,106,243
3049,100,103,203
3049,75,84,159
3049,106,159,265
3049,177,188,365
3049,100,100,200
3049,177,188,365
3049,127,94,221
3049,108,112,220
3049,118,126,244
3049,99,114,213
3049,127,100,227
3049,124,145,269
3049,168,159,327
3049,117,98,215
3049,91,129,220
3049,78,75,153
3049,78,75,153
3049,112,127,239
3049,122,120,242
3049,92,90,182
3049,107,109,216
3049,190,178,368
3049,125,131,256
3049,90,113,203
3049,124,98,222
3049,131,130,261
3049,116,92,208
3049,108,112,220
3049,120,123,243
3049,107,109,216
3049,124,157,281
3050,93,126,219
3050,105,122,227
3050,91,87,178
3050,165,133,298
3050,124,148,272
3050,182,176,358
3050,130,130,260
3050,126,123,249
3050,108,89,197
3050,126,124,250
3050,77,74,151
3050,116,92,208
3050,110,175,285
3050,99,104,203
3050,107,107,214
3050,99,98,197
3050,83,99,182
3050,191,187,378
3050,109,84,193
3050,116,92,208
3050,191,187,378
3050,112,124,236
3050,75,87,162
3050,106,75,181
3050,116,112,228
3050,77,74,151
3050,116,136,252
3050,125,118,243
3050,89,111,200
3050,116,112,228
3050,106,125,231
3050,110,126,236
3050,107,107,214
3050,136,127,263
3050,139,122,261
3050,75,87,162
3050,121,99,220
3050,195,186,381
3050,92,118,210
3050,99,113,212
3051,98,125,223
3051,125,125,250
3051,127,159,286
3051,92,126,218
3051,161,150,311
3051,94,136,230
3051,97,98,195
3051,110,83,193
3051,115,92,207
3051,129,120,249
3051,110,127,237
3051,81,75,156
3051,109,112,221
3051,76,95,171
3051,124,90,214
3051,81,75,156
3051,109,177,286
3051,89,76,165
3051,136,131,267
3051,177,200,377
3051,102,109,211
3051,102,118,220
3051,177,200,377
3051,132,119,251
3051,113,131,244
3051,114,130,244
3051,118,92,210
3051,105,119,224
3051,132,128,260
3051,86,107,193
3051,109,78,187
3051,108,89,197
3051,76,95,171
3051,94,136,230
3051,109,112,221
3051,190,177,367
3051,124,123,247
3051,198,221,419
3051,87,108,195
3051,105,127,232
3052,76,88,164
3052,107,165,272
3052,114,130,244
3052,83,101,184
3052,89,78,167
3052,183,146,329
3052,134,126,260
3052,112,91,203
3052,125,160,285
3052,102,110,212
3052,141,114,255
3052,106,122,228
3052,83,99,182
3052,105,82,187
3052,145,121,266
3052,79,74,153
3052,79,74,153
3052,110,119,229
3052,147,133,280
3052,93,133,226
3052,90,118,208
3052,128,122,250
3052,126,124,250
3052,111,89,200
3052,96,87,183
3052,110,119,229
3052,117,91,208
3052,185,208,393
3052,200,221,421
3052,136,122,258
3052,109,126,235
3052,118,88,206
3052,120,77,197
3052,177,197,374
3052,106,128,234
3052,93,133,226
3052,76,88,164
3052,106,126,232
3052,96,128,224
3053,141,131,272
3053,126,149,275
3053,178,145,323
3053,94,78,172
3053,93,117,210
3053,92,80,172
3053,218,197,415
3053,92,117,209
3053,114,127,241
3053,136,93,229
3053,109,89,198
3053,129,99,228
3053,135,112,247
3053,142,131,273
3053,92,129,221
3053,124,119,243
3053,124,152,276
3053,133,122,255
3053,220,196,416
3053,119,93,212
3053,109,125,234
3053,91,115,206
3053,111,92,203
3053,77,86,163
3053,119,71,190
3053,92,129,221
3053,82,98,180
3053,103,150,253
3053,77,74,151
3053,101,108,209
3053,82,96,178
3053,77,74,151
3053,176,198,374
3053,100,84,184
3053,77,86,163
3053,136,93,229
3053,127,104,231
3053,129,125,254
3053,139,113,252
3054,136,128,264
3054,109,83,192
3054,106,87,193
3054,98,82,180
3054,95,90,185
3054,108,113,221
3054,123,143,266
3054,117,103,220
3054,196,207,403
3054,95,130,225
3054,173,175,348
3054,81,92,173
3054,129,110,239
3054,111,89,200
3054,110,123,233
3054,122,117,239
3054,89,128,217
3054,97,79,176
3054,128,99,227
3054,132,129,261
3054,102,111,213
3054,121,76,197
3054,108,115,223
3054,180,146,326
3054,77,74,151
3054,119,93,212
3054,102,141,243
3054,126,157,283
3054,201,193,394
3054,122,120,242
3054,138,125,263
3054,133,112,245
3054,76,82,158
3054,81,94,175
3054,91,113,204
3054,76,82,158
3054,77,74,151
3054,108,115,223
3054,89,128,217
3055,102,114,216
3055,134,124,258
3055,192,192,384
3055,104,142,246
3055,81,92,173
3055,87,119,206
3055,136,128,264
3055,87,119,206
3055,98,81,179
3055,125,94,219
3055,128,164,292
3055,107,138,245
3055,106,103,209
3055,76,86,162
3055,132,130,262
3055,106,103,209
3055,97,82,179
3055,107,93,200
3055,123,138,261
3055,121,103,224
3055,129,111,240
3055,138,124,262
3055,123,80,203
3055,99,78,177
3055,82,94,176
3055,105,122,227
3055,185,181,366
3055,212,195,407
3055,76,86,162
3055,107,120,227
3055,128,119,247
3055,110,122,232
3055,118,87,205
3055,112,91,203
3055,176,146,322
3055,83,75,158
3055,83,75,158
3055,94,133,227
3055,100,85,185
3056,93,79,172
3056,131,97,228
3056,139,158,297
3056,107,137,244
3056,192,185,377
3056,114,146,260
3056,107,117,224
3056,98,76,174
3056,87,74,161
3056,116,97,213
3056,97,80,177
3056,123,129,252
3056,182,190,372
3056,85,110,195
3056,182,148,330
3056,115,92,207
3056,87,74,161
3056,106,103,209
3056,199,183,382
3056,138,126,264
3056,106,103,209
3056,81,91,172
3056,129,123,252
3056,100,107,207
3056,118,92,210
3056,110,125,235
3056,124,142,266
3056,139,112,251
3056,99,85,184
3056,91,111,202
3056,125,83,208
3056,85,110,195
3056,83,101,184
3056,79,90,169
3056,127,158,285
3056,120,146,266
3056,94,131,225
3056,79,90,169
3056,109,99,208
3057,133,125,258
3057,81,95,176
3057,129,96,225
3057,75,85,160
3057,93,79,172
3057,90,110,200
3057,105,103,208
3057,122,123,245
3057,75,85,160
3057,92,124,216
3057,107,88,195
3057,85,81,166
3057,171,143,314
3057,127,84,211
3057,86,75,161
3057,114,143,257
3057,82,93,175
3057,93,83,176
3057,125,140,265
3057,117,102,219
3057,112,131,243
3057,105,103,208
3057,113,132,245
3057,86,111,197
3057,131,165,296
3057,210,186,396
3057,86,111,197
3057,176,207,383
3057,86,75,161
3057,193,217,410
3057,122,108,230
3057,169,142,311
3057,126,133,259
3057,112,91,203
3057,101,104,205
3057,134,121,255
3057,120,99,219
3057,108,121,229
3057,96,77,173
3058,125,135,260
3058,76,91,167
3058,117,106,223
3058,125,81,206
3058,88,116,204
3058,171,143,314
3058,210,187,397
3058,118,105,223
3058,120,98,218
3058,90,87,177
3058,103,125,228
3058,104,86,190
3058,123,124,247
3058,140,125,265
3058,109,119,228
3058,150,134,284
3058,133,169,302
3058,211,200,411
3058,89,76,165
3058,79,74,153
3058,91,118,209
3058,104,115,219
3058,79,74,153
3058,141,127,268
3058,201,184,385
3058,82,92,174
3058,95,79,174
3058,119,125,244
3058,79,88,167
3058,108,143,251
3058,111,91,202
3058,115,100,215
3058,106,102,208
3058,90,107,197
3058,88,116,204
3058,112,124,236
3058,137,112,249
3058,106,102,208
3058,76,91,167
3059,135,176,311
3059,202,211,413
3059,131,125,256
3059,85,113,198
3059,85,113,198
3059,75,70,145
3059,127,132,259
3059,192,220,412
3059,104,116,220
3059,98,81,179
3059,117,123,240
3059,133,111,244
3059,155,126,281
3059,131,97,228
3059,81,100,181
3059,135,101,236
3059,159,138,297
3059,80,90,170
3059,103,85,188
3059,108,120,228
3059,81,100,181
3059,82,93,175
3059,107,110,217
3059,123,75,198
3059,110,140,250
3059,116,94,210
3059,90,76,166
3059,114,105,219
3059,75,70,145
3059,87,77,164
3059,173,202,375
3059,119,99,218
3059,116,106,222
3059,90,108,198
3059,102,100,202
3059,110,142,252
3059,107,110,217
3059,113,128,241
3059,160,139,299
3060,83,112,195
3060,134,111,245
3060,122,124,246
3060,102,142,244
3060,109,116,225
3060,99,81,180
3060,107,114,221
3060,104,115,219
3060,109,130,239
3060,105,85,190
3060,73,80,153
3060,107,114,221
3060,113,92,205
3060,105,98,203
3060,90,77,167
3060,86,112,198
3060,138,133,271
3060,135,104,239
3060,130,146,276
3060,201,221,422
3060,157,159,316
3060,172,196,368
3060,131,122,253
3060,81,91,172
3060,117,105,222
3060,130,98,228
3060,82,96,178
3060,103,101,204
3060,201,213,414
3060,123,126,249
3060,93,105,198
3060,181,148,329
3060,86,112,198
3060,127,101,228
3060,101,114,215
3060,73,80,153
3060,123,72,195
3060,83,112,195
3060,115,86,201
3061,92,103,195
3061,71,73,144
3061,207,231,438
3061,101,80,181
3061,137,104,241
3061,82,109,191
3061,158,137,295
3061,102,102,204
3061,71,73,144
3061,201,203,404
3061,132,174,306
3061,85,107,192
3061,165,165,330
3061,132,123,255
3061,108,87,195
3061,94,81,175
3061,104,161,265
3061,123,120,243
3061,166,185,351
3061,121,99,220
3061,115,134,249
3061,107,90,197
3061,81,93,174
3061,158,126,284
3061,90,81,171
3061,103,122,225
3061,129,110,239
3061,82,109,191
3061,85,107,192
3061,116,102,218
3061,82,95,177
3061,108,118,226
3061,124,124,248
3061,108,118,226
3061,106,120,226
3061,109,136,245
3061,109,104,213
3061,132,72,204
3061,104,115,219
3062,108,114,222
3062,84,104,188
3062,130,145,275
3062,102,149,251
3062,128,118,246
3062,166,162,328
3062,124,126,250
3062,109,87,196
3062,115,124,239
3062,93,82,175
3062,98,105,203
3062,217,205,422
3062,84,104,188
3062,107,95,202
3062,136,182,318
3062,82,112,194
3062,108,114,222
3062,104,85,189
3062,128,73,201
3062,104,115,219
3062,108,131,239
3062,164,175,339
3062,83,96,179
3062,131,103,234
3062,82,95,177
3062,82,112,194
3062,93,106,199
3062,74,73,147
3062,104,81,185
3062,109,122,231
3062,120,105,225
3062,127,94,221
3062,141,164,305
3062,107,104,211
3062,114,104,218
3062,74,73,147
3062,111,105,216
3062,114,94,208
3062,198,193,391
3063,111,88,199
3063,120,106,226
3063,70,73,143
3063,164,174,338
3063,85,103,188
3063,131,126,257
3063,82,111,193
3063,129,74,203
3063,128,103,231
3063,106,123,229
3063,111,125,236
3063,117,96,213
3063,141,164,305
3063,197,199,396
3063,134,182,316
3063,120,104,224
3063,108,115,223
3063,106,125,231
3063,131,146,277
3063,104,81,185
3063,78,87,165
3063,108,115,223
3063,81,92,173
3063,91,82,173
3063,204,212,416
3063,85,103,188
3063,104,153,257
3063,82,111,193
3063,125,122,247
3063,130,95,225
3063,94,81,175
3063,133,122,255
3063,120,98,218
3063,112,106,218
3063,167,166,333
3063,98,105,203
3063,92,108,200
3063,70,73,143
3063,114,105,219
3064,109,115,224
3064,132,149,281
3064,109,115,224
3064,82,94,176
3064,200,199,399
3064,111,105,216
3064,106,98,204
3064,86,107,193
3064,84,118,202
3064,198,208,406
3064,119,122,241
3064,103,117,220
3064,95,111,206
3064,141,126,267
3064,127,74,201
3064,77,79,156
3064,112,106,218
3064,126,101,227
3064,169,164,333
3064,84,118,202
3064,107,86,193
3064,121,106,227
3064,130,141,271
3064,108,129,237
3064,72,75,147
3064,97,105,202
3064,115,87,202
3064,139,125,264
3064,164,171,335
3064,134,187,321
3064,111,92,203
3064,109,115,224
3064,101,152,253
3064,90,85,175
3064,86,107,193
3064,128,102,230
3064,111,134,245
3064,94,82,176
3064,72,75,147
3065,88,114,202
3065,97,86,183
3065,119,87,206
3065,116,122,238
3065,109,122,231
3065,115,107,222
3065,115,88,203
3065,100,124,224
3065,117,104,221
3065,131,122,253
3065,94,110,204
3065,170,164,334
3065,78,85,163
3065,114,92,206
3065,111,103,214
3065,73,75,148
3065,82,95,177
3065,73,75,148
3065,143,126,269
3065,84,112,196
3065,157,124,281
3065,110,135,245
3065,107,117,224
3065,99,114,213
3065,95,86,181
3065,101,99,200
3065,107,117,224
3065,200,200,400
3065,200,213,413
3065,129,167,296
3065,102,120,222
3065,88,114,202
3065,110,130,240
3065,164,168,332
3065,84,112,196
3065,137,132,269
3065,139,104,243
3065,102,151,253
3065,128,74,202
3066,146,125,271
3066,202,151,353
3066,100,145,245
3066,107,125,232
3066,103,87,190
3066,97,89,186
3066,121,109,230
3066,94,108,202
3066,135,123,258
3066,80,103,183
3066,87,114,201
3066,195,206,401
3066,164,173,337
3066,123,99,222
3066,97,86,183
3066,112,140,252
3066,80,103,183
3066,110,129,239
3066,137,130,267
3066,107,110,217
3066,101,116,217
3066,161,123,284
3066,109,116,225
3066,87,114,201
3066,117,85,202
3066,117,123,240
3066,71,75,146
3066,200,206,406
3066,124,155,279
3066,96,97,193
3066,120,107,227
3066,115,87,202
3066,83,92,175
3066,107,104,211
3066,107,110,217
3066,71,75,146
3066,81,92,173
3066,112,102,214
3066,123,74,197
3067,123,75,198
3067,117,104,221
3067,199,186,385
3067,109,114,223
3067,110,129,239
3067,109,114,223
3067,80,90,170
3067,137,105,242
3067,86,113,199
3067,80,100,180
3067,104,142,246
3067,96,84,180
3067,71,72,143
3067,127,110,237
3067,71,72,143
3067,118,88,206
3067,99,89,188
3067,146,126,272
3067,114,87,201
3067,114,147,261
3067,166,179,345
3067,153,128,281
3067,107,104,211
3067,95,94,189
3067,107,112,219
3067,116,102,218
3067,91,104,195
3067,99,111,210
3067,192,147,339
3067,80,100,180
3067,124,154,278
3067,100,86,186
3067,86,113,199
3067,145,133,278
3067,85,97,182
3067,200,202,402
3067,119,98,217
3067,122,125,247
3067,148,121,269
3068,121,100,221
3068,128,106,234
3068,99,113,212
3068,93,104,197
3068,113,147,260
3068,201,204,405
3068,123,74,197
3068,98,88,186
3068,103,145,248
3068,81,105,186
3068,79,86,165
3068,148,121,269
3068,125,126,251
3068,84,95,179
3068,101,91,192
3068,110,105,215
3068,90,82,172
3068,135,94,229
3068,103,83,186
3068,111,100,211
3068,71,75,146
3068,148,133,281
3068,144,124,268
3068,112,106,218
3068,109,115,224
3068,112,138,250
3068,123,89,212
3068,86,110,196
3068,197,149,346
3068,131,105,236
3068,104,87,191
3068,170,188,358
3068,154,131,285
3068,197,187,384
3068,135,94,229
3068,81,105,186
3068,71,75,146
3068,126,147,273
3068,86,110,196
3069,81,107,188
3069,127,163,290
3069,78,81,159
3069,86,109,195
3069,198,150,348
3069,110,75,185
3069,116,132,248
3069,109,101,210
3069,115,109,224
3069,86,109,195
3069,111,101,212
3069,136,95,231
3069,96,85,181
3069,109,85,194
3069,126,90,216
3069,112,136,248
3069,124,120,244
3069,160,124,284
3069,201,186,387
3069,126,126,252
3069,69,74,143
3069,105,153,258
3069,126,104,230
3069,100,93,193
3069,81,107,188
3069,106,104,210
3069,101,91,192
3069,95,109,204
3069,136,95,231
3069,120,99,219
3069,202,200,402
3069,174,200,374
3069,99,110,209
3069,112,147,259
3069,126,79,205
3069,99,86,185
3069,69,74,143
3069,151,133,284
3069,133,149,282
3070,116,140,256
3070,97,111,208
3070,82,118,200
3070,135,131,266
3070,200,185,385
3070,140,124,264
3070,97,100,197
3070,131,173,304
3070,128,91,219
3070,97,100,197
3070,128,91,219
3070,86,108,194
3070,100,110,210
3070,132,138,270
3070,194,148,342
3070,124,80,204
3070,205,214,419
3070,99,91,190
3070,104,91,195
3070,82,118,200
3070,71,74,145
3070,128,104,232
3070,93,84,177
3070,127,100,227
3070,107,75,182
3070,94,110,204
3070,79,85,164
3070,173,199,372
3070,86,108,194
3070,100,98,198
3070,160,124,284
3070,106,165,271
3070,99,85,184
3070,91,129,220
3070,123,124,247
3070,122,133,255
3070,108,84,192
3070,116,108,224
3070,111,136,247
3070,71,74,145
3071,101,121,222
3071,113,92,205
3071,81,111,192
3071,133,121,254
3071,194,147,341
3071,92,110,202
3071,108,115,223
3071,206,227,433
3071,120,107,227
3071,122,88,210
3071,113,76,189
3071,83,81,164
3071,102,117,219
3071,119,125,244
3071,84,100,184
3071,162,123,285
3071,124,99,223
3071,98,84,182
3071,84,100,184
3071,128,124,252
3071,74,74,148
3071,135,112,247
3071,78,89,167
3071,126,88,214
3071,74,74,148
3071,81,111,192
3071,107,84,191
3071,111,176,287
3071,126,103,229
3071,108,115,223
3071,112,133,245
3071,125,152,277
3071,95,84,179
3071,146,134,280
3071,102,100,202
3071,171,197,368
3071,193,186,379
3071,118,130,248
3071,101,121,222
3071,89,117,206
3072,85,100,185
3072,137,111,248
3072,75,76,151
3072,169,190,359
3072,122,104,226
3072,125,153,278
3072,106,110,216
3072,114,107,221
3072,82,107,189
3072,192,148,340
3072,108,103,211
3072,87,111,198
3072,103,130,233
3072,103,130,233
3072,196,184,380
3072,116,122,238
3072,106,110,216
3072,99,82,181
3072,124,110,234
3072,129,119,248
3072,166,124,290
3072,80,92,172
3072,82,107,189
3072,111,174,285
3072,75,76,151
3072,95,83,178
3072,143,132,275
3072,98,89,187
3072,208,207,415
3072,85,100,185
3072,101,117,218
3072,124,123,247
3072,114,77,191
3072,85,82,167
3072,90,104,194
3072,121,87,208
3072,126,84,210
3072,114,147,261
3072,116,92,208
3072,100,124,224
3073,168,188,356
3073,87,102,189
3073,129,96,225
3073,110,92,202
3073,118,108,226
3073,105,130,235
3073,72,83,155
3073,108,168,276
3073,146,119,265
3073,124,148,272
3073,110,84,194
3073,93,81,174
3073,125,123,248
3073,93,117,210
3073,101,126,227
3073,99,83,182
3073,117,129,246
3073,88,83,171
3073,87,102,189
3073,113,105,218
3073,82,107,189
3073,124,104,228
3073,72,83,155
3073,132,111,243
3073,84,102,186
3073,102,95,197
3073,82,96,178
3073,197,186,383
3073,102,95,197
3073,196,150,346
3073,105,130,235
3073,102,117,219
3073,86,109,195
3073,114,142,256
3073,222,212,434
3073,98,89,187
3073,140,132,272
3073,82,107,189
3073,115,108,223
3073,127,118,245
3074,90,83,173
3074,112,172,284
3074,198,149,347
3074,70,76,146
3074,92,83,175
3074,118,110,228
3074,96,91,187
3074,100,95,195
3074,122,123,245
3074,124,111,235
3074,130,96,226
3074,118,110,228
3074,84,104,188
3074,199,209,408
3074,115,146,261
3074,111,77,188
3074,127,122,249
3074,147,121,268
3074,102,82,184
3074,82,102,184
3074,130,131,261
3074,127,99,226
3074,90,98,188
3074,82,100,182
3074,197,189,386
3074,102,94,196
3074,102,94,196
3074,121,142,263
3074,127,147,274
3074,127,104,231
3074,70,76,146
3074,131,102,233
3074,166,179,345
3074,88,102,190
3074,119,108,227
3074,82,102,184
3074,88,102,190
3074,111,85,196
3074,115,105,220
3074,129,109,238
3075,82,101,183
3075,125,149,274
3075,109,102,211
3075,91,106,197
3075,133,126,259
3075,100,82,182
3075,125,103,228
3075,104,82,186
3075,82,106,188
3075,111,78,189
3075,90,84,174
3075,89,109,198
3075,118,95,213
3075,114,107,221
3075,97,90,187
3075,113,142,255
3075,129,93,222
3075,167,178,345
3075,139,153,292
3075,75,76,151
3075,89,109,198
3075,110,106,216
3075,110,84,194
3075,126,155,281
3075,110,106,216
3075,104,82,186
3075,122,95,217
3075,123,108,231
3075,75,76,151
3075,221,212,433
3075,127,128,255
3075,141,120,261
3075,82,106,188
3075,185,145,330
3075,134,132,266
3075,127,111,238
3075,101,85,186
3075,194,190,384
3075,84,103,187
3075,96,90,186
3076,125,89,214
3076,100,89,189
3076,117,108,225
3076,96,84,180
3076,105,105,210
3076,198,190,388
3076,84,103,187
3076,124,152,276
3076,131,118,249
3076,140,124,264
3076,105,105,210
3076,109,77,186
3076,100,83,183
3076,173,142,315
3076,83,110,193
3076,116,106,222
3076,112,98,210
3076,112,83,195
3076,83,110,193
3076,90,114,204
3076,100,82,182
3076,118,95,213
3076,127,158,285
3076,82,78,160
3076,90,114,204
3076,125,95,220
3076,219,211,430
3076,83,100,183
3076,125,123,248
3076,89,96,185
3076,133,112,245
3076,93,85,178
3076,111,136,247
3076,100,83,183
3076,96,83,179
3076,110,103,213
3076,82,78,160
3076,130,134,264
3076,169,171,340
3076,141,153,294
3077,132,129,261
3077,213,210,423
3077,131,151,282
3077,86,96,182
3077,195,188,383
3077,123,107,230
3077,103,86,189
3077,115,104,219
3077,127,111,238
3077,173,142,315
3077,140,125,265
3077,136,113,249
3077,90,115,205
3077,125,95,220
3077,75,75,150
3077,109,92,201
3077,95,82,177
3077,125,149,274
3077,89,84,173
3077,124,89,213
3077,136,113,249
3077,177,170,347
3077,75,75,150
3077,100,81,181
3077,111,128,239
3077,132,123,255
3077,123,147,270
3077,81,108,189
3077,81,97,178
3077,144,122,266
3077,136,113,249
3077,100,74,174
3077,100,81,181
3077,90,115,205
3077,117,101,218
3077,108,82,190
3077,82,96,178
3077,96,95,191
3077,97,82,179
3077,81,108,189
3078,107,130,237
3078,196,194,390
3078,107,130,237
3078,104,90,194
3078,118,105,223
3078,135,131,266
3078,92,118,210
3078,117,100,217
3078,92,118,210
3078,151,122,273
3078,128,121,249
3078,111,122,233
3078,169,170,339
3078,73,75,148
3078,97,82,179
3078,96,92,188
3078,78,80,158
3078,112,91,203
3078,110,146,256
3078,103,82,185
3078,127,94,221
3078,123,121,244
3078,132,97,229
3078,129,112,241
3078,87,91,178
3078,82,98,180
3078,178,144,322
3078,112,91,203
3078,132,108,240
3078,102,74,176
3078,82,100,182
3078,97,86,183
3078,132,150,282
3078,102,92,194
3078,230,214,444
3078,102,92,194
3078,73,75,148
3078,126,110,236
3078,122,144,266
3078,108,80,188
3079,105,90,195
3079,118,148,266
3079,90,113,203
3079,124,123,247
3079,103,90,193
3079,126,151,277
3079,128,99,227
3079,125,123,248
3079,74,75,149
3079,104,120,224
3079,124,106,230
3079,179,145,324
3079,148,119,267
3079,131,110,241
3079,99,81,180
3079,74,75,149
3079,105,90,195
3079,196,190,386
3079,106,129,235
3079,103,93,196
3079,90,113,203
3079,106,129,235
3079,167,175,342
3079,105,80,185
3079,78,81,159
3079,103,93,196
3079,98,98,196
3079,108,76,184
3079,146,135,281
3079,84,105,189
3079,228,212,440
3079,95,79,174
3079,133,113,246
3079,118,133,251
3079,88,100,188
3079,120,103,223
3079,110,123,233
3079,95,83,178
3079,114,103,217
3079,83,99,182
3080,98,81,179
3080,91,112,203
3080,98,88,186
3080,78,76,154
3080,103,90,193
3080,166,171,337
3080,106,94,200
3080,81,97,178
3080,119,131,250
3080,124,103,227
3080,111,146,257
3080,128,133,261
3080,93,79,172
3080,108,135,243
3080,108,135,243
3080,104,79,183
3080,78,84,162
3080,97,101,198
3080,107,75,182
3080,206,220,426
3080,83,103,186
3080,137,113,250
3080,89,99,188
3080,109,121,230
3080,228,214,442
3080,105,101,206
3080,106,87,193
3080,185,146,331
3080,137,152,289
3080,106,94,200
3080,78,76,154
3080,123,108,231
3080,91,112,203
3080,155,122,277
3080,127,92,219
3080,125,124,249
3080,98,88,186
3080,120,108,228
3080,149,132,281
3080,104,119,223
3081,80,94,174
3081,113,130,243
3081,103,73,176
3081,127,135,262
3081,94,88,182
3081,135,112,247
3081,90,110,200
3081,107,128,235
3081,107,128,235
3081,106,79,185
3081,77,89,166
3081,201,203,404
3081,83,100,183
3081,227,214,441
3081,91,108,199
3081,108,101,209
3081,136,130,266
3081,150,120,270
3081,117,107,224
3081,127,94,221
3081,178,143,321
3081,90,110,200
3081,132,150,282
3081,101,89,190
3081,104,83,187
3081,94,88,182
3081,122,103,225
3081,116,122,238
3081,104,93,197
3081,130,123,253
3081,104,93,197
3081,113,90,203
3081,170,170,340
3081,117,150,267
3081,98,98,196
3081,77,75,152
3081,128,98,226
3081,94,78,172
3081,77,75,152
3081,129,112,241
3082,116,138,254
3082,170,169,339
3082,81,101,182
3082,78,91,169
3082,115,148,263
3082,90,110,200
3082,72,74,146
3082,92,110,202
3082,97,90,187
3082,97,90,187
3082,115,93,208
3082,203,187,390
3082,127,113,240
3082,110,103,213
3082,127,111,238
3082,72,74,146
3082,127,132,259
3082,90,110,200
3082,81,97,178
3082,133,146,279
3082,230,215,445
3082,105,99,204
3082,122,103,225
3082,105,99,204
3082,127,91,218
3082,112,138,250
3082,124,120,244
3082,95,76,171
3082,102,120,222
3082,105,121,226
3082,124,125,249
3082,95,93,188
3082,96,71,167
3082,114,107,221
3082,106,85,191
3082,130,132,262
3082,93,79,172
3082,180,144,324
3082,102,120,222
3082,97,88,185
3083,166,170,336
3083,121,101,222
3083,125,80,205
3083,106,96,202
3083,135,111,246
3083,223,211,434
3083,126,126,252
3083,91,121,212
3083,131,153,284
3083,133,140,273
3083,123,125,248
3083,104,119,223
3083,127,130,257
3083,100,91,191
3083,103,99,202
3083,89,106,195
3083,112,106,218
3083,183,147,330
3083,130,142,272
3083,91,121,212
3083,112,85,197
3083,106,96,202
3083,110,129,239
3083,93,77,170
3083,103,120,223
3083,97,71,168
3083,96,89,185
3083,103,120,223
3083,95,82,177
3083,97,91,188
3083,118,93,211
3083,76,91,167
3083,72,75,147
3083,100,91,191
3083,203,186,389
3083,142,120,262
3083,125,154,279
3083,82,98,180
3083,82,98,180
3083,72,75,147
3084,125,94,219
3084,166,141,307
3084,106,131,237
3084,94,82,176
3084,97,89,186
3084,109,105,214
3084,102,112,214
3084,127,139,266
3084,101,73,174
3084,119,124,243
3084,106,131,237
3084,168,168,336
3084,82,99,181
3084,108,84,192
3084,95,89,184
3084,81,98,179
3084,126,87,213
3084,108,101,209
3084,124,111,235
3084,127,123,250
3084,183,146,329
3084,108,101,209
3084,125,128,253
3084,114,181,295
3084,100,100,200
3084,205,189,394
3084,92,120,212
3084,101,89,190
3084,126,151,277
3084,73,74,147
3084,92,120,212
3084,106,120,226
3084,89,96,185
3084,115,101,216
3084,210,206,416
3084,96,94,190
3084,73,74,147
3084,101,89,190
3084,114,143,257
3084,77,91,168
3085,118,101,219
3085,107,83,190
3085,174,142,316
3085,134,173,307
3085,100,110,210
3085,131,144,275
3085,97,85,182
3085,102,89,191
3085,101,90,191
3085,92,122,214
3085,76,80,156
3085,107,96,203
3085,201,202,403
3085,126,120,246
3085,132,113,245
3085,124,80,204
3085,84,104,188
3085,81,97,178
3085,113,171,284
3085,128,94,222
3085,76,80,156
3085,196,185,381
3085,115,140,255
3085,101,90,191
3085,98,89,187
3085,110,132,242
3085,110,132,242
3085,107,76,183
3085,95,86,181
3085,76,90,166
3085,99,101,200
3085,107,121,228
3085,179,172,351
3085,116,127,243
3085,92,122,214
3085,88,100,188
3085,107,96,203
3085,122,109,231
3085,126,133,259
3085,135,163,298
3086,93,128,221
3086,93,80,173
3086,121,107,228
3086,108,136,244
3086,108,136,244
3086,96,95,191
3086,164,142,306
3086,101,112,213
3086,196,186,382
3086,103,98,201
3086,134,153,287
3086,125,131,256
3086,83,82,165
3086,123,93,216
3086,82,97,179
3086,134,179,313
3086,109,93,202
3086,212,239,451
3086,133,150,283
3086,108,92,200
3086,134,113,247
3086,75,87,162
3086,122,76,198
3086,96,88,184
3086,84,107,191
3086,113,170,283
3086,119,137,256
3086,95,88,183
3086,128,106,234
3086,178,170,348
3086,95,88,183
3086,107,73,180
3086,107,121,228
3086,74,78,152
3086,74,78,152
3086,113,133,246
3086,93,128,221
3086,108,92,200
3086,107,83,190
3086,131,122,253
3087,128,121,249
3087,211,218,429
3087,116,90,206
3087,88,87,175
3087,131,106,237
3087,117,96,213
3087,76,81,157
3087,110,126,236
3087,98,101,199
3087,163,142,305
3087,85,87,172
3087,128,125,253
3087,108,92,200
3087,131,143,274
3087,140,114,254
3087,134,111,245
3087,120,103,223
3087,118,135,253
3087,178,169,347
3087,102,99,201
3087,94,130,224
3087,84,105,189
3087,96,89,185
3087,112,127,239
3087,98,103,201
3087,77,99,176
3087,107,109,216
3087,107,109,216
3087,76,81,157
3087,102,72,174
3087,131,138,269
3087,88,87,175
3087,160,162,322
3087,108,92,200
3087,202,186,388
3087,98,79,177
3087,106,83,189
3087,113,170,283
3087,94,130,224
3087,81,101,182
3088,131,141,272
3088,109,109,218
3088,81,99,180
3088,108,100,208
3088,118,125,243
3088,99,73,172
3088,108,100,208
3088,98,81,179
3088,109,109,218
3088,140,114,254
3088,102,120,222
3088,82,86,168
3088,81,99,180
3088,92,87,179
3088,100,101,201
3088,111,123,234
3088,78,101,179
3088,84,100,184
3088,132,136,268
3088,127,121,248
3088,215,230,445
3088,112,90,202
3088,197,198,395
3088,115,171,286
3088,84,105,189
3088,129,142,271
3088,126,111,237
3088,91,126,217
3088,133,117,250
3088,168,139,307
3088,97,93,190
3088,91,126,217
3088,97,101,198
3088,115,95,210
3088,106,83,189
3088,118,102,220
3088,92,87,179
3088,152,158,310
3088,107,125,232
3088,169,169,338
3089,78,101,179
3089,84,102,186
3089,114,108,222
3089,83,85,168
3089,112,114,226
3089,80,98,178
3089,96,98,194
3089,90,121,211
3089,100,102,202
3089,196,193,389
3089,113,164,277
3089,90,121,211
3089,120,96,216
3089,131,134,265
3089,127,95,222
3089,96,88,184
3089,118,93,211
3089,130,148,278
3089,84,104,188
3089,134,155,289
3089,163,141,304
3089,213,234,447
3089,97,95,192
3089,136,114,250
3089,105,82,187
3089,107,119,226
3089,180,172,352
3089,129,106,235
3089,115,125,240
3089,108,106,214
3089,100,74,174
3089,80,98,178
3089,114,108,222
3089,138,112,250
3089,108,81,189
3089,108,106,214
3089,98,92,190
3089,131,142,273
3089,96,88,184
3089,151,160,311
3090,129,161,290
3090,99,82,181
3090,131,144,275
3090,127,96,223
3090,232,221,453
3090,109,124,233
3090,110,116,226
3090,127,91,218
3090,173,169,342
3090,97,72,169
3090,107,100,207
3090,75,96,171
3090,98,91,189
3090,107,148,255
3090,103,78,181
3090,81,103,184
3090,200,206,406
3090,125,111,236
3090,96,92,188
3090,133,147,280
3090,84,84,168
3090,125,111,236
3090,79,95,174
3090,107,132,239
3090,92,122,214
3090,101,105,206
3090,84,84,168
3090,79,95,174
3090,84,84,168
3090,92,122,214
3090,134,134,268
3090,167,148,315
3090,121,95,216
3090,92,92,184
3090,129,133,262
3090,125,105,230
3090,107,100,207
3090,114,125,239
3090,84,107,191
3090,139,113,252
3091,81,98,179
3091,106,83,189
3091,77,100,177
3091,84,83,167
3091,78,93,171
3091,111,129,240
3091,85,80,165
3091,141,167,308
3091,110,142,252
3091,115,107,222
3091,117,136,253
3091,101,110,211
3091,164,142,306
3091,98,77,175
3091,107,96,203
3091,124,103,227
3091,107,96,203
3091,84,83,167
3091,125,107,232
3091,100,71,171
3091,138,184,322
3091,115,107,222
3091,78,93,171
3091,95,92,187
3091,132,133,265
3091,92,121,213
3091,173,168,341
3091,126,95,221
3091,92,121,213
3091,128,133,261
3091,115,133,248
3091,91,88,179
3091,118,94,212
3091,231,203,434
3091,109,135,244
3091,132,110,242
3091,220,212,432
3091,132,154,286
3091,82,102,184
3091,106,114,220
3092,123,126,249
3092,104,81,185
3092,106,99,205
3092,126,95,221
3092,109,133,242
3092,78,81,159
3092,101,73,174
3092,126,121,247
3092,157,133,290
3092,122,108,230
3092,202,211,413
3092,106,99,205
3092,77,101,178
3092,95,75,170
3092,112,127,239
3092,103,120,223
3092,107,106,213
3092,132,137,269
3092,91,124,215
3092,168,140,308
3092,107,106,213
3092,108,119,227
3092,118,102,220
3092,130,105,235
3092,81,98,179
3092,78,91,169
3092,85,99,184
3092,206,226,432
3092,117,94,211
3092,78,81,159
3092,78,91,169
3092,94,97,191
3092,171,169,340
3092,90,82,172
3092,168,141,309
3092,115,141,256
3092,110,142,252
3092,132,176,308
3092,93,87,180
3092,91,124,215
3093,130,130,260
3093,122,109,231
3093,181,145,326
3093,78,101,179
3093,97,70,167
3093,116,142,258
3093,147,130,277
3093,119,126,245
3093,122,94,216
3093,168,170,338
3093,133,170,303
3093,94,76,170
3093,74,82,156
3093,205,215,420
3093,107,119,226
3093,125,109,234
3093,87,98,185
3093,141,117,258
3093,130,105,235
3093,113,128,241
3093,107,97,204
3093,83,103,186
3093,104,121,225
3093,79,92,171
3093,94,85,179
3093,92,121,213
3093,93,96,189
3093,113,84,197
3093,135,122,257
3093,204,209,413
3093,113,92,205
3093,92,121,213
3093,122,109,231
3093,137,113,250
3093,107,97,204
3093,154,135,289
3093,79,92,171
3093,74,82,156
3093,84,79,163
3093,100,99,199
3094,101,99,200
3094,110,92,202
3094,126,95,221
3094,201,211,412
3094,130,119,249
3094,140,113,253
3094,134,113,247
3094,149,131,280
3094,100,111,211
3094,109,84,193
3094,129,111,240
3094,204,219,423
3094,107,119,226
3094,94,129,223
3094,78,101,179
3094,102,80,182
3094,115,143,258
3094,107,101,208
3094,94,129,223
3094,77,90,167
3094,77,87,164
3094,125,107,232
3094,149,132,281
3094,112,83,195
3094,125,107,232
3094,94,89,183
3094,77,87,164
3094,137,117,254
3094,84,107,191
3094,107,101,208
3094,190,145,335
3094,129,100,229
3094,88,98,186
3094,119,125,244
3094,131,169,300
3094,93,90,183
3094,94,71,165
3094,132,133,265
3094,77,90,167
3094,170,181,351
3095,93,124,217
3095,145,153,298
3095,179,142,321
3095,124,94,218
3095,90,90,180
3095,122,147,269
3095,108,104,212
3095,77,95,172
3095,100,72,172
3095,98,103,201
3095,79,88,167
3095,113,86,199
3095,171,183,354
3095,129,100,229
3095,108,104,212
3095,77,95,172
3095,94,75,169
3095,125,110,235
3095,112,130,242
3095,102,107,209
3095,127,125,252
3095,115,123,238
3095,101,98,199
3095,121,111,232
3095,113,84,197
3095,197,185,382
3095,136,129,265
3095,82,112,194
3095,128,120,248
3095,106,106,212
3095,104,85,189
3095,107,134,241
3095,208,224,432
3095,93,124,217
3095,79,88,167
3095,85,97,182
3095,122,94,216
3095,143,127,270
3095,104,111,215
3095,106,106,212
3096,212,236,448
3096,99,120,219
3096,141,128,269
3096,95,74,169
3096,107,106,213
3096,92,93,185
3096,113,128,241
3096,107,116,223
3096,124,127,251
3096,79,90,169
3096,102,72,174
3096,97,83,180
3096,107,106,213
3096,127,121,248
3096,129,112,241
3096,102,110,212
3096,99,102,201
3096,82,97,179
3096,171,182,353
3096,105,128,233
3096,123,145,268
3096,134,112,246
3096,182,145,327
3096,108,102,210
3096,113,124,237
3096,104,107,211
3096,107,88,195
3096,79,90,169
3096,116,92,208
3096,108,102,210
3096,94,129,223
3096,94,129,223
3096,161,159,320
3096,107,109,216
3096,114,86,200
3096,75,92,167
3096,151,127,278
3096,200,204,404
3096,116,84,200
3096,75,92,167
3097,91,87,178
3097,129,124,253
3097,84,97,181
3097,97,118,215
3097,125,136,261
3097,127,127,254
3097,202,208,410
3097,80,96,176
3097,74,87,161
3097,132,113,245
3097,103,88,191
3097,134,113,247
3097,162,128,290
3097,86,113,199
3097,105,96,201
3097,83,87,170
3097,110,122,232
3097,114,83,197
3097,183,143,326
3097,104,108,212
3097,105,96,201
3097,80,96,176
3097,95,131,226
3097,95,131,226
3097,156,157,313
3097,74,87,161
3097,107,129,236
3097,123,112,235
3097,114,142,256
3097,171,182,353
3097,109,110,219
3097,111,91,202
3097,92,95,187
3097,103,74,177
3097,130,120,250
3097,103,114,217
3097,112,126,238
3097,102,110,212
3097,123,112,235
3097,227,218,445
3098,110,82,192
3098,123,110,233
3098,128,127,255
3098,133,109,242
3098,104,93,197
3098,89,97,186
3098,86,111,197
3098,123,110,233
3098,101,117,218
3098,101,71,172
3098,80,98,178
3098,108,90,198
3098,108,141,249
3098,132,127,259
3098,170,179,349
3098,134,120,254
3098,103,111,214
3098,106,126,232
3098,95,135,230
3098,89,100,189
3098,73,85,158
3098,103,119,222
3098,113,131,244
3098,114,127,241
3098,127,96,223
3098,149,155,304
3098,113,92,205
3098,95,135,230
3098,91,89,180
3098,195,191,386
3098,128,110,238
3098,123,124,247
3098,80,98,178
3098,229,220,449
3098,73,85,158
3098,105,120,225
3098,181,143,324
3098,135,149,284
3098,104,93,197
3098,93,99,192
3099,163,158,321
3099,187,145,332
3099,100,80,180
3099,107,88,195
3099,91,107,198
3099,94,133,227
3099,98,71,169
3099,110,138,248
3099,128,128,256
3099,115,134,249
3099,104,91,195
3099,128,129,257
3099,86,111,197
3099,85,97,182
3099,75,88,163
3099,129,129,258
3099,233,222,455
3099,96,100,196
3099,90,85,175
3099,104,91,195
3099,94,133,227
3099,126,110,236
3099,75,88,163
3099,130,100,230
3099,82,102,184
3099,132,143,275
3099,201,190,391
3099,125,95,220
3099,103,120,223
3099,107,119,226
3099,100,113,213
3099,110,106,216
3099,130,120,250
3099,107,143,250
3099,82,102,184
3099,171,181,352
3099,108,91,199
3099,102,113,215
3099,110,106,216
3099,104,109,213
3100,105,118,223
3100,74,87,161
3100,83,97,180
3100,117,106,223
3100,83,107,190
3100,92,123,215
3100,100,86,186
3100,131,147,278
3100,91,84,175
3100,229,221,450
3100,126,95,221
3100,97,106,203
3100,112,93,205
3100,92,123,215
3100,173,181,354
3100,201,150,351
3100,103,120,223
3100,102,109,211
3100,131,139,270
3100,84,83,167
3100,104,111,215
3100,114,107,221
3100,148,155,303
3100,135,113,248
3100,131,119,250
3100,112,130,242
3100,107,148,255
3100,103,88,191
3100,205,190,395
3100,136,126,262
3100,83,107,190
3100,130,104,234
3100,98,72,170
3100,100,110,210
3100,126,131,257
3100,114,107,221
3100,74,87,161
3100,84,107,191
3100,103,88,191
3100,101,80,181
3101,138,176,314
3101,102,110,212
3101,107,142,249
3101,205,189,394
3101,82,105,187
3101,87,80,167
3101,92,120,212
3101,82,105,187
3101,103,88,191
3101,103,107,210
3101,107,81,188
3101,96,71,167
3101,98,105,203
3101,92,120,212
3101,179,201,380
3101,123,123,246
3101,200,152,352
3101,105,94,199
3101,102,109,211
3101,117,95,212
3101,102,105,207
3101,103,114,217
3101,125,109,234
3101,100,112,212
3101,102,105,207
3101,136,121,257
3101,77,96,173
3101,110,104,214
3101,131,132,263
3101,89,82,171
3101,241,223,464
3101,123,93,216
3101,127,132,259
3101,105,94,199
3101,85,101,186
3101,129,107,236
3101,83,109,192
3101,124,124,248
3101,112,124,236
3101,77,96,173
3102,131,130,261
3102,125,98,223
3102,107,108,215
3102,115,144,259
3102,73,81,154
3102,110,105,215
3102,104,120,224
3102,107,108,215
3102,168,164,332
3102,92,123,215
3102,104,91,195
3102,73,81,154
3102,104,88,192
3102,92,123,215
3102,102,108,210
3102,110,80,190
3102,84,101,185
3102,140,185,325
3102,165,130,295
3102,127,124,251
3102,231,221,452
3102,101,111,212
3102,112,117,229
3102,127,95,222
3102,81,103,184
3102,89,81,170
3102,104,91,195
3102,81,99,180
3102,81,99,180
3102,141,123,264
3102,123,127,250
3102,119,107,226
3102,102,115,217
3102,106,76,182
3102,175,197,372
3102,123,93,216
3102,90,88,178
3102,101,101,202
3102,213,194,407
3102,99,107,206
3103,155,125,280
3103,115,94,209
3103,107,81,188
3103,127,126,253
3103,90,119,209
3103,102,102,204
3103,101,118,219
3103,83,96,179
3103,90,119,209
3103,246,224,470
3103,129,126,255
3103,82,111,193
3103,175,194,369
3103,228,200,428
3103,83,86,169
3103,102,109,211
3103,103,88,191
3103,88,79,167
3103,117,91,208
3103,110,105,215
3103,111,121,232
3103,140,121,261
3103,75,79,154
3103,75,79,154
3103,81,100,181
3103,126,88,214
3103,111,76,187
3103,100,115,215
3103,103,88,191
3103,129,146,275
3103,82,111,193
3103,124,109,233
3103,101,118,219
3103,97,105,202
3103,107,124,231
3103,103,109,212
3103,102,89,191
3103,166,161,327
3103,113,125,238
3103,139,176,315
3104,85,100,185
3104,106,123,229
3104,78,92,170
3104,82,104,186
3104,78,92,170
3104,199,152,351
3104,83,107,190
3104,122,124,246
3104,124,82,206
3104,113,79,192
3104,91,120,211
3104,100,88,188
3104,101,112,213
3104,100,80,180
3104,110,141,251
3104,123,139,262
3104,96,77,173
3104,112,125,237
3104,96,105,201
3104,138,171,309
3104,110,141,251
3104,103,113,216
3104,129,122,251
3104,132,137,269
3104,105,113,218
3104,82,104,186
3104,100,80,180
3104,176,194,370
3104,90,84,174
3104,122,98,220
3104,228,197,425
3104,215,233,448
3104,125,130,255
3104,111,89,200
3104,91,120,211
3104,107,104,211
3104,132,136,268
3104,120,106,226
3104,101,98,199
3104,89,82,171
3105,115,105,220
3105,124,125,249
3105,103,80,183
3105,107,90,197
3105,113,106,219
3105,81,102,183
3105,130,126,256
3105,101,120,221
3105,111,124,235
3105,96,83,179
3105,102,111,213
3105,82,105,187
3105,227,198,425
3105,103,80,183
3105,104,118,222
3105,90,119,209
3105,107,132,239
3105,100,111,211
3105,164,158,322
3105,136,163,299
3105,98,104,202
3105,88,81,169
3105,81,102,183
3105,103,85,188
3105,177,203,380
3105,131,121,252
3105,94,93,187
3105,225,217,442
3105,128,90,218
3105,102,100,202
3105,83,93,176
3105,92,121,213
3105,133,142,275
3105,142,135,277
3105,83,109,192
3105,90,119,209
3105,119,139,258
3105,82,105,187
3105,103,109,212
3105,107,132,239
3106,78,88,166
3106,111,109,220
3106,80,99,179
3106,142,134,276
3106,88,88,176
3106,103,106,209
3106,141,123,264
3106,114,146,260
3106,83,96,179
3106,105,92,197
3106,105,92,197
3106,80,97,177
3106,92,92,184
3106,107,125,232
3106,200,212,412
3106,105,112,217
3106,189,180,369
3106,89,112,201
3106,133,158,291
3106,97,79,176
3106,155,126,281
3106,89,111,200
3106,107,125,232
3106,133,139,272
3106,101,101,202
3106,114,130,244
3106,221,212,433
3106,89,112,201
3106,111,111,222
3106,129,92,221
3106,78,88,166
3106,113,91,204
3106,101,123,224
3106,80,97,177
3106,164,154,318
3106,101,115,216
3106,137,163,300
3106,82,113,195
3106,93,94,187
3106,114,103,217
3107,76,80,156
3107,129,91,220
3107,147,129,276
3107,102,115,217
3107,131,102,233
3107,83,98,181
3107,102,115,217
3107,112,126,238
3107,107,95,202
3107,80,97,177
3107,146,136,282
3107,89,111,200
3107,80,97,177
3107,113,117,230
3107,131,150,281
3107,99,89,188
3107,91,118,209
3107,106,115,221
3107,130,138,268
3107,211,219,430
3107,129,118,247
3107,89,111,200
3107,166,156,322
3107,84,116,200
3107,101,118,219
3107,139,174,313
3107,124,95,219
3107,114,104,218
3107,204,216,420
3107,93,93,186
3107,187,179,366
3107,85,82,167
3107,140,124,264
3107,81,99,180
3107,101,109,210
3107,107,95,202
3107,93,95,188
3107,103,110,213
3107,76,80,156
3107,116,166,282
3108,105,114,219
3108,80,81,161
3108,107,113,220
3108,102,107,209
3108,106,124,230
3108,148,125,273
3108,112,118,230
3108,110,118,228
3108,116,92,208
3108,205,185,390
3108,125,116,241
3108,124,160,284
3108,91,114,205
3108,210,221,431
3108,118,104,222
3108,140,173,313
3108,110,89,199
3108,89,79,168
3108,167,172,339
3108,81,101,182
3108,91,114,205
3108,107,99,206
3108,93,95,188
3108,119,177,296
3108,80,81,161
3108,79,93,172
3108,204,218,422
3108,94,90,184
3108,81,101,182
3108,125,96,221
3108,107,99,206
3108,144,124,268
3108,133,151,284
3108,128,136,264
3108,88,105,193
3108,102,115,217
3108,79,90,169
3108,106,124,230
3108,99,85,184
3108,131,108,239
3109,138,169,307
3109,211,228,439
3109,108,118,226
3109,93,119,212
3109,125,116,241
3109,90,113,203
3109,81,100,181
3109,109,103,212
3109,121,104,225
3109,87,83,170
3109,127,90,217
3109,112,117,229
3109,132,92,224
3109,109,103,212
3109,111,113,224
3109,94,92,186
3109,106,115,221
3109,78,90,168
3109,87,83,170
3109,153,127,280
3109,87,91,178
3109,93,96,189
3109,208,184,392
3109,79,86,165
3109,100,88,188
3109,130,148,278
3109,93,119,212
3109,199,152,351
3109,106,88,194
3109,103,109,212
3109,196,210,406
3109,117,178,295
3109,145,125,270
3109,106,123,229
3109,129,136,265
3109,117,95,212
3109,81,100,181
3109,124,97,221
3109,151,137,288
3110,108,127,235
3110,197,186,383
3110,80,97,177
3110,105,109,214
3110,94,88,182
3110,98,85,183
3110,142,173,315
3110,149,125,274
3110,128,90,218
3110,109,105,214
3110,166,172,338
3110,93,122,215
3110,206,184,390
3110,108,102,210
3110,89,89,178
3110,79,86,165
3110,99,82,181
3110,131,147,278
3110,127,97,224
3110,127,115,242
3110,163,133,296
3110,80,97,177
3110,78,90,168
3110,97,120,217
3110,102,86,188
3110,148,135,283
3110,139,153,292
3110,125,97,222
3110,114,133,247
3110,109,105,214
3110,109,107,216
3110,102,86,188
3110,99,87,186
3110,93,122,215
3110,92,119,211
3110,219,246,465
3110,123,116,239
3110,133,143,276
3110,109,127,236
3111,128,96,224
3111,92,87,179
3111,110,109,219
3111,212,231,443
3111,118,113,231
3111,109,124,233
3111,85,106,191
3111,109,127,236
3111,111,103,214
3111,80,93,173
3111,104,89,193
3111,104,89,193
3111,90,85,175
3111,129,136,265
3111,112,121,233
3111,99,83,182
3111,116,152,268
3111,109,103,212
3111,108,119,227
3111,103,84,187
3111,207,187,394
3111,87,113,200
3111,137,155,292
3111,110,142,252
3111,143,132,275
3111,85,106,191
3111,194,182,376
3111,135,155,290
3111,79,88,167
3111,94,120,214
3111,168,169,337
3111,163,157,320
3111,122,87,209
3111,125,89,214
3111,151,125,276
3111,109,103,212
3111,97,115,212
3111,98,84,182
3111,94,120,214
3112,112,124,236
3112,107,100,207
3112,111,105,216
3112,132,129,261
3112,116,84,200
3112,119,154,273
3112,94,122,216
3112,99,86,185
3112,99,86,185
3112,85,98,183
3112,81,96,177
3112,160,137,297
3112,106,82,188
3112,120,88,208
3112,110,129,239
3112,165,134,299
3112,98,117,215
3112,108,137,245
3112,131,133,264
3112,80,88,168
3112,107,100,207
3112,93,99,192
3112,90,83,173
3112,238,217,455
3112,94,122,216
3112,102,86,188
3112,195,181,376
3112,155,127,282
3112,107,118,225
3112,98,84,182
3112,207,185,392
3112,165,163,328
3112,120,116,236
3112,106,82,188
3112,118,93,211
3112,126,100,226
3112,112,103,215
3112,110,83,193
3112,142,178,320
3113,108,119,227
3113,129,100,229
3113,111,135,246
3113,135,150,285
3113,105,88,193
3113,95,126,221
3113,110,139,249
3113,156,128,284
3113,84,100,184
3113,119,83,202
3113,95,126,221
3113,140,168,308
3113,131,133,264
3113,168,169,337
3113,206,187,393
3113,104,83,187
3113,105,102,207
3113,125,116,241
3113,117,84,201
3113,110,108,218
3113,104,87,191
3113,81,90,171
3113,118,92,210
3113,109,150,259
3113,104,83,187
3113,142,111,253
3113,214,209,423
3113,97,113,210
3113,162,136,298
3113,89,77,166
3113,104,87,191
3113,91,87,178
3113,91,87,178
3113,131,129,260
3113,93,91,184
3113,182,178,360
3113,121,86,207
3113,82,96,178
3113,102,95,197
3114,95,130,225
3114,140,171,311
3114,121,126,247
3114,114,82,196
3114,127,126,253
3114,87,107,194
3114,168,172,340
3114,194,184,378
3114,106,92,198
3114,96,112,208
3114,80,91,171
3114,99,87,186
3114,101,106,207
3114,91,89,180
3114,82,93,175
3114,101,82,183
3114,120,153,273
3114,208,223,431
3114,161,137,298
3114,89,79,168
3114,106,92,198
3114,110,140,250
3114,157,128,285
3114,129,117,246
3114,111,125,236
3114,137,156,293
3114,128,102,230
3114,139,116,255
3114,103,87,190
3114,117,107,224
3114,101,82,183
3114,127,89,216
3114,188,180,368
3114,110,91,201
3114,99,87,186
3114,112,117,229
3114,95,130,225
3114,101,94,195
3114,121,78,199
3115,104,102,206
3115,108,89,197
3115,132,144,276
3115,98,82,180
3115,217,248,465
3115,145,184,329
3115,82,92,174
3115,135,102,237
3115,117,107,224
3115,106,90,196
3115,84,103,187
3115,100,103,203
3115,109,106,215
3115,115,151,266
3115,93,96,189
3115,112,124,236
3115,198,181,379
3115,106,90,196
3115,132,123,255
3115,168,175,343
3115,94,132,226
3115,158,136,294
3115,94,132,226
3115,123,126,249
3115,127,91,218
3115,174,177,351
3115,85,117,202
3115,79,90,169
3115,103,90,193
3115,130,82,212
3115,155,128,283
3115,108,89,197
3115,127,112,239
3115,98,82,180
3115,96,111,207
3115,88,80,168
3115,123,114,237
3115,137,114,251
3115,101,112,213
3116,106,104,210
3116,107,84,191
3116,87,78,165
3116,127,110,237
3116,95,96,191
3116,105,86,191
3116,99,103,202
3116,84,99,183
3116,110,126,236
3116,93,125,218
3116,126,118,244
3116,198,189,387
3116,162,129,291
3116,98,90,188
3116,188,181,369
3116,164,163,327
3116,93,125,218
3116,210,214,424
3116,112,130,242
3116,85,115,200
3116,138,167,305
3116,107,84,191
3116,104,118,222
3116,111,138,249
3116,97,104,201
3116,126,90,216
3116,109,90,199
3116,109,108,217
3116,111,148,259
3116,96,109,205
3116,127,128,255
3116,105,86,191
3116,128,121,249
3116,80,90,170
3116,83,100,183
3116,109,90,199
3116,136,83,219
3116,132,159,291
3116,135,151,286
3117,200,193,393
3117,83,96,179
3117,122,107,229
3117,102,80,182
3117,109,90,199
3117,109,90,199
3117,90,87,177
3117,135,84,219
3117,178,207,385
3117,107,126,233
3117,130,91,221
3117,161,151,312
3117,84,113,197
3117,137,161,298
3117,94,125,219
3117,106,89,195
3117,133,144,277
3117,151,133,284
3117,136,156,292
3117,136,119,255
3117,102,80,182
3117,106,89,195
3117,107,108,215
3117,111,114,225
3117,88,78,166
3117,218,213,431
3117,94,97,191
3117,107,149,256
3117,140,155,295
3117,85,103,188
3117,101,112,213
3117,121,128,249
3117,139,114,253
3117,131,101,232
3117,85,97,182
3117,96,117,213
3117,94,125,219
3117,141,109,250
3117,120,83,203
3118,147,130,277
3118,137,115,252
3118,84,98,182
3118,212,213,425
3118,134,118,252
3118,134,151,285
3118,111,126,237
3118,165,163,328
3118,83,97,180
3118,156,133,289
3118,93,124,217
3118,110,89,199
3118,106,86,192
3118,111,152,263
3118,102,78,180
3118,115,125,240
3118,140,156,296
3118,107,111,218
3118,125,96,221
3118,100,81,181
3118,110,89,199
3118,140,85,225
3118,108,137,245
3118,132,92,224
3118,106,86,192
3118,85,98,183
3118,88,78,166
3118,127,129,256
3118,109,129,238
3118,95,96,191
3118,203,204,407
3118,93,124,217
3118,90,93,183
3118,100,81,181
3118,138,153,291
3118,111,103,214
3118,103,108,211
3118,84,107,191
3118,178,210,388
3119,111,90,201
3119,131,90,221
3119,105,87,192
3119,105,86,191
3119,89,92,181
3119,135,158,293
3119,133,86,219
3119,138,156,294
3119,151,130,281
3119,116,128,244
3119,96,78,174
3119,97,81,178
3119,105,86,191
3119,95,125,220
3119,121,125,246
3119,105,87,192
3119,158,134,292
3119,226,216,442
3119,97,81,178
3119,130,101,231
3119,109,104,213
3119,104,114,218
3119,89,83,172
3119,82,92,174
3119,203,185,388
3119,88,107,195
3119,109,134,243
3119,134,126,260
3119,137,120,257
3119,95,125,220
3119,87,106,193
3119,113,129,242
3119,122,95,217
3119,95,94,189
3119,162,161,323
3119,144,86,230
3119,106,128,234
3119,114,167,281
3119,202,204,406
3120,94,122,216
3120,125,124,249
3120,126,122,248
3120,82,89,171
3120,130,117,247
3120,152,126,278
3120,94,122,216
3120,95,93,188
3120,89,83,172
3120,85,78,163
3120,83,101,184
3120,104,118,222
3120,85,78,163
3120,231,219,450
3120,160,133,293
3120,116,127,243
3120,159,149,308
3120,98,122,220
3120,110,120,230
3120,91,97,188
3120,137,153,290
3120,136,153,289
3120,108,131,239
3120,201,185,386
3120,123,99,222
3120,86,113,199
3120,126,87,213
3120,96,84,180
3120,89,86,175
3120,199,201,400
3120,111,155,266
3120,108,93,201
3120,153,89,242
3120,110,102,212
3120,100,108,208
3120,96,84,180
3120,88,108,196
3120,108,93,201
3120,128,89,217
3121,159,149,308
3121,98,119,217
3121,106,96,202
3121,108,134,242
3121,114,160,274
3121,141,123,264
3121,107,89,196
3121,127,117,244
3121,93,105,198
3121,107,102,209
3121,82,96,178
3121,145,176,321
3121,91,79,170
3121,106,96,202
3121,135,147,282
3121,89,99,188
3121,127,100,227
3121,123,126,249
3121,85,106,191
3121,94,123,217
3121,179,209,388
3121,107,126,233
3121,105,112,217
3121,98,85,183
3121,94,123,217
3121,246,226,472
3121,110,121,231
3121,196,184,380
3121,127,91,218
3121,107,109,216
3121,91,79,170
3121,98,85,183
3121,85,81,166
3121,89,94,183
3121,98,102,200
3121,151,87,238
3121,159,133,292
3121,124,131,255
3121,118,134,252
3122,107,94,201
3122,95,101,196
3122,175,200,375
3122,131,134,265
3122,146,176,322
3122,161,135,296
3122,83,76,159
3122,129,100,229
3122,82,91,173
3122,88,111,199
3122,96,125,221
3122,110,132,242
3122,86,80,166
3122,108,105,213
3122,142,86,228
3122,108,133,241
3122,105,120,225
3122,110,90,200
3122,127,153,280
3122,105,107,212
3122,241,219,460
3122,123,96,219
3122,113,163,276
3122,127,138,265
3122,96,98,194
3122,147,118,265
3122,161,144,305
3122,157,127,284
3122,111,123,234
3122,125,89,214
3122,139,119,258
3122,110,90,200
3122,107,94,201
3122,85,82,167
3122,96,110,206
3122,210,186,396
3122,96,125,221
3122,83,76,159
3122,98,86,184
3123,99,85,184
3123,86,80,166
3123,105,107,212
3123,84,114,198
3123,79,75,154
3123,132,101,233
3123,109,102,211
3123,208,188,396
3123,84,114,198
3123,108,123,231
3123,115,170,285
3123,204,211,415
3123,109,102,211
3123,107,123,230
3123,136,84,220
3123,108,108,216
3123,79,75,154
3123,160,134,294
3123,94,78,172
3123,119,135,254
3123,95,97,192
3123,124,90,214
3123,95,126,221
3123,160,143,303
3123,125,144,269
3123,108,128,236
3123,114,94,208
3123,126,136,262
3123,159,127,286
3123,176,206,382
3123,138,117,255
3123,96,115,211
3123,95,126,221
3123,115,87,202
3123,82,96,178
3123,144,178,322
3123,131,132,263
3123,140,105,245
3123,98,102,200
3124,136,105,241
3124,87,77,164
3124,110,113,223
3124,159,135,294
3124,107,122,229
3124,110,107,217
3124,135,101,236
3124,107,122,229
3124,81,105,186
3124,165,134,299
3124,159,141,300
3124,143,177,320
3124,105,107,212
3124,98,85,183
3124,95,115,210
3124,111,94,205
3124,114,121,235
3124,125,144,269
3124,141,85,226
3124,123,125,248
3124,93,120,213
3124,208,214,422
3124,81,105,186
3124,115,169,284
3124,128,92,220
3124,110,135,245
3124,96,96,192
3124,93,120,213
3124,91,79,170
3124,101,83,184
3124,97,79,176
3124,96,101,197
3124,206,187,393
3124,110,107,217
3124,131,116,247
3124,160,128,288
3124,91,79,170
3124,82,91,173
3124,178,209,387
3125,167,134,301
3125,125,115,240
3125,140,107,247
3125,145,177,322
3125,95,124,219
3125,209,211,420
3125,118,95,213
3125,127,133,260
3125,135,117,252
3125,100,102,202
3125,83,96,179
3125,131,93,224
3125,109,132,241
3125,108,107,215
3125,158,127,285
3125,122,139,261
3125,102,85,187
3125,108,107,215
3125,203,185,388
3125,128,100,228
3125,112,161,273
3125,108,103,211
3125,85,81,166
3125,135,84,219
3125,136,154,290
3125,95,124,219
3125,83,76,159
3125,107,126,233
3125,91,77,168
3125,82,101,183
3125,98,102,200
3125,199,183,382
3125,82,101,183
3125,102,85,187
3125,169,144,313
3125,83,76,159
3125,92,109,201
3125,118,130,248
3125,104,103,207
3126,133,119,252
3126,135,83,218
3126,97,97,194
3126,114,129,243
3126,95,122,217
3126,110,106,216
3126,100,112,212
3126,113,92,205
3126,75,84,159
3126,132,151,283
3126,165,143,308
3126,120,138,258
3126,160,128,288
3126,121,132,253
3126,135,157,292
3126,86,74,160
3126,83,99,182
3126,124,97,221
3126,75,84,159
3126,98,83,181
3126,116,170,286
3126,108,113,221
3126,210,211,421
3126,79,97,176
3126,79,97,176
3126,95,122,217
3126,111,136,247
3126,112,144,256
3126,108,113,221
3126,200,198,398
3126,108,130,238
3126,147,176,323
3126,92,105,197
3126,88,83,171
3126,100,100,200
3126,201,185,386
3126,107,86,193
3126,100,94,194
3126,152,130,282
3127,81,98,179
3127,129,143,272
3127,149,159,308
3127,86,88,174
3127,101,105,206
3127,137,81,218
3127,89,84,173
3127,81,98,179
3127,110,116,226
3127,112,115,227
3127,202,187,389
3127,142,121,263
3127,160,151,311
3127,93,106,199
3127,89,77,166
3127,110,117,227
3127,175,161,336
3127,99,111,210
3127,81,91,172
3127,141,127,268
3127,100,101,201
3127,110,138,248
3127,154,125,279
3127,107,125,232
3127,210,215,425
3127,117,94,211
3127,159,140,299
3127,100,138,238
3127,110,87,197
3127,115,96,211
3127,99,93,192
3127,202,199,401
3127,100,138,238
3127,118,136,254
3127,121,130,251
3127,90,81,171
3127,89,77,166
3127,109,132,241
3127,110,116,226
3128,127,114,241
3128,151,126,277
3128,99,101,200
3128,127,128,255
3128,110,91,201
3128,127,114,241
3128,102,79,181
3128,111,112,223
3128,116,146,262
3128,136,83,219
3128,203,201,404
3128,81,91,172
3128,105,119,224
3128,116,96,212
3128,89,85,174
3128,97,113,210
3128,108,111,219
3128,108,111,219
3128,100,94,194
3128,144,157,301
3128,98,111,209
3128,152,137,289
3128,109,118,227
3128,210,214,424
3128,149,130,279
3128,145,180,325
3128,102,110,212
3128,121,131,252
3128,87,87,174
3128,79,94,173
3128,198,182,380
3128,113,88,201
3128,161,157,318
3128,96,85,181
3128,102,79,181
3128,79,94,173
3128,106,124,230
3128,128,111,239
3128,109,117,226
3129,110,91,201
3129,90,94,184
3129,127,129,256
3129,79,87,166
3129,135,125,260
3129,108,106,214
3129,100,113,213
3129,104,111,215
3129,108,96,204
3129,95,106,201
3129,161,154,315
3129,97,86,183
3129,108,106,214
3129,106,112,218
3129,108,125,233
3129,122,113,235
3129,158,129,287
3129,88,85,173
3129,154,137,291
3129,107,129,236
3129,82,100,182
3129,122,113,235
3129,104,121,225
3129,115,142,257
3129,189,181,370
3129,113,111,224
3129,124,134,258
3129,82,100,182
3129,101,83,184
3129,109,113,222
3129,131,80,211
3129,110,88,198
3129,115,105,220
3129,98,100,198
3129,207,206,413
3129,212,216,428
3129,101,83,184
3129,119,183,302
3129,145,177,322
3130,116,175,291
3130,103,89,192
3130,107,118,225
3130,161,146,307
3130,75,81,156
3130,82,102,184
3130,208,217,425
3130,115,104,219
3130,104,114,218
3130,120,111,231
3130,145,175,320
3130,108,110,218
3130,107,83,190
3130,156,137,293
3130,98,85,183
3130,123,132,255
3130,95,111,206
3130,82,102,184
3130,105,86,191
3130,106,123,229
3130,193,183,376
3130,141,130,271
3130,130,115,245
3130,109,110,219
3130,107,83,190
3130,129,81,210
3130,209,212,421
3130,90,89,179
3130,113,117,230
3130,109,127,236
3130,98,101,199
3130,109,110,219
3130,127,132,259
3130,119,98,217
3130,136,93,229
3130,96,114,210
3130,131,92,223
3130,138,155,293
3130,120,111,231
3131,109,133,242
3131,111,85,196
3131,105,114,219
3131,82,107,189
3131,94,84,178
3131,162,154,316
3131,92,116,208
3131,105,90,195
3131,75,74,149
3131,121,181,302
3131,82,107,189
3131,106,107,213
3131,116,97,213
3131,109,113,222
3131,145,134,279
3131,139,153,292
3131,111,85,196
3131,210,222,432
3131,99,122,221
3131,132,116,248
3131,136,95,231
3131,159,130,289
3131,130,81,211
3131,113,133,246
3131,93,95,188
3131,117,109,226
3131,127,91,218
3131,125,134,259
3131,149,180,329
3131,103,113,216
3131,117,109,226
3131,109,113,222
3131,102,103,205
3131,190,180,370
3131,116,104,220
3131,208,212,420
3131,129,140,269
3131,109,109,218
3131,99,84,183
3132,130,81,211
3132,193,179,372
3132,114,103,217
3132,116,86,202
3132,129,150,279
3132,169,160,329
3132,111,132,243
3132,93,96,189
3132,130,95,225
3132,141,151,292
3132,121,100,221
3132,109,114,223
3132,101,103,204
3132,118,88,206
3132,105,103,208
3132,127,133,260
3132,100,125,225
3132,209,214,423
3132,140,132,272
3132,203,199,402
3132,124,114,238
3132,116,86,202
3132,161,145,306
3132,110,101,211
3132,101,84,185
3132,109,114,223
3132,99,86,185
3132,113,89,202
3132,129,150,279
3132,113,92,205
3132,82,107,189
3132,113,108,221
3132,82,107,189
3132,121,183,304
3132,156,127,283
3132,73,69,142
3132,102,106,208
3132,107,107,214
3132,139,120,259
3132,113,108,221
3133,116,85,201
3133,213,214,427
3133,116,85,201
3133,117,112,229
3133,127,122,249
3133,181,177,358
3133,94,82,176
3133,129,80,209
3133,79,104,183
3133,124,90,214
3133,99,85,184
3133,144,126,270
3133,124,101,225
3133,111,135,246
3133,167,131,298
3133,110,101,211
3133,130,154,284
3133,96,104,200
3133,113,110,223
3133,164,163,327
3133,102,102,204
3133,123,184,307
3133,79,104,183
3133,130,154,284
3133,71,67,138
3133,171,159,330
3133,127,93,220
3133,108,114,222
3133,126,127,253
3133,102,103,205
3133,104,105,209
3133,108,114,222
3133,98,84,182
3133,202,191,393
3133,110,90,200
3133,138,110,248
3133,104,105,209
3133,121,96,217
3133,104,105,209
3133,105,103,208
3134,141,121,262
3134,103,98,201
3134,137,117,254
3134,128,92,220
3134,77,96,173
3134,104,88,192
3134,107,112,219
3134,110,83,193
3134,141,156,297
3134,77,96,173
3134,97,81,178
3134,112,114,226
3134,103,87,190
3134,107,112,219
3134,100,83,183
3134,110,83,193
3134,165,163,328
3134,103,107,210
3134,79,71,150
3134,100,123,223
3134,105,109,214
3134,125,92,217
3134,105,103,208
3134,212,217,429
3134,126,100,226
3134,126,117,243
3134,128,127,255
3134,119,105,224
3134,130,152,282
3134,162,155,317
3134,127,88,215
3134,130,152,282
3134,140,153,293
3134,101,99,200
3134,129,82,211
3134,103,107,210
3134,179,178,357
3134,202,185,387
3134,130,106,236
3134,125,130,255
3135,99,84,183
3135,141,111,252
3135,134,163,297
3135,104,102,206
3135,106,103,209
3135,151,152,303
3135,102,103,205
3135,134,122,256
3135,109,95,204
3135,76,91,167
3135,110,110,220
3135,133,82,215
3135,100,82,182
3135,108,118,226
3135,140,149,289
3135,95,76,171
3135,138,120,258
3135,95,106,201
3135,134,163,297
3135,120,90,210
3135,164,160,324
3135,119,176,295
3135,104,102,206
3135,211,215,426
3135,106,96,202
3135,123,104,227
3135,104,90,194
3135,98,122,220
3135,195,180,375
3135,130,135,265
3135,123,129,252
3135,106,107,213
3135,81,72,153
3135,106,107,213
3135,95,76,171
3135,103,86,189
3135,199,189,388
3135,119,90,209
3135,76,91,167
3135,110,109,219
3136,114,106,220
3136,150,135,285
3136,105,111,216
3136,138,109,247
3136,223,194,417
3136,107,90,197
3136,135,108,243
3136,74,85,159
3136,104,100,204
3136,109,104,213
3136,122,131,253
3136,104,108,212
3136,119,179,298
3136,112,88,200
3136,167,162,329
3136,150,135,285
3136,96,82,178
3136,96,107,203
3136,179,207,386
3136,102,100,202
3136,104,108,212
3136,152,155,307
3136,104,81,185
3136,102,100,202
3136,137,82,219
3136,79,71,150
3136,104,81,185
3136,120,113,233
3136,99,117,216
3136,114,99,213
3136,215,225,440
3136,134,122,256
3136,102,84,186
3136,167,131,298
3136,95,82,177
3136,143,121,264
3136,130,89,219
3136,74,85,159
3136,98,119,217
3136,127,130,257
3137,74,83,157
3137,113,86,199
3137,125,79,204
3137,103,106,209
3137,113,86,199
3137,115,106,221
3137,92,81,173
3137,175,195,370
3137,111,103,214
3137,107,109,216
3137,155,154,309
3137,112,88,200
3137,85,79,164
3137,111,132,243
3137,225,195,420
3137,137,134,271
3137,142,121,263
3137,117,113,230
3137,103,106,209
3137,74,69,143
3137,103,95,198
3137,122,89,211
3137,74,83,157
3137,129,136,265
3137,103,95,198
3137,108,91,199
3137,161,128,289
3137,151,138,289
3137,134,133,267
3137,118,106,224
3137,114,98,212
3137,167,161,328
3137,97,116,213
3137,116,175,291
3137,127,91,218
3137,93,81,174
3137,217,231,448
3137,151,138,289
3137,98,111,209
3137,109,123,232
3138,108,85,193
3138,176,194,370
3138,131,163,294
3138,115,110,225
3138,112,134,246
3138,133,150,283
3138,116,105,221
3138,99,115,214
3138,138,151,289
3138,125,88,213
3138,103,108,211
3138,106,125,231
3138,108,85,193
3138,74,82,156
3138,109,112,221
3138,101,83,184
3138,92,82,174
3138,116,145,261
3138,217,242,459
3138,97,117,214
3138,122,99,221
3138,157,128,285
3138,120,88,208
3138,129,80,209
3138,131,163,294
3138,110,91,201
3138,89,79,168
3138,77,71,148
3138,134,134,268
3138,112,87,199
3138,74,82,156
3138,111,104,215
3138,115,110,225
3138,103,108,211
3138,220,194,414
3138,110,104,214
3138,105,105,210
3138,112,165,277
3138,165,163,328
3138,152,153,305
3139,106,115,221
3139,219,192,411
3139,203,184,387
3139,140,150,290
3139,103,98,201
3139,116,97,213
3139,240,223,463
3139,112,164,276
3139,127,81,208
3139,133,163,296
3139,82,73,155
3139,106,128,234
3139,96,111,207
3139,83,77,160
3139,96,84,180
3139,116,111,227
3139,100,114,214
3139,101,92,193
3139,113,106,219
3139,163,159,322
3139,134,149,283
3139,107,89,196
3139,155,128,283
3139,125,132,257
3139,133,163,296
3139,74,84,158
3139,112,132,244
3139,142,121,263
3139,165,166,331
3139,116,111,227
3139,123,89,212
3139,97,114,211
3139,102,105,207
3139,115,105,220
3139,110,87,197
3139,74,84,158
3139,111,87,198
3139,101,92,193
3139,110,87,197
3139,86,76,162
3140,83,105,188
3140,124,80,204
3140,108,105,213
3140,96,108,204
3140,197,183,380
3140,148,128,276
3140,104,103,207
3140,121,97,218
3140,90,91,181
3140,83,79,162
3140,96,84,180
3140,110,122,232
3140,139,119,258
3140,101,118,219
3140,75,86,161
3140,75,86,161
3140,119,87,206
3140,216,226,442
3140,115,111,226
3140,104,91,195
3140,85,73,158
3140,115,105,220
3140,115,90,205
3140,145,139,284
3140,142,158,300
3140,115,111,226
3140,103,96,199
3140,104,91,195
3140,111,162,273
3140,110,125,235
3140,130,155,285
3140,211,189,400
3140,134,149,283
3140,163,164,327
3140,130,155,285
3140,159,156,315
3140,83,105,188
3140,100,87,187
3140,107,126,233
3140,99,122,221
3141,110,87,197
3141,126,81,207
3141,165,162,327
3141,132,160,292
3141,105,102,207
3141,139,136,275
3141,76,87,163
3141,214,220,434
3141,177,207,384
3141,207,191,398
3141,119,112,231
3141,146,123,269
3141,148,129,277
3141,100,85,185
3141,104,100,204
3141,145,122,267
3141,111,158,269
3141,94,85,179
3141,104,92,196
3141,84,107,191
3141,84,73,157
3141,119,112,231
3141,76,87,163
3141,114,106,220
3141,132,160,292
3141,86,80,166
3141,134,150,284
3141,179,160,339
3141,136,108,244
3141,120,99,219
3141,84,107,191
3141,113,107,220
3141,115,86,201
3141,92,97,189
3141,93,103,196
3141,169,136,305
3141,114,97,211
3141,131,94,225
3141,104,92,196
3141,105,118,223
3142,160,132,292
3142,83,106,189
3142,108,89,197
3142,218,233,451
3142,85,73,158
3142,174,157,331
3142,101,86,187
3142,106,90,196
3142,93,134,227
3142,124,100,224
3142,209,192,401
3142,100,117,217
3142,161,154,315
3142,144,138,282
3142,142,162,304
3142,106,90,196
3142,122,114,236
3142,99,87,186
3142,106,109,215
3142,132,108,240
3142,131,143,274
3142,134,83,217
3142,132,162,294
3142,132,162,294
3142,106,120,226
3142,112,163,275
3142,78,94,172
3142,175,203,378
3142,83,106,189
3142,86,81,167
3142,116,88,204
3142,91,82,173
3142,89,93,182
3142,122,114,236
3142,105,103,208
3142,110,123,233
3142,78,94,172
3142,120,110,230
3142,118,146,264
3142,117,97,214
3143,78,93,171
3143,104,89,193
3143,123,110,233
3143,132,160,292
3143,121,98,219
3143,122,89,211
3143,101,88,189
3143,154,133,287
3143,164,159,323
3143,108,124,232
3143,143,86,229
3143,132,160,292
3143,139,136,275
3143,139,110,249
3143,230,201,431
3143,109,153,262
3143,108,115,223
3143,106,94,200
3143,130,137,267
3143,127,114,241
3143,104,89,193
3143,109,104,213
3143,112,125,237
3143,98,83,181
3143,114,91,205
3143,78,93,171
3143,93,134,227
3143,141,120,261
3143,150,128,278
3143,214,216,430
3143,88,88,176
3143,99,84,183
3143,127,114,241
3143,85,82,167
3143,84,73,157
3143,158,158,316
3143,84,99,183
3143,176,202,378
3143,84,99,183
3143,101,119,220
3144,130,94,224
3144,134,143,277
3144,122,93,215
3144,77,90,167
3144,115,166,281
3144,106,79,185
3144,123,113,236
3144,174,184,358
3144,77,90,167
3144,83,108,191
3144,174,179,353
3144,142,131,273
3144,104,93,197
3144,87,79,166
3144,114,97,211
3144,95,81,176
3144,125,112,237
3144,87,83,170
3144,123,113,236
3144,131,134,265
3144,131,107,238
3144,142,118,260
3144,231,202,433
3144,106,79,185
3144,83,108,191
3144,159,139,298
3144,84,73,157
3144,173,162,335
3144,103,89,192
3144,149,128,277
3144,86,82,168
3144,109,115,224
3144,159,139,298
3144,119,88,207
3144,226,218,444
3144,110,104,214
3144,141,85,226
3144,108,121,229
3144,116,107,223
3144,110,137,247
3145,176,191,367
3145,230,201,431
3145,121,112,233
3145,126,92,218
3145,134,147,281
3145,159,140,299
3145,108,116,224
3145,181,150,331
3145,111,103,214
3145,82,103,185
3145,87,87,174
3145,169,158,327
3145,84,79,163
3145,91,86,177
3145,116,85,201
3145,102,99,201
3145,127,107,234
3145,147,125,272
3145,88,73,161
3145,107,79,186
3145,114,97,211
3145,117,128,245
3145,229,219,448
3145,79,92,171
3145,118,141,259
3145,141,116,257
3145,79,92,171
3145,120,93,213
3145,108,91,199
3145,91,82,173
3145,143,85,228
3145,145,132,277
3145,107,79,186
3145,128,132,260
3145,121,112,233
3145,115,169,284
3145,159,140,299
3145,138,116,254
3145,82,103,185
3145,118,108,226
3146,140,130,270
3146,86,79,165
3146,131,140,271
3146,149,132,281
3146,106,103,209
3146,167,156,323
3146,114,128,242
3146,149,132,281
3146,227,216,443
3146,117,100,217
3146,80,95,175
3146,118,109,227
3146,120,107,227
3146,82,100,182
3146,93,82,175
3146,100,95,195
3146,109,85,194
3146,99,86,185
3146,117,136,253
3146,80,70,150
3146,108,116,224
3146,114,111,225
3146,108,91,199
3146,117,167,284
3146,99,86,185
3146,82,100,182
3146,212,195,407
3146,114,111,225
3146,101,87,188
3146,146,86,232
3146,176,193,369
3146,192,155,347
3146,140,137,277
3146,118,103,221
3146,122,90,212
3146,114,91,205
3146,137,114,251
3146,80,95,175
3146,80,77,157
3146,144,127,271
3147,118,112,230
3147,225,213,438
3147,149,139,288
3147,115,158,273
3147,104,106,210
3147,118,137,255
3147,91,133,224
3147,220,194,414
3147,111,89,200
3147,208,188,396
3147,81,95,176
3147,120,105,225
3147,115,97,212
3147,146,120,266
3147,118,92,210
3147,149,85,234
3147,143,124,267
3147,118,112,230
3147,191,156,347
3147,107,104,211
3147,101,84,185
3147,80,99,179
3147,115,108,223
3147,121,90,211
3147,82,78,160
3147,102,84,186
3147,140,131,271
3147,83,72,155
3147,146,133,279
3147,163,156,319
3147,87,83,170
3147,104,106,210
3147,105,91,196
3147,140,131,271
3147,101,92,193
3147,142,115,257
3147,81,95,176
3147,136,151,287
3147,107,114,221
3147,80,99,179
3148,170,181,351
3148,81,90,171
3148,108,103,211
3148,123,94,217
3148,137,115,252
3148,95,82,177
3148,123,113,236
3148,122,145,267
3148,198,185,383
3148,103,90,193
3148,140,84,224
3148,106,110,216
3148,127,127,254
3148,120,177,297
3148,87,73,160
3148,134,121,255
3148,134,166,300
3148,123,113,236
3148,105,111,216
3148,99,85,184
3148,115,103,218
3148,105,93,198
3148,100,94,194
3148,91,136,227
3148,81,90,171
3148,171,157,328
3148,89,87,176
3148,141,129,270
3148,133,141,274
3148,127,127,254
3148,114,130,244
3148,105,111,216
3148,127,92,219
3148,80,77,157
3148,81,99,180
3148,114,109,223
3148,81,99,180
3148,219,227,446
3148,181,204,385
3148,123,102,225
3149,82,89,171
3149,130,137,267
3149,134,165,299
3149,138,84,222
3149,122,182,304
3149,135,114,249
3149,98,129,227
3149,106,93,199
3149,80,100,180
3149,121,113,234
3149,141,131,272
3149,91,135,226
3149,160,153,313
3149,131,121,252
3149,117,136,253
3149,105,108,213
3149,87,73,160
3149,122,141,263
3149,112,107,219
3149,103,84,187
3149,220,232,452
3149,124,94,218
3149,80,100,180
3149,115,97,212
3149,104,90,194
3149,105,108,213
3149,111,102,213
3149,76,77,153
3149,110,91,201
3149,130,137,267
3149,82,89,171
3149,104,109,213
3149,130,94,224
3149,197,195,392
3149,209,183,392
3149,106,106,212
3149,134,145,279
3149,169,178,347
3149,121,113,234
3149,88,82,170
3150,84,99,183
3150,91,134,225
3150,124,114,238
3150,145,156,301
3150,201,185,386
3150,134,146,280
3150,125,146,271
3150,95,117,212
3150,103,88,191
3150,116,96,212
3150,135,147,282
3150,103,84,187
3150,195,189,384
3150,87,86,173
3150,84,99,183
3150,124,94,218
3150,95,110,205
3150,159,152,311
3150,216,230,446
3150,80,101,181
3150,194,155,349
3150,144,116,260
3150,86,73,159
3150,118,141,259
3150,130,148,278
3150,76,81,157
3150,130,148,278
3150,142,84,226
3150,124,114,238
3150,107,111,218
3150,106,98,204
3150,118,107,225
3150,135,158,293
3150,101,116,217
3150,107,111,218
3150,118,171,289
3150,104,108,212
3150,80,101,181
3150,112,104,216
3150,114,104,218
3151,102,137,239
3151,114,121,235
3151,107,114,221
3151,133,146,279
3151,192,179,371
3151,102,84,186
3151,146,145,291
3151,118,137,255
3151,75,75,150
3151,107,114,221
3151,118,108,226
3151,130,92,222
3151,79,97,176
3151,85,80,165
3151,219,232,451
3151,79,97,176
3151,143,156,299
3151,89,127,216
3151,112,97,209
3151,124,94,218
3151,95,117,212
3151,82,95,177
3151,129,137,266
3151,219,199,418
3151,134,142,276
3151,102,137,239
3151,82,95,177
3151,102,106,208
3151,116,165,281
3151,94,115,209
3151,94,87,181
3151,162,141,303
3151,103,98,201
3151,131,81,212
3151,113,102,215
3151,174,149,323
3151,135,114,249
3151,108,101,209
3151,80,70,150
3151,133,146,279
3152,107,112,219
3152,88,127,215
3152,80,98,178
3152,190,179,369
3152,149,134,283
3152,124,112,236
3152,138,114,252
3152,93,86,179
3152,136,155,291
3152,104,110,214
3152,215,217,432
3152,88,83,171
3152,124,91,215
3152,84,76,160
3152,80,98,178
3152,116,165,281
3152,103,87,190
3152,113,103,216
3152,134,161,295
3152,107,107,214
3152,115,132,247
3152,128,81,209
3152,85,100,185
3152,144,160,304
3152,71,69,140
3152,124,112,236
3152,105,94,199
3152,135,136,271
3152,97,81,178
3152,93,112,205
3152,116,119,235
3152,85,100,185
3152,101,86,187
3152,119,93,212
3152,110,100,210
3152,205,212,417
3152,181,151,332
3152,136,155,291
3152,130,139,269
3152,107,112,219
3153,137,160,297
3153,144,121,265
3153,114,160,274
3153,75,77,152
3153,135,158,293
3153,86,80,166
3153,184,153,337
3153,107,115,222
3153,143,157,300
3153,124,113,237
3153,118,123,241
3153,136,144,280
3153,119,105,224
3153,106,109,215
3153,92,104,196
3153,106,109,215
3153,86,103,189
3153,130,81,211
3153,79,96,175
3153,105,90,195
3153,201,184,385
3153,89,128,217
3153,102,101,203
3153,79,96,175
3153,117,87,204
3153,126,94,220
3153,73,69,142
3153,117,105,222
3153,124,113,237
3153,204,206,410
3153,113,84,197
3153,143,143,286
3153,131,112,243
3153,88,81,169
3153,115,89,204
3153,137,160,297
3153,126,130,256
3153,86,103,189
3153,242,222,464
3153,104,112,216
3154,90,130,220
3154,92,105,197
3154,145,168,313
3154,104,90,194
3154,112,102,214
3154,91,94,185
3154,141,118,259
3154,113,85,198
3154,127,137,264
3154,115,88,203
3154,108,113,221
3154,164,142,306
3154,75,80,155
3154,174,149,323
3154,139,109,248
3154,208,212,420
3154,134,140,274
3154,108,113,221
3154,86,106,192
3154,121,112,233
3154,105,114,219
3154,112,153,265
3154,136,163,299
3154,121,128,249
3154,131,80,211
3154,131,113,244
3154,121,112,233
3154,78,71,149
3154,100,103,203
3154,79,97,176
3154,233,219,452
3154,144,146,290
3154,79,97,176
3154,164,142,306
3154,86,106,192
3154,109,119,228
3154,128,96,224
3154,210,185,395
3154,92,81,173
3154,122,90,212
3155,85,103,188
3155,161,139,300
3155,143,117,260
3155,136,154,290
3155,82,109,191
3155,82,109,191
3155,111,83,194
3155,124,111,235
3155,135,142,277
3155,147,137,284
3155,125,95,220
3155,93,105,198
3155,174,147,321
3155,125,92,217
3155,147,137,284
3155,135,116,251
3155,85,103,188
3155,150,181,331
3155,90,87,177
3155,129,107,236
3155,80,72,152
3155,75,76,151
3155,109,120,229
3155,125,92,217
3155,118,127,245
3155,124,111,235
3155,91,132,223
3155,101,89,190
3155,118,164,282
3155,239,220,459
3155,120,90,210
3155,105,112,217
3155,128,80,208
3155,112,91,203
3155,143,144,287
3155,209,221,430
3155,113,104,217
3155,100,95,195
3155,201,185,386
3155,99,86,185
3156,84,101,185
3156,119,78,197
3156,179,204,383
3156,84,101,185
3156,109,116,225
3156,166,150,316
3156,104,87,191
3156,119,110,229
3156,171,159,330
3156,118,121,239
3156,84,110,194
3156,84,110,194
3156,245,223,468
3156,143,147,290
3156,137,157,294
3156,106,98,204
3156,200,191,391
3156,108,119,227
3156,151,137,288
3156,132,115,247
3156,128,95,223
3156,119,110,229
3156,90,102,192
3156,125,90,215
3156,77,77,154
3156,121,106,227
3156,146,137,283
3156,100,85,185
3156,140,117,257
3156,95,92,187
3156,109,82,191
3156,115,157,272
3156,121,107,228
3156,88,129,217
3156,146,137,283
3156,129,92,221
3156,135,139,274
3156,129,92,221
3156,72,70,142
3156,91,88,179
3157,112,98,210
3157,152,137,289
3157,95,83,178
3157,115,108,223
3157,115,138,253
3157,198,186,384
3157,124,108,232
3157,124,90,214
3157,103,87,190
3157,141,123,264
3157,119,80,199
3157,72,71,143
3157,118,167,285
3157,85,98,183
3157,137,143,280
3157,140,131,271
3157,84,115,199
3157,115,108,223
3157,101,117,218
3157,94,87,181
3157,152,137,289
3157,92,107,199
3157,123,111,234
3157,111,127,238
3157,91,91,182
3157,110,120,230
3157,242,223,465
3157,74,79,153
3157,109,104,213
3157,84,115,199
3157,108,84,192
3157,124,90,214
3157,139,132,271
3157,161,134,295
3157,206,186,392
3157,148,182,330
3157,163,147,310
3157,132,95,227
3157,90,132,222
3157,85,98,183
3158,74,74,148
3158,88,127,215
3158,110,150,260
3158,146,137,283
3158,138,99,237
3158,98,90,188
3158,89,103,192
3158,125,108,233
3158,93,98,191
3158,94,84,178
3158,111,109,220
3158,105,85,190
3158,146,137,283
3158,132,93,225
3158,117,139,256
3158,111,108,219
3158,76,77,153
3158,140,153,293
3158,150,184,334
3158,128,113,241
3158,111,108,219
3158,243,222,465
3158,199,196,395
3158,101,86,187
3158,111,131,242
3158,120,141,261
3158,143,142,285
3158,83,93,176
3158,121,101,222
3158,81,108,189
3158,120,78,198
3158,167,147,314
3158,179,208,387
3158,83,93,176
3158,110,126,236
3158,121,128,249
3158,132,93,225
3158,101,115,216
3158,152,132,284
3158,81,108,189
3159,115,136,251
3159,177,152,329
3159,108,107,215
3159,175,186,361
3159,115,122,237
3159,122,88,210
3159,79,79,158
3159,136,135,271
3159,121,134,255
3159,111,148,259
3159,110,125,235
3159,206,209,415
3159,135,93,228
3159,135,93,228
3159,99,113,212
3159,102,87,189
3159,108,107,215
3159,161,135,296
3159,110,124,234
3159,81,108,189
3159,243,223,466
3159,149,131,280
3159,81,108,189
3159,91,109,200
3159,130,114,244
3159,152,187,339
3159,88,129,217
3159,106,92,198
3159,115,89,204
3159,95,111,206
3159,109,106,215
3159,106,118,224
3159,91,109,200
3159,123,100,223
3159,92,95,187
3159,126,109,235
3159,75,76,151
3159,98,86,184
3159,141,157,298
3159,136,135,271
3160,122,107,229
3160,127,92,219
3160,104,81,185
3160,142,136,278
3160,111,116,227
3160,106,90,196
3160,107,117,224
3160,94,98,192
3160,150,186,336
3160,115,110,225
3160,110,128,238
3160,78,79,157
3160,120,89,209
3160,92,131,223
3160,100,90,190
3160,131,141,272
3160,116,135,251
3160,118,88,206
3160,96,124,220
3160,219,244,463
3160,204,205,409
3160,174,149,323
3160,82,106,188
3160,82,106,188
3160,93,86,179
3160,113,153,266
3160,175,187,362
3160,141,157,298
3160,109,107,216
3160,128,100,228
3160,131,141,272
3160,109,107,216
3160,135,149,284
3160,75,75,150
3160,132,97,229
3160,104,81,185
3160,120,89,209
3160,123,132,255
3160,113,126,239
3160,121,83,204
3161,81,105,186
3161,131,93,224
3161,105,93,198
3161,115,92,207
3161,128,95,223
3161,139,145,284
3161,120,86,206
3161,100,87,187
3161,130,91,221
3161,141,136,277
3161,141,136,277
3161,96,117,213
3161,78,81,159
3161,173,191,364
3161,222,241,463
3161,113,133,246
3161,145,124,269
3161,81,105,186
3161,117,107,224
3161,119,89,208
3161,113,107,220
3161,177,161,338
3161,114,129,243
3161,126,113,239
3161,166,145,311
3161,130,91,221
3161,94,98,192
3161,113,155,268
3161,122,107,229
3161,99,80,179
3161,106,108,214
3161,113,107,220
3161,109,112,221
3161,208,216,424
3161,99,80,179
3161,80,78,158
3161,131,134,265
3161,144,144,288
3161,127,134,261
3161,112,96,208
3162,148,139,287
3162,120,110,230
3162,209,214,423
3162,119,89,208
3162,109,119,228
3162,109,108,217
3162,100,112,212
3162,108,119,227
3162,111,96,207
3162,112,106,218
3162,147,161,308
3162,118,79,197
3162,111,127,238
3162,240,222,462
3162,171,181,352
3162,80,77,157
3162,120,105,225
3162,97,105,202
3162,129,138,267
3162,119,163,282
3162,150,125,275
3162,95,116,211
3162,167,149,316
3162,103,81,184
3162,84,108,192
3162,78,84,162
3162,140,151,291
3162,84,108,192
3162,92,86,178
3162,111,87,198
3162,133,97,230
3162,169,161,330
3162,120,110,230
3162,130,112,242
3162,148,139,287
3162,134,135,269
3162,122,96,218
3162,119,89,208
3162,113,94,207
3162,103,81,184
3163,120,81,201
3163,147,140,287
3163,208,216,424
3163,78,85,163
3163,121,106,227
3163,127,132,259
3163,87,118,205
3163,120,170,290
3163,103,92,195
3163,99,87,186
3163,109,102,211
3163,136,132,268
3163,98,79,177
3163,78,82,160
3163,122,110,232
3163,143,140,283
3163,98,79,177
3163,99,105,204
3163,173,182,355
3163,115,96,211
3163,147,140,287
3163,149,124,273
3163,116,87,203
3163,114,107,221
3163,109,85,194
3163,138,116,254
3163,123,96,219
3163,106,116,222
3163,116,87,203
3163,95,118,213
3163,103,117,220
3163,122,110,232
3163,139,155,294
3163,114,135,249
3163,112,129,241
3163,168,154,322
3163,227,252,479
3163,136,98,234
3163,87,118,205
3163,171,159,330
3164,133,127,260
3164,145,139,284
3164,148,133,281
3164,111,85,196
3164,125,142,267
3164,110,93,203
3164,120,110,230
3164,123,97,220
3164,102,84,186
3164,97,107,204
3164,139,153,292
3164,99,86,185
3164,121,90,211
3164,75,79,154
3164,114,133,247
3164,119,97,216
3164,128,91,219
3164,102,92,194
3164,120,169,289
3164,169,148,317
3164,115,138,253
3164,109,105,214
3164,104,109,213
3164,146,118,264
3164,223,250,473
3164,174,193,367
3164,163,157,320
3164,125,108,233
3164,145,139,284
3164,92,106,198
3164,109,126,235
3164,80,93,173
3164,111,85,196
3164,110,93,203
3164,120,130,250
3164,120,110,230
3164,112,118,230
3164,207,217,424
3164,124,88,212
3165,110,115,225
3165,130,92,222
3165,122,132,254
3165,129,127,256
3165,176,167,343
3165,147,118,265
3165,122,182,304
3165,123,111,234
3165,110,89,199
3165,86,84,170
3165,112,85,197
3165,124,91,215
3165,157,140,297
3165,113,86,199
3165,114,94,208
3165,158,155,313
3165,139,155,294
3165,129,94,223
3165,74,74,148
3165,90,99,189
3165,112,85,197
3165,157,140,297
3165,124,88,212
3165,114,136,250
3165,123,111,234
3165,97,110,207
3165,103,92,195
3165,125,139,264
3165,125,109,234
3165,114,94,208
3165,201,189,390
3165,220,243,463
3165,108,115,223
3165,142,111,253
3165,79,92,171
3165,176,199,375
3165,173,143,316
3165,113,96,209
3165,109,106,215
3166,117,98,215
3166,143,155,298
3166,121,130,251
3166,143,122,265
3166,108,88,196
3166,124,111,235
3166,110,104,214
3166,144,153,297
3166,94,85,179
3166,84,115,199
3166,94,105,199
3166,120,98,218
3166,75,75,150
3166,128,92,220
3166,197,186,383
3166,124,90,214
3166,121,92,213
3166,80,88,168
3166,170,173,343
3166,125,90,215
3166,110,107,217
3166,115,140,255
3166,141,136,277
3166,126,126,252
3166,135,115,250
3166,221,236,457
3166,120,172,292
3166,103,83,186
3166,124,111,235
3166,124,95,219
3166,84,115,199
3166,103,83,186
3166,141,136,277
3166,127,107,234
3166,108,121,229
3166,171,160,331
3166,137,145,282
3166,99,108,207
3166,114,135,249
3167,170,157,327
3167,146,130,276
3167,126,128,254
3167,153,155,308
3167,116,107,223
3167,119,88,207
3167,194,189,383
3167,129,102,231
3167,108,119,227
3167,130,110,240
3167,220,233,453
3167,117,111,228
3167,173,183,356
3167,119,98,217
3167,137,115,252
3167,135,134,269
3167,79,91,170
3167,121,93,214
3167,92,115,207
3167,84,116,200
3167,129,110,239
3167,123,141,264
3167,104,85,189
3167,115,97,212
3167,135,134,269
3167,110,89,199
3167,115,143,258
3167,76,77,153
3167,98,106,204
3167,84,116,200
3167,110,127,237
3167,124,91,215
3167,129,110,239
3167,117,171,288
3167,145,122,267
3167,104,85,189
3167,91,83,174
3167,88,109,197
3167,135,140,275
3168,123,90,213
3168,85,122,207
3168,118,148,266
3168,106,87,193
3168,143,136,279
3168,113,125,238
3168,143,136,279
3168,85,122,207
3168,86,103,189
3168,123,140,263
3168,121,110,231
3168,130,111,241
3168,94,98,192
3168,131,95,226
3168,108,120,228
3168,125,91,216
3168,129,114,243
3168,156,126,282
3168,81,99,180
3168,98,86,184
3168,109,95,204
3168,114,160,274
3168,165,134,299
3168,235,202,437
3168,86,82,168
3168,77,80,157
3168,90,108,198
3168,120,108,228
3168,219,233,452
3168,152,155,307
3168,106,87,193
3168,149,131,280
3168,121,110,231
3168,127,124,251
3168,133,110,243
3168,172,184,356
3168,170,158,328
3168,116,97,213
3168,91,137,228
3169,234,200,434
3169,120,112,232
3169,125,107,232
3169,128,94,222
3169,222,236,458
3169,141,125,266
3169,103,86,189
3169,95,99,194
3169,91,135,226
3169,170,174,344
3169,105,95,200
3169,130,104,234
3169,143,120,263
3169,111,123,234
3169,123,110,233
3169,125,92,217
3169,105,112,217
3169,165,161,326
3169,140,138,278
3169,127,122,249
3169,122,109,231
3169,167,147,314
3169,126,103,229
3169,124,90,214
3169,90,102,192
3169,76,84,160
3169,84,114,198
3169,83,82,165
3169,112,146,258
3169,86,99,185
3169,160,132,292
3169,103,86,189
3169,82,103,185
3169,114,90,204
3169,122,109,231
3169,124,150,274
3169,84,114,198
3169,144,137,281
3170,92,111,203
3170,116,109,225
3170,117,92,209
3170,77,110,187
3170,85,118,203
3170,217,237,454
3170,101,92,193
3170,115,149,264
3170,94,95,189
3170,103,109,212
3170,99,119,218
3170,82,82,164
3170,75,81,156
3170,136,106,242
3170,123,89,212
3170,167,152,319
3170,131,135,266
3170,179,163,342
3170,91,140,231
3170,85,118,203
3170,158,132,290
3170,116,109,225
3170,118,113,231
3170,152,133,285
3170,207,215,422
3170,113,146,259
3170,115,128,243
3170,130,112,242
3170,118,89,207
3170,119,105,224
3170,85,101,186
3170,107,104,211
3170,158,125,283
3170,107,104,211
3170,179,175,354
3170,120,145,265
3170,164,92,256
3170,136,134,270
3171,116,111,227
3171,74,77,151
3171,146,132,278
3171,109,92,201
3171,123,109,232
3171,138,155,293
3171,111,93,204
3171,111,123,234
3171,100,85,185
3171,133,144,277
3171,171,157,328
3171,126,100,226
3171,103,93,196
3171,103,107,210
3171,177,159,336
3171,92,106,198
3171,122,93,215
3171,109,87,196
3171,99,108,207
3171,125,106,231
3171,91,134,225
3171,96,109,205
3171,109,130,239
3171,131,135,266
3171,103,93,196
3171,109,106,215
3171,113,85,198
3171,241,225,466
3171,124,158,282
3171,83,95,178
3171,203,202,405
3171,124,138,262
3171,112,149,261
3171,111,93,204
3171,114,136,250
3171,189,178,367
3171,109,106,215
3171,89,82,171
3172,186,177,363
3172,101,88,189
3172,199,184,383
3172,82,93,175
3172,82,83,165
3172,90,137,227
3172,131,135,266
3172,96,102,198
3172,122,147,269
3172,135,147,282
3172,221,248,469
3172,115,109,224
3172,123,88,211
3172,113,86,199
3172,166,155,321
3172,91,81,172
3172,111,106,217
3172,101,88,189
3172,149,133,282
3172,110,88,198
3172,178,161,339
3172,130,97,227
3172,120,106,226
3172,113,93,206
3172,90,89,179
3172,111,106,217
3172,118,147,265
3172,103,94,197
3172,103,94,197
3172,136,144,280
3172,113,122,235
3172,106,126,232
3172,75,78,153
3172,108,103,211
3172,113,150,263
3172,120,113,233
3172,102,105,207
3172,93,112,205
3173,95,84,179
3173,117,90,207
3173,99,92,191
3173,105,83,188
3173,113,88,201
3173,122,85,207
3173,74,75,149
3173,122,106,228
3173,100,109,209
3173,212,189,401
3173,168,144,312
3173,81,94,175
3173,90,133,223
3173,99,92,191
3173,121,114,235
3173,90,81,171
3173,115,124,239
3173,112,119,231
3173,112,147,259
3173,109,130,239
3173,104,116,220
3173,94,112,206
3173,116,105,221
3173,176,163,339
3173,130,98,228
3173,136,142,278
3173,120,146,266
3173,94,87,181
3173,110,107,217
3173,132,141,273
3173,110,91,201
3173,132,141,273
3173,122,150,272
3173,139,136,275
3173,171,174,345
3173,110,107,217
3173,117,90,207
3173,219,245,464
3174,120,91,211
3174,95,121,216
3174,120,91,211
3174,107,106,213
3174,168,174,342
3174,118,145,263
3174,184,151,335
3174,109,101,210
3174,79,90,169
3174,212,245,457
3174,124,161,285
3174,88,127,215
3174,103,84,187
3174,107,106,213
3174,98,87,185
3174,117,148,265
3174,113,120,233
3174,120,113,233
3174,85,79,164
3174,120,78,198
3174,133,147,280
3174,231,196,427
3174,125,87,212
3174,134,139,273
3174,168,157,325
3174,131,98,229
3174,104,93,197
3174,115,88,203
3174,129,109,238
3174,104,114,218
3174,105,120,225
3174,102,92,194
3174,139,138,277
3174,104,93,197
3174,74,75,149
3174,108,87,195
3174,136,144,280
3174,110,116,226
3175,125,136,261
3175,85,80,165
3175,90,138,228
3175,127,92,219
3175,171,161,332
3175,212,220,432
3175,128,109,237
3175,75,79,154
3175,104,89,193
3175,137,147,284
3175,117,106,223
3175,230,193,423
3175,148,168,316
3175,131,133,264
3175,100,106,206
3175,113,115,228
3175,108,91,199
3175,103,91,194
3175,118,90,208
3175,129,79,208
3175,95,119,214
3175,106,106,212
3175,103,91,194
3175,127,92,219
3175,181,174,355
3175,114,88,202
3175,111,145,256
3175,107,124,231
3175,138,121,259
3175,103,116,219
3175,77,79,156
3175,124,161,285
3175,137,155,292
3175,136,98,234
3175,106,106,212
3175,106,84,190
3175,175,147,322
3175,110,117,227
3176,140,150,290
3176,108,129,237
3176,105,117,222
3176,147,140,287
3176,104,90,194
3176,111,110,221
3176,138,98,236
3176,97,124,221
3176,117,109,226
3176,101,86,187
3176,119,169,288
3176,131,121,252
3176,217,219,436
3176,143,136,279
3176,117,109,226
3176,148,170,318
3176,107,106,213
3176,153,187,340
3176,96,90,186
3176,99,103,202
3176,109,116,225
3176,96,90,186
3176,78,83,161
3176,100,117,217
3176,74,75,149
3176,125,109,234
3176,112,87,199
3176,109,116,225
3176,126,79,205
3176,128,107,235
3176,188,151,339
3176,102,83,185
3176,139,163,302
3176,125,132,257
3176,85,79,164
3176,90,135,225
3176,233,195,428
3176,174,175,349
3177,113,107,220
3177,106,84,190
3177,128,109,237
3177,115,150,265
3177,145,153,298
3177,223,221,444
3177,78,87,165
3177,169,159,328
3177,98,111,209
3177,98,127,225
3177,93,90,183
3177,138,98,236
3177,118,90,208
3177,115,116,231
3177,107,104,211
3177,130,81,211
3177,144,159,303
3177,169,176,345
3177,138,165,303
3177,136,153,289
3177,88,80,168
3177,187,149,336
3177,89,135,224
3177,146,136,282
3177,98,91,189
3177,113,107,220
3177,129,108,237
3177,103,87,190
3177,93,90,183
3177,149,160,309
3177,109,113,222
3177,106,116,222
3177,227,192,419
3177,100,107,207
3177,121,114,235
3177,102,108,210
3177,75,74,149
3177,109,113,222
3178,88,129,217
3178,120,122,242
3178,131,131,262
3178,96,90,186
3178,74,76,150
3178,86,79,165
3178,162,132,294
3178,122,175,297
3178,108,109,217
3178,111,133,244
3178,112,106,218
3178,177,148,325
3178,80,93,173
3178,105,85,190
3178,100,109,209
3178,113,86,199
3178,168,160,328
3178,237,197,434
3178,127,108,235
3178,108,109,217
3178,137,80,217
3178,98,118,216
3178,112,106,218
3178,109,128,237
3178,137,99,236
3178,116,120,236
3178,229,222,451
3178,138,157,295
3178,166,145,311
3178,101,107,208
3178,96,91,187
3178,98,132,230
3178,113,107,220
3178,176,175,351
3178,140,140,280
3178,96,90,186
3178,132,108,240
3178,104,86,190
3179,130,109,239
3179,157,140,297
3179,116,108,224
3179,88,134,222
3179,128,130,258
3179,96,99,195
3179,119,112,231
3179,103,109,212
3179,75,78,153
3179,115,123,238
3179,110,111,221
3179,98,105,203
3179,98,131,229
3179,97,88,185
3179,124,106,230
3179,128,91,219
3179,186,178,364
3179,122,178,300
3179,133,80,213
3179,89,87,176
3179,208,206,414
3179,139,159,298
3179,114,145,259
3179,135,98,233
3179,191,154,345
3179,80,90,170
3179,110,127,237
3179,107,105,212
3179,119,86,205
3179,110,111,221
3179,83,78,161
3179,89,87,176
3179,91,82,173
3179,175,163,338
3179,135,136,271
3179,158,130,288
3179,107,105,212
3179,222,221,443
3180,109,105,214
3180,96,116,212
3180,159,130,289
3180,138,84,222
3180,89,80,169
3180,84,86,170
3180,113,112,225
3180,200,158,358
3180,109,105,214
3180,118,85,203
3180,204,196,400
3180,110,132,242
3180,81,91,172
3180,183,177,360
3180,149,172,321
3180,127,113,240
3180,136,131,267
3180,101,107,208
3180,116,125,241
3180,103,117,220
3180,170,146,316
3180,111,101,212
3180,109,126,235
3180,134,96,230
3180,95,97,192
3180,222,221,443
3180,136,151,287
3180,119,103,222
3180,84,86,170
3180,83,81,164
3180,126,110,236
3180,96,83,179
3180,87,131,218
3180,120,164,284
3180,74,72,146
3180,113,112,225
3180,121,130,251
3180,120,109,229
3181,110,102,212
3181,84,79,163
3181,74,71,145
3181,134,152,286
3181,104,103,207
3181,150,127,277
3181,91,87,178
3181,144,117,261
3181,221,220,441
3181,91,87,178
3181,113,100,213
3181,89,131,220
3181,169,175,344
3181,191,177,368
3181,110,100,210
3181,123,182,305
3181,109,85,194
3181,92,89,181
3181,148,174,322
3181,100,117,217
3181,145,164,309
3181,113,105,218
3181,123,128,251
3181,120,135,255
3181,118,150,268
3181,92,107,199
3181,110,102,212
3181,100,104,204
3181,165,143,308
3181,84,97,181
3181,109,127,236
3181,104,103,207
3181,95,85,180
3181,130,98,228
3181,105,80,185
3181,127,114,241
3181,201,188,389
3181,136,84,220
3182,89,88,177
3182,108,86,194
3182,110,109,219
3182,91,98,189
3182,145,85,230
3182,102,103,205
3182,89,88,177
3182,145,157,302
3182,86,80,166
3182,99,100,199
3182,143,157,300
3182,143,116,259
3182,98,108,206
3182,166,142,308
3182,89,85,174
3182,112,133,245
3182,109,128,237
3182,123,113,236
3182,90,82,172
3182,110,101,211
3182,75,73,148
3182,135,152,287
3182,218,218,436
3182,109,100,209
3182,193,179,372
3182,130,123,253
3182,154,129,283
3182,179,162,341
3182,172,180,352
3182,110,109,219
3182,207,188,395
3182,123,139,262
3182,110,83,193
3182,123,130,253
3182,86,101,187
3182,120,108,228
3182,102,103,205
3182,90,134,224
3183,190,177,367
3183,100,101,201
3183,82,83,165
3183,139,154,293
3183,213,191,404
3183,109,128,237
3183,197,157,354
3183,123,136,259
3183,90,132,222
3183,107,122,229
3183,89,79,168
3183,92,88,180
3183,78,73,151
3183,111,100,211
3183,124,113,237
3183,221,218,439
3183,110,100,210
3183,138,154,292
3183,107,86,193
3183,92,88,180
3183,155,129,284
3183,123,130,253
3183,86,99,185
3183,151,184,335
3183,118,150,268
3183,150,85,235
3183,127,115,242
3183,147,170,317
3183,100,101,201
3183,95,102,197
3183,113,104,217
3183,91,105,196
3183,138,156,294
3183,119,89,208
3183,108,102,210
3183,84,79,163
3183,101,96,197
3183,108,102,210
3184,122,112,234
3184,79,76,155
3184,125,109,234
3184,161,148,309
3184,155,135,290
3184,109,104,213
3184,99,97,196
3184,135,125,260
3184,99,108,207
3184,108,83,191
3184,108,120,228
3184,137,119,256
3184,125,128,253
3184,75,71,146
3184,135,149,284
3184,213,191,404
3184,117,112,229
3184,116,138,254
3184,90,81,171
3184,84,87,171
3184,91,87,178
3184,108,130,238
3184,114,115,229
3184,109,101,210
3184,135,95,230
3184,176,150,326
3184,84,82,166
3184,135,95,230
3184,90,113,203
3184,146,86,232
3184,91,87,178
3184,134,153,287
3184,96,100,196
3184,186,177,363
3184,222,220,442
3184,126,91,217
3184,96,100,196
3184,148,182,330
3185,109,121,230
3185,114,109,223
3185,126,105,231
3185,97,105,202
3185,103,117,220
3185,101,101,202
3185,72,71,143
3185,88,95,183
3185,132,118,250
3185,93,87,180
3185,93,87,180
3185,122,132,254
3185,113,134,247
3185,135,149,284
3185,89,77,166
3185,115,125,240
3185,144,86,230
3185,96,98,194
3185,142,155,297
3185,232,221,453
3185,212,191,403
3185,96,98,194
3185,142,125,267
3185,165,138,303
3185,146,183,329
3185,195,180,375
3185,129,93,222
3185,90,109,199
3185,110,100,210
3185,75,75,150
3185,197,159,356
3185,170,148,318
3185,116,107,223
3185,117,109,226
3185,109,89,198
3185,129,93,222
3185,106,124,230
3185,86,85,171
3186,135,118,253
3186,223,221,444
3186,72,76,148
3186,140,168,308
3186,108,127,235
3186,88,101,189
3186,114,106,220
3186,174,151,325
3186,140,85,225
3186,137,129,266
3186,99,87,186
3186,117,120,237
3186,124,106,230
3186,164,137,301
3186,135,94,229
3186,178,175,353
3186,106,106,212
3186,104,84,188
3186,117,102,219
3186,106,106,212
3186,135,94,229
3186,106,117,223
3186,94,100,194
3186,199,159,358
3186,108,116,224
3186,94,100,194
3186,115,125,240
3186,97,110,207
3186,103,104,207
3186,103,116,219
3186,98,112,210
3186,104,91,195
3186,75,72,147
3186,104,91,195
3186,98,81,179
3186,206,197,403
3186,148,185,333
3186,123,146,269
3187,98,129,227
3187,106,106,212
3187,101,113,214
3187,101,113,214
3187,96,105,201
3187,107,118,225
3187,124,125,249
3187,125,148,273
3187,125,92,217
3187,89,104,193
3187,141,98,239
3187,204,193,397
3187,97,87,184
3187,149,88,237
3187,100,84,184
3187,198,157,355
3187,141,98,239
3187,100,103,203
3187,106,84,190
3187,216,220,436
3187,108,104,212
3187,73,72,145
3187,73,76,149
3187,146,183,329
3187,127,116,243
3187,142,144,286
3187,96,105,201
3187,103,115,218
3187,139,150,289
3187,174,184,358
3187,118,102,220
3187,111,113,224
3187,135,118,253
3187,104,82,186
3187,104,115,219
3187,97,87,184
3187,161,134,295
3187,165,143,308
3187,110,119,229
3188,106,108,214
3188,119,129,248
3188,103,121,224
3188,217,220,437
3188,106,103,209
3188,74,74,148
3188,113,100,213
3188,73,78,151
3188,168,162,330
3188,153,140,293
3188,118,112,230
3188,141,146,287
3188,86,83,169
3188,124,147,271
3188,128,115,243
3188,103,112,215
3188,108,120,228
3188,98,110,208
3188,140,135,275
3188,99,78,177
3188,97,103,200
3188,108,88,196
3188,134,96,230
3188,134,96,230
3188,175,194,369
3188,104,112,216
3188,107,116,223
3188,205,209,414
3188,99,129,228
3188,86,83,169
3188,116,88,204
3188,152,134,286
3188,102,86,188
3188,141,99,240
3188,188,156,344
3188,153,87,240
3188,103,121,224
3188,98,110,208
3188,85,91,176
3189,90,106,196
3189,105,87,192
3189,146,138,284
3189,97,111,208
3189,107,119,226
3189,108,124,232
3189,106,114,220
3189,231,198,429
3189,222,222,444
3189,86,84,170
3189,104,98,202
3189,116,111,227
3189,91,76,167
3189,99,105,204
3189,97,111,208
3189,159,158,317
3189,119,113,232
3189,131,151,282
3189,116,124,240
3189,157,89,246
3189,86,84,170
3189,129,101,230
3189,107,114,221
3189,179,200,379
3189,94,84,178
3189,134,94,228
3189,74,71,145
3189,201,160,361
3189,134,94,228
3189,151,132,283
3189,112,88,200
3189,129,101,230
3189,117,108,225
3189,73,76,149
3189,130,99,229
3189,100,110,210
3189,118,129,247
3189,139,139,278
3189,155,138,293
3190,119,138,257
3190,88,78,166
3190,74,77,151
3190,98,89,187
3190,108,83,191
3190,98,89,187
3190,101,108,209
3190,136,95,231
3190,138,127,265
3190,146,152,298
3190,98,113,211
3190,101,104,205
3190,106,93,199
3190,107,116,223
3190,82,86,168
3190,158,138,296
3190,125,147,272
3190,124,113,237
3190,76,70,146
3190,136,95,231
3190,198,159,357
3190,127,91,218
3190,128,146,274
3190,114,103,217
3190,98,113,211
3190,106,93,199
3190,220,221,441
3190,96,77,173
3190,211,215,426
3190,106,112,218
3190,115,105,220
3190,138,101,239
3190,106,112,218
3190,138,137,275
3190,152,88,240
3190,182,209,391
3190,105,117,222
3190,122,114,236
3190,160,143,303
3191,99,104,203
3191,73,70,143
3191,108,116,224
3191,138,93,231
3191,109,122,231
3191,117,102,219
3191,208,187,395
3191,88,82,170
3191,93,74,167
3191,92,80,172
3191,138,93,231
3191,133,127,260
3191,101,103,204
3191,207,207,414
3191,129,148,277
3191,96,91,187
3191,122,112,234
3191,149,86,235
3191,117,114,231
3191,98,117,215
3191,115,106,221
3191,213,234,447
3191,142,137,279
3191,106,118,224
3191,184,153,337
3191,122,92,214
3191,96,88,184
3191,119,138,257
3191,149,155,304
3191,114,86,200
3191,96,91,187
3191,98,117,215
3191,132,130,262
3191,96,88,184
3191,108,121,229
3191,117,149,266
3191,119,113,232
3191,171,143,314
3191,71,76,147
3192,104,91,195
3192,122,113,235
3192,92,83,175
3192,117,144,261
3192,140,100,240
3192,98,101,199
3192,71,73,144
3192,164,159,323
3192,150,86,236
3192,164,159,323
3192,117,111,228
3192,244,229,473
3192,145,138,283
3192,129,93,222
3192,110,103,213
3192,107,112,219
3192,118,88,206
3192,97,116,213
3192,98,104,202
3192,72,71,143
3192,186,151,337
3192,87,80,167
3192,97,77,174
3192,182,213,395
3192,130,91,221
3192,205,199,404
3192,133,125,258
3192,108,116,224
3192,130,91,221
3192,142,163,305
3192,148,114,262
3192,97,116,213
3192,98,102,200
3192,98,102,200
3192,121,116,237
3192,108,124,232
3192,147,132,279
3192,132,128,260
3192,104,91,195
3192,107,99,206
3193,107,103,210
3193,100,103,203
3193,111,122,233
3193,132,92,224
3193,144,133,277
3193,121,136,257
3193,111,134,245
3193,180,200,380
3193,135,128,263
3193,132,92,224
3193,120,88,208
3193,130,132,262
3193,106,100,206
3193,97,102,199
3193,126,148,274
3193,106,117,223
3193,74,74,148
3193,82,80,162
3193,173,148,321
3193,94,111,205
3193,96,95,191
3193,128,91,219
3193,244,227,471
3193,200,188,388
3193,96,95,191
3193,96,100,196
3193,121,117,238
3193,72,73,145
3193,123,113,236
3193,163,158,321
3193,147,83,230
3193,166,141,307
3193,106,91,197
3193,163,158,321
3193,143,132,275
3193,136,99,235
3193,132,118,250
3193,106,91,197
3193,94,111,205
3193,91,79,170
3194,105,102,207
3194,131,92,223
3194,94,87,181
3194,138,141,279
3194,94,102,196
3194,178,148,326
3194,98,100,198
3194,75,76,151
3194,110,127,237
3194,91,94,185
3194,143,134,277
3194,154,155,309
3194,146,132,278
3194,99,100,199
3194,159,139,298
3194,124,119,243
3194,154,155,309
3194,97,98,195
3194,128,90,218
3194,239,226,465
3194,143,130,273
3194,144,111,255
3194,94,102,196
3194,131,105,236
3194,125,148,273
3194,72,77,149
3194,178,195,373
3194,111,127,238
3194,131,92,223
3194,121,88,209
3194,108,116,224
3194,145,84,229
3194,98,100,198
3194,94,87,181
3194,84,80,164
3194,94,87,181
3194,107,100,207
3194,205,189,394
3194,131,117,248
3194,126,118,244
3195,98,100,198
3195,142,130,272
3195,106,127,233
3195,135,82,217
3195,95,107,202
3195,108,111,219
3195,137,95,232
3195,136,137,273
3195,114,99,213
3195,117,132,249
3195,175,180,355
3195,88,87,175
3195,231,226,457
3195,144,136,280
3195,114,99,213
3195,95,107,202
3195,105,110,215
3195,161,137,298
3195,162,155,317
3195,74,74,148
3195,125,115,240
3195,120,127,247
3195,152,132,284
3195,162,155,317
3195,104,92,196
3195,117,114,231
3195,93,85,178
3195,209,189,398
3195,137,152,289
3195,106,102,208
3195,169,144,313
3195,101,95,196
3195,74,70,144
3195,101,117,218
3195,110,122,232
3195,137,95,232
3195,104,92,196
3195,125,89,214
3195,114,133,247
3195,79,81,160
3196,141,155,296
3196,79,77,156
3196,120,100,220
3196,131,93,224
3196,95,106,201
3196,96,94,190
3196,140,134,274
3196,136,130,266
3196,114,132,246
3196,108,121,229
3196,129,119,248
3196,183,151,334
3196,106,95,201
3196,99,107,206
3196,90,92,182
3196,141,155,296
3196,138,117,255
3196,106,95,201
3196,137,138,275
3196,134,81,215
3196,93,92,185
3196,120,100,220
3196,142,146,288
3196,144,122,266
3196,225,225,450
3196,79,81,160
3196,135,100,235
3196,216,193,409
3196,95,106,201
3196,134,131,265
3196,138,97,235
3196,180,194,374
3196,118,126,244
3196,104,87,191
3196,81,80,161
3196,110,107,217
3196,150,157,307
3196,138,97,235
3196,108,111,219
3196,108,105,213
3197,141,151,292
3197,89,91,180
3197,152,158,310
3197,142,151,293
3197,101,111,212
3197,105,94,199
3197,123,116,239
3197,111,122,233
3197,105,94,199
3197,137,138,275
3197,106,117,223
3197,137,95,232
3197,217,193,410
3197,110,113,223
3197,117,99,216
3197,142,146,288
3197,97,79,176
3197,113,133,246
3197,94,103,197
3197,107,87,194
3197,233,228,461
3197,129,93,222
3197,115,131,246
3197,83,94,177
3197,82,88,170
3197,192,154,346
3197,142,151,293
3197,129,116,245
3197,117,107,224
3197,174,151,325
3197,116,123,239
3197,117,99,216
3197,104,103,207
3197,125,147,272
3197,184,211,395
3197,137,95,232
3197,96,97,193
3197,139,83,222
3197,94,103,197
3197,81,78,159
3198,114,97,211
3198,78,80,158
3198,155,86,241
3198,105,86,191
3198,111,128,239
3198,122,115,237
3198,109,120,229
3198,111,95,206
3198,140,152,292
3198,178,148,326
3198,82,80,162
3198,130,93,223
3198,100,113,213
3198,94,102,196
3198,140,150,290
3198,117,126,243
3198,216,193,409
3198,130,93,223
3198,124,144,268
3198,229,226,455
3198,119,107,226
3198,144,154,298
3198,114,97,211
3198,94,90,184
3198,111,121,232
3198,183,207,390
3198,137,118,255
3198,91,96,187
3198,104,102,206
3198,111,95,206
3198,106,110,216
3198,142,158,300
3198,142,158,300
3198,110,85,195
3198,122,149,271
3198,195,156,351
3198,134,135,269
3198,128,92,220
3198,83,87,170
3198,94,102,196
3199,222,233,455
3199,202,189,391
3199,110,123,233
3199,168,168,336
3199,98,98,196
3199,101,85,186
3199,181,201,382
3199,134,94,228
3199,133,117,250
3199,143,137,280
3199,105,103,208
3199,149,169,318
3199,118,133,251
3199,111,86,197
3199,95,105,200
3199,76,76,152
3199,131,92,223
3199,144,160,304
3199,95,105,200
3199,122,148,270
3199,134,139,273
3199,109,116,225
3199,83,87,170
3199,144,155,299
3199,101,101,202
3199,107,91,198
3199,149,169,318
3199,113,127,240
3199,131,92,223
3199,89,96,185
3199,103,115,218
3199,122,146,268
3199,145,83,228
3199,115,106,221
3199,78,79,157
3199,107,91,198
3199,116,98,214
3199,172,145,317
3199,129,117,246
3199,116,98,214
3200,94,133,227
3200,98,118,216
3200,76,81,157
3200,107,114,221
3200,124,147,271
3200,85,95,180
3200,202,196,398
3200,125,100,225
3200,128,93,221
3200,99,116,215
3200,177,187,364
3200,100,95,195
3200,135,94,229
3200,95,88,183
3200,108,123,231
3200,135,94,229
3200,96,96,192
3200,133,120,253
3200,130,117,247
3200,142,83,225
3200,95,88,183
3200,137,143,280
3200,89,95,184
3200,121,137,258
3200,143,148,291
3200,100,84,184
3200,104,103,207
3200,125,184,309
3200,237,231,468
3200,114,134,248
3200,98,118,216
3200,83,80,163
3200,137,145,282
3200,116,130,246
3200,147,161,308
3200,165,152,317
3200,125,100,225
3200,141,153,294
3200,147,161,308
3200,102,115,217
3201,118,130,248
3201,95,84,179
3201,92,84,176
3201,116,128,244
3201,178,187,365
3201,141,156,297
3201,85,94,179
3201,108,120,228
3201,224,227,451
3201,155,156,311
3201,90,96,186
3201,95,88,183
3201,148,85,233
3201,136,137,273
3201,100,92,192
3201,127,159,286
3201,106,107,213
3201,108,97,205
3201,149,168,317
3201,87,81,168
3201,135,123,258
3201,108,97,205
3201,202,188,390
3201,92,131,223
3201,125,91,216
3201,155,156,311
3201,93,106,199
3201,75,75,150
3201,165,160,325
3201,115,86,201
3201,112,118,230
3201,139,144,283
3201,94,100,194
3201,109,105,214
3201,93,106,199
3201,125,91,216
3201,95,88,183
3201,103,119,222
3201,129,114,243
3201,136,135,271
3202,87,103,190
3202,142,157,299
3202,109,127,236
3202,122,90,212
3202,135,136,271
3202,92,87,179
3202,162,153,315
3202,105,87,192
3202,85,83,168
3202,80,79,159
3202,108,109,217
3202,157,155,312
3202,75,74,149
3202,104,100,204
3202,93,104,197
3202,85,83,168
3202,157,155,312
3202,118,107,225
3202,146,85,231
3202,93,105,198
3202,127,158,285
3202,123,108,231
3202,105,114,219
3202,101,115,216
3202,129,93,222
3202,117,139,256
3202,208,192,400
3202,140,146,286
3202,129,93,222
3202,124,184,308
3202,115,122,237
3202,173,180,353
3202,115,109,224
3202,103,89,192
3202,114,97,211
3202,93,104,197
3202,128,114,242
3202,134,135,269
3202,220,228,448
3202,114,97,211
3203,117,138,255
3203,79,87,166
3203,122,89,211
3203,109,115,224
3203,134,133,267
3203,93,100,193
3203,101,91,192
3203,144,113,257
3203,150,87,237
3203,144,152,296
3203,122,176,298
3203,113,103,216
3203,82,79,161
3203,93,133,226
3203,74,74,148
3203,164,149,313
3203,113,105,218
3203,92,97,189
3203,102,116,218
3203,114,87,201
3203,131,114,245
3203,167,158,325
3203,222,235,457
3203,92,85,177
3203,114,88,202
3203,173,174,347
3203,93,100,193
3203,136,139,275
3203,107,122,229
3203,167,158,325
3203,79,87,166
3203,117,97,214
3203,117,97,214
3203,105,115,220
3203,139,135,274
3203,114,87,201
3203,86,108,194
3203,118,124,242
3203,206,193,399
3203,129,161,290
3204,142,113,255
3204,122,90,212
3204,140,154,294
3204,134,140,274
3204,108,92,200
3204,157,89,246
3204,91,83,174
3204,114,122,236
3204,91,130,221
3204,71,71,142
3204,76,77,153
3204,102,115,217
3204,166,158,324
3204,115,105,220
3204,99,101,200
3204,150,171,321
3204,118,90,208
3204,121,139,260
3204,141,139,280
3204,150,171,321
3204,142,156,298
3204,116,135,251
3204,222,240,462
3204,114,112,226
3204,89,88,177
3204,177,182,359
3204,101,95,196
3204,112,125,237
3204,132,94,226
3204,149,156,305
3204,78,91,169
3204,122,90,212
3204,78,91,169
3204,121,103,224
3204,153,138,291
3204,115,91,206
3204,200,188,388
3204,99,101,200
3204,105,117,222
3204,108,92,200
3205,144,156,300
3205,104,93,197
3205,151,85,236
3205,131,107,238
3205,167,143,310
3205,120,138,258
3205,157,135,292
3205,143,113,256
3205,137,138,275
3205,78,89,167
3205,152,175,327
3205,144,133,277
3205,113,89,202
3205,221,241,462
3205,152,175,327
3205,108,102,210
3205,108,106,214
3205,169,176,345
3205,91,132,223
3205,87,81,168
3205,118,114,232
3205,91,82,173
3205,102,118,220
3205,112,89,201
3205,110,119,229
3205,132,91,223
3205,104,93,197
3205,118,139,257
3205,140,160,300
3205,100,92,192
3205,78,89,167
3205,68,75,143
3205,113,128,241
3205,108,106,214
3205,209,218,427
3205,132,91,223
3205,120,101,221
3205,82,74,156
3205,106,122,228
3205,177,186,363
3206,116,90,206
3206,105,101,206
3206,125,106,231
3206,80,85,165
3206,109,116,225
3206,111,96,207
3206,114,104,218
3206,152,178,330
3206,137,95,232
3206,152,178,330
3206,142,156,298
3206,138,131,269
3206,69,78,147
3206,80,73,153
3206,116,100,216
3206,106,119,225
3206,132,149,281
3206,133,139,272
3206,168,170,338
3206,115,123,238
3206,111,96,207
3206,181,200,381
3206,128,161,289
3206,80,85,165
3206,137,136,273
3206,122,115,237
3206,91,81,172
3206,148,82,230
3206,105,101,206
3206,222,242,464
3206,103,84,187
3206,112,125,237
3206,111,120,231
3206,112,108,220
3206,102,86,188
3206,101,115,216
3206,135,110,245
3206,206,221,427
3206,137,95,232
3206,99,91,190
3207,176,183,359
3207,124,116,240
3207,147,162,309
3207,122,102,224
3207,137,142,279
3207,81,85,166
3207,169,169,338
3207,67,77,144
3207,127,104,231
3207,81,85,166
3207,100,113,213
3207,104,111,215
3207,135,93,228
3207,220,201,421
3207,91,83,174
3207,94,99,193
3207,169,159,328
3207,78,73,151
3207,113,108,221
3207,104,95,199
3207,146,133,279
3207,137,111,248
3207,117,125,242
3207,160,137,297
3207,110,111,221
3207,135,93,228
3207,137,96,233
3207,98,83,181
3207,145,117,262
3207,146,155,301
3207,125,73,198
3207,122,102,224
3207,102,91,193
3207,169,159,328
3207,106,89,195
3207,125,149,274
3207,116,128,244
3207,94,99,193
3207,221,244,465
3207,104,85,189
3208,150,157,307
3208,115,108,223
3208,94,100,194
3208,76,72,148
3208,219,243,462
3208,168,159,327
3208,123,138,261
3208,94,100,194
3208,129,102,231
3208,140,137,277
3208,93,88,181
3208,109,115,224
3208,92,81,173
3208,117,128,245
3208,103,101,204
3208,103,83,186
3208,91,116,207
3208,134,111,245
3208,156,135,291
3208,99,95,194
3208,168,159,327
3208,143,95,238
3208,203,193,396
3208,103,115,218
3208,78,85,163
3208,78,85,163
3208,164,160,324
3208,143,95,238
3208,137,95,232
3208,134,113,247
3208,109,112,221
3208,122,135,257
3208,129,102,231
3208,136,109,245
3208,125,83,208
3208,147,166,313
3208,138,140,278
3208,69,77,146
3208,99,111,210
3208,182,205,387
3209,129,104,233
3209,107,106,213
3209,145,115,260
3209,109,114,223
3209,127,91,218
3209,88,79,167
3209,142,153,295
3209,117,129,246
3209,123,141,264
3209,152,133,285
3209,136,109,245
3209,91,116,207
3209,219,245,464
3209,164,157,321
3209,164,156,320
3209,132,92,224
3209,100,111,211
3209,205,205,410
3209,102,112,214
3209,101,81,182
3209,77,84,161
3209,139,107,246
3209,77,84,161
3209,69,75,144
3209,141,147,288
3209,150,136,286
3209,94,100,194
3209,164,156,320
3209,102,103,205
3209,209,190,399
3209,129,104,233
3209,94,100,194
3209,125,182,307
3209,127,112,239
3209,109,109,218
3209,80,73,153
3209,132,92,224
3209,91,85,176
3209,136,80,216
3209,97,94,191
3210,101,114,215
3210,99,96,195
3210,75,73,148
3210,104,96,200
3210,118,92,210
3210,109,85,194
3210,119,140,259
3210,121,101,222
3210,157,156,313
3210,105,120,225
3210,96,108,204
3210,207,195,402
3210,77,87,164
3210,146,135,281
3210,107,109,216
3210,127,107,234
3210,68,77,145
3210,144,130,274
3210,131,105,236
3210,146,152,298
3210,122,142,264
3210,245,228,473
3210,138,138,276
3210,134,78,212
3210,126,148,274
3210,121,101,222
3210,122,89,211
3210,109,85,194
3210,135,115,250
3210,110,109,219
3210,110,106,216
3210,77,87,164
3210,96,108,204
3210,87,80,167
3210,108,110,218
3210,192,182,374
3210,90,81,171
3210,171,174,345
3210,139,142,281
3210,157,156,313
3211,222,201,423
3211,121,142,263
3211,171,177,348
3211,104,105,209
3211,107,111,218
3211,124,106,230
3211,131,132,263
3211,96,86,182
3211,101,113,214
3211,90,77,167
3211,144,138,282
3211,141,145,286
3211,141,107,248
3211,123,102,225
3211,124,78,202
3211,158,155,313
3211,96,110,206
3211,123,102,225
3211,126,157,283
3211,247,229,476
3211,113,99,212
3211,96,110,206
3211,113,119,232
3211,67,75,142
3211,128,93,221
3211,147,153,300
3211,78,77,155
3211,79,84,163
3211,109,111,220
3211,128,93,221
3211,158,155,313
3211,79,84,163
3211,109,115,224
3211,97,83,180
3211,113,86,199
3211,138,111,249
3211,114,124,238
3211,120,91,211
3211,136,129,265
3211,175,187,362
3212,151,153,304
3212,220,249,469
3212,80,88,168
3212,70,82,152
3212,143,151,294
3212,151,153,304
3212,132,137,269
3212,102,113,215
3212,127,107,234
3212,97,112,209
3212,110,112,222
3212,121,143,264
3212,122,91,213
3212,110,117,227
3212,96,103,199
3212,80,91,171
3212,202,159,361
3212,113,86,199
3212,104,111,215
3212,177,180,357
3212,151,139,290
3212,136,79,215
3212,90,83,173
3212,132,105,237
3212,92,93,185
3212,218,199,417
3212,97,78,175
3212,145,130,275
3212,118,132,250
3212,127,180,307
3212,103,124,227
3212,103,124,227
3212,80,91,171
3212,137,113,250
3212,122,91,213
3212,97,112,209
3212,112,87,199
3212,114,98,212
3212,108,112,220
3212,158,140,298
3213,79,93,172
3213,114,91,205
3213,121,161,282
3213,123,91,214
3213,123,91,214
3213,100,111,211
3213,160,143,303
3213,125,98,223
3213,91,92,183
3213,121,103,224
3213,108,111,219
3213,96,112,208
3213,140,131,271
3213,96,112,208
3213,222,251,473
3213,111,82,193
3213,146,163,309
3213,169,134,303
3213,108,125,233
3213,115,130,245
3213,69,84,153
3213,79,93,172
3213,88,100,188
3213,146,163,309
3213,142,113,255
3213,108,111,219
3213,107,87,194
3213,147,137,284
3213,80,87,167
3213,141,112,253
3213,116,129,245
3213,125,104,229
3213,125,98,223
3213,90,79,169
3213,106,107,213
3213,214,198,412
3213,179,179,358
3213,138,147,285
3213,143,83,226
3213,175,182,357
3214,149,170,319
3214,127,91,218
3214,95,106,201
3214,100,115,215
3214,177,183,360
3214,128,108,236
3214,123,102,225
3214,173,133,306
3214,114,96,210
3214,127,163,290
3214,114,96,210
3214,176,150,326
3214,89,79,168
3214,73,91,164
3214,149,170,319
3214,126,106,232
3214,95,106,201
3214,94,85,179
3214,78,90,168
3214,137,111,248
3214,119,135,254
3214,127,91,218
3214,112,136,248
3214,105,104,209
3214,90,94,184
3214,139,129,268
3214,141,164,305
3214,223,204,427
3214,96,112,208
3214,190,153,343
3214,107,84,191
3214,78,90,168
3214,120,138,258
3214,240,224,464
3214,112,123,235
3214,79,85,164
3214,117,151,268
3214,94,102,196
3214,109,114,223
3214,129,112,241
3215,146,115,261
3215,73,92,165
3215,113,137,250
3215,153,178,331
3215,106,104,210
3215,129,108,237
3215,94,103,197
3215,80,84,164
3215,215,200,415
3215,145,139,284
3215,109,114,223
3215,104,128,232
3215,127,160,287
3215,180,150,330
3215,122,143,265
3215,111,100,211
3215,95,79,174
3215,93,93,186
3215,81,85,166
3215,94,85,179
3215,180,194,374
3215,121,149,270
3215,133,94,227
3215,96,106,202
3215,98,106,204
3215,116,103,219
3215,98,115,213
3215,106,85,191
3215,97,125,222
3215,104,128,232
3215,81,85,166
3215,128,112,240
3215,153,178,331
3215,232,222,454
3215,112,124,236
3215,96,106,202
3215,133,94,227
3215,172,134,306
3215,170,145,315
3215,131,131,262
3216,182,202,384
3216,89,89,178
3216,97,103,200
3216,97,115,212
3216,139,149,288
3216,78,75,153
3216,113,111,224
3216,193,154,347
3216,106,106,212
3216,106,83,189
3216,93,91,184
3216,144,155,299
3216,97,115,212
3216,101,83,184
3216,236,225,461
3216,154,137,291
3216,88,91,179
3216,91,85,176
3216,107,123,230
3216,132,126,258
3216,210,202,412
3216,111,119,230
3216,119,136,255
3216,119,151,270
3216,129,94,223
3216,96,116,212
3216,129,105,234
3216,106,111,217
3216,101,112,213
3216,89,89,178
3216,185,167,352
3216,104,100,204
3216,142,114,256
3216,135,144,279
3216,129,94,223
3216,72,89,161
3216,129,105,234
3216,185,167,352
3216,147,85,232
3216,114,101,215
3217,120,89,209
3217,211,199,410
3217,133,139,272
3217,105,110,215
3217,185,150,335
3217,80,82,162
3217,141,113,254
3217,89,89,178
3217,119,138,257
3217,99,104,203
3217,105,103,208
3217,107,109,216
3217,103,124,227
3217,155,137,292
3217,120,105,225
3217,82,83,165
3217,105,84,189
3217,137,108,245
3217,151,84,235
3217,179,188,367
3217,140,154,294
3217,94,106,200
3217,103,124,227
3217,120,89,209
3217,98,114,212
3217,119,151,270
3217,86,82,168
3217,117,88,205
3217,111,115,226
3217,129,127,256
3217,89,89,178
3217,93,87,180
3217,233,221,454
3217,71,85,156
3217,139,148,287
3217,154,180,334
3217,98,114,212
3217,154,180,334
3217,111,116,227
3217,130,96,226
3218,103,118,221
3218,135,140,275
3218,160,88,248
3218,145,140,285
3218,99,93,192
3218,177,182,359
3218,142,114,256
3218,120,134,254
3218,132,156,288
3218,91,88,179
3218,90,87,177
3218,97,104,201
3218,140,153,293
3218,95,107,202
3218,194,156,350
3218,92,99,191
3218,112,123,235
3218,100,116,216
3218,78,78,156
3218,127,92,219
3218,106,85,191
3218,91,88,179
3218,117,104,221
3218,230,221,451
3218,106,114,220
3218,100,116,216
3218,155,179,334
3218,155,179,334
3218,138,128,266
3218,111,112,223
3218,95,107,202
3218,120,113,233
3218,144,128,272
3218,124,89,213
3218,135,107,242
3218,222,205,427
3218,69,78,147
3218,93,84,177
3218,95,98,193
3218,127,92,219
3219,142,128,270
3219,141,126,267
3219,83,86,169
3219,104,111,215
3219,173,178,351
3219,99,110,209
3219,115,86,201
3219,93,107,200
3219,102,102,204
3219,97,82,179
3219,208,214,422
3219,124,152,276
3219,111,113,224
3219,139,118,257
3219,93,107,200
3219,179,165,344
3219,99,108,207
3219,225,219,444
3219,99,108,207
3219,132,127,259
3219,118,110,228
3219,117,104,221
3219,122,103,225
3219,112,122,234
3219,85,81,166
3219,104,83,187
3219,148,139,287
3219,127,105,232
3219,103,118,221
3219,147,116,263
3219,179,183,362
3219,68,75,143
3219,110,124,234
3219,78,80,158
3219,179,165,344
3219,112,122,234
3219,98,113,211
3219,138,151,289
3219,83,86,169
3219,98,105,203
3220,95,93,188
3220,178,166,344
3220,123,125,248
3220,78,83,161
3220,133,129,262
3220,116,116,232
3220,126,106,232
3220,98,81,179
3220,106,108,214
3220,82,83,165
3220,79,84,163
3220,104,84,188
3220,152,134,286
3220,123,152,275
3220,96,111,207
3220,95,93,188
3220,99,123,222
3220,69,74,143
3220,110,84,194
3220,134,117,251
3220,128,110,238
3220,178,187,365
3220,178,166,344
3220,99,123,222
3220,114,129,243
3220,106,112,218
3220,173,180,353
3220,106,108,214
3220,228,220,448
3220,78,83,161
3220,93,103,196
3220,104,112,216
3220,127,97,224
3220,209,215,424
3220,113,111,224
3220,141,147,288
3220,145,166,311
3220,118,145,263
3220,102,122,224
3220,117,137,254
3221,113,116,229
3221,99,123,222
3221,112,116,228
3221,79,90,169
3221,91,79,170
3221,167,162,329
3221,135,131,266
3221,166,156,322
3221,98,103,201
3221,68,83,151
3221,99,105,204
3221,123,96,219
3221,151,142,293
3221,132,115,247
3221,87,96,183
3221,112,125,237
3221,104,83,187
3221,113,124,237
3221,147,169,316
3221,180,185,365
3221,145,115,260
3221,167,162,329
3221,225,218,443
3221,98,103,201
3221,84,81,165
3221,99,123,222
3221,150,134,284
3221,113,124,237
3221,126,96,222
3221,132,128,260
3221,77,78,155
3221,210,204,414
3221,102,117,219
3221,119,157,276
3221,105,97,202
3221,79,90,169
3221,132,114,246
3221,102,103,205
3221,106,86,192
3221,110,113,223
3222,76,84,160
3222,98,127,225
3222,97,96,193
3222,103,99,202
3222,99,88,187
3222,141,112,253
3222,158,144,302
3222,143,140,283
3222,235,222,457
3222,75,72,147
3222,191,187,378
3222,106,110,216
3222,112,121,233
3222,125,99,224
3222,214,199,413
3222,120,113,233
3222,138,97,235
3222,106,84,190
3222,114,121,235
3222,98,127,225
3222,70,84,154
3222,135,135,270
3222,76,84,160
3222,100,108,208
3222,164,163,327
3222,119,158,277
3222,163,156,319
3222,155,137,292
3222,100,108,208
3222,86,91,177
3222,113,115,228
3222,138,97,235
3222,154,137,291
3222,138,118,256
3222,107,91,198
3222,101,114,215
3222,164,163,327
3222,105,106,211
3222,101,99,200
3222,89,77,166
3223,125,147,272
3223,138,148,286
3223,175,151,326
3223,154,137,291
3223,105,84,189
3223,88,103,191
3223,104,99,203
3223,158,160,318
3223,70,87,157
3223,77,81,158
3223,113,132,245
3223,213,197,410
3223,110,98,208
3223,98,131,229
3223,79,81,160
3223,102,88,190
3223,133,156,289
3223,103,115,218
3223,125,167,292
3223,105,110,215
3223,107,84,191
3223,113,114,227
3223,115,134,249
3223,97,98,195
3223,98,131,229
3223,116,137,253
3223,122,93,215
3223,134,93,227
3223,246,225,471
3223,211,195,406
3223,77,81,158
3223,134,93,227
3223,108,108,216
3223,133,117,250
3223,102,116,218
3223,163,150,313
3223,103,115,218
3223,134,135,269
3223,142,114,256
3223,158,160,318
3224,101,115,216
3224,105,108,213
3224,87,98,185
3224,157,138,295
3224,125,104,229
3224,72,91,163
3224,127,93,220
3224,138,118,256
3224,137,152,289
3224,163,150,313
3224,91,82,173
3224,112,88,200
3224,137,163,300
3224,102,115,217
3224,120,136,256
3224,127,93,220
3224,123,102,225
3224,103,105,208
3224,140,138,278
3224,80,88,168
3224,77,88,165
3224,212,193,405
3224,100,82,182
3224,230,219,449
3224,150,140,290
3224,97,124,221
3224,77,88,165
3224,135,107,242
3224,97,124,221
3224,104,100,204
3224,113,137,250
3224,172,165,337
3224,112,114,226
3224,118,151,269
3224,111,131,242
3224,202,197,399
3224,131,111,242
3224,172,165,337
3224,101,115,216
3224,109,85,194
3225,97,127,224
3225,78,89,167
3225,111,84,195
3225,96,90,186
3225,103,106,209
3225,81,92,173
3225,109,106,215
3225,106,125,231
3225,109,110,219
3225,106,125,231
3225,169,169,338
3225,149,141,290
3225,70,91,161
3225,153,156,309
3225,209,217,426
3225,112,135,247
3225,78,89,167
3225,153,156,309
3225,102,113,215
3225,99,126,225
3225,121,150,271
3225,97,127,224
3225,139,149,288
3225,105,104,209
3225,157,143,300
3225,217,213,430
3225,113,115,228
3225,109,85,194
3225,105,115,220
3225,94,103,197
3225,117,103,220
3225,136,116,252
3225,127,110,237
3225,182,210,392
3225,86,94,180
3225,98,83,181
3225,125,149,274
3225,138,129,267
3225,109,85,194
3225,116,114,230
3226,105,104,209
3226,77,83,160
3226,115,135,250
3226,211,225,436
3226,98,120,218
3226,92,109,201
3226,125,98,223
3226,98,93,191
3226,208,190,398
3226,82,97,179
3226,97,88,185
3226,110,108,218
3226,154,161,315
3226,146,155,301
3226,101,113,214
3226,91,101,192
3226,108,106,214
3226,96,127,223
3226,122,162,284
3226,156,127,283
3226,120,90,210
3226,129,115,244
3226,122,141,263
3226,120,90,210
3226,212,220,432
3226,110,87,197
3226,154,145,299
3226,164,159,323
3226,96,127,223
3226,136,116,252
3226,82,97,179
3226,72,93,165
3226,102,105,207
3226,128,101,229
3226,119,88,207
3226,164,138,302
3226,110,105,215
3226,154,161,315
3226,108,112,220
3226,125,98,223
3227,121,93,214
3227,117,88,205
3227,155,158,313
3227,130,154,284
3227,140,124,264
3227,165,151,316
3227,116,139,255
3227,103,104,207
3227,205,213,418
3227,133,115,248
3227,117,113,230
3227,149,167,316
3227,100,110,210
3227,104,91,195
3227,95,103,198
3227,110,106,216
3227,96,131,227
3227,122,150,272
3227,112,114,226
3227,155,133,288
3227,142,120,262
3227,155,158,313
3227,100,103,203
3227,96,131,227
3227,140,98,238
3227,126,98,224
3227,173,150,323
3227,182,211,393
3227,81,95,176
3227,106,90,196
3227,113,88,201
3227,81,95,176
3227,115,121,236
3227,213,221,434
3227,104,112,216
3227,71,91,162
3227,79,91,170
3227,99,124,223
3227,140,98,238
3227,104,91,195
3228,109,87,196
3228,98,93,191
3228,171,147,318
3228,145,120,265
3228,124,113,237
3228,82,99,181
3228,212,216,428
3228,107,106,213
3228,125,97,222
3228,186,185,371
3228,141,124,265
3228,70,87,157
3228,105,106,211
3228,101,114,215
3228,119,150,269
3228,157,137,294
3228,132,160,292
3228,124,115,239
3228,127,112,239
3228,124,103,227
3228,107,106,213
3228,111,91,202
3228,82,99,181
3228,104,109,213
3228,112,111,223
3228,157,163,320
3228,76,86,162
3228,112,115,227
3228,111,111,222
3228,102,93,195
3228,146,122,268
3228,102,93,195
3228,92,83,175
3228,157,163,320
3228,100,105,205
3228,127,112,239
3228,149,162,311
3228,108,87,195
3228,219,200,419
3228,173,154,327
3229,111,88,199
3229,129,152,281
3229,117,111,228
3229,130,145,275
3229,86,114,200
3229,98,110,208
3229,156,159,315
3229,123,97,220
3229,136,118,254
3229,156,159,315
3229,70,85,155
3229,149,127,276
3229,125,101,226
3229,96,123,219
3229,145,138,283
3229,103,100,203
3229,86,114,200
3229,109,108,217
3229,168,152,320
3229,127,151,278
3229,115,119,234
3229,72,81,153
3229,103,100,203
3229,104,106,210
3229,115,101,216
3229,114,96,210
3229,117,111,228
3229,108,119,227
3229,164,150,314
3229,93,88,181
3229,114,96,210
3229,217,200,417
3229,124,114,238
3229,116,134,250
3229,97,84,181
3229,213,216,429
3229,112,111,223
3229,114,121,235
3229,200,189,389
3229,112,100,212
3230,94,105,199
3230,100,89,189
3230,104,84,188
3230,94,105,199
3230,117,93,210
3230,91,101,192
3230,117,93,210
3230,110,104,214
3230,156,157,313
3230,235,209,444
3230,112,98,210
3230,132,117,249
3230,70,90,160
3230,97,94,191
3230,200,191,391
3230,131,106,237
3230,111,109,220
3230,110,112,222
3230,115,100,215
3230,109,108,217
3230,120,92,212
3230,100,114,214
3230,98,95,193
3230,71,75,146
3230,176,147,323
3230,117,124,241
3230,212,215,427
3230,160,138,298
3230,129,124,253
3230,95,117,212
3230,161,152,313
3230,105,94,199
3230,156,157,313
3230,102,107,209
3230,134,149,283
3230,153,142,295
3230,131,106,237
3230,105,94,199
3230,123,149,272
3230,133,119,252
3231,139,96,235
3231,112,112,224
3231,102,94,196
3231,128,151,279
3231,123,91,214
3231,105,88,193
3231,113,103,216
3231,139,96,235
3231,107,117,224
3231,136,118,254
3231,156,143,299
3231,161,136,297
3231,136,117,253
3231,116,124,240
3231,207,223,430
3231,143,107,250
3231,108,125,233
3231,169,166,335
3231,103,108,211
3231,114,119,233
3231,92,82,174
3231,216,217,433
3231,138,135,273
3231,201,191,392
3231,72,82,154
3231,128,152,280
3231,129,97,226
3231,157,160,317
3231,108,125,233
3231,105,88,193
3231,89,109,198
3231,108,94,202
3231,99,89,188
3231,73,94,167
3231,138,121,259
3231,157,160,317
3231,89,109,198
3231,101,84,185
3231,93,107,200
3231,90,97,187
3232,95,83,178
3232,114,93,207
3232,108,122,230
3232,111,116,227
3232,170,155,325
3232,114,119,233
3232,105,79,184
3232,174,183,357
3232,121,106,227
3232,94,121,215
3232,72,84,156
3232,157,170,327
3232,143,120,263
3232,128,152,280
3232,107,113,220
3232,110,109,219
3232,164,164,328
3232,127,96,223
3232,73,90,163
3232,95,109,204
3232,114,93,207
3232,109,87,196
3232,94,121,215
3232,85,87,172
3232,140,121,261
3232,164,164,328
3232,108,122,230
3232,100,102,202
3232,114,119,233
3232,154,135,289
3232,120,100,220
3232,225,220,445
3232,124,115,239
3232,206,223,429
3232,111,103,214
3232,137,158,295
3232,138,121,259
3232,114,134,248
3232,141,136,277
3232,123,112,235
3233,107,106,213
3233,103,85,188
3233,110,130,240
3233,128,136,264
3233,143,156,299
3233,115,93,208
3233,208,225,433
3233,114,142,256
3233,157,135,292
3233,112,84,196
3233,103,110,213
3233,74,91,165
3233,108,112,220
3233,98,93,191
3233,91,116,207
3233,131,129,260
3233,154,169,323
3233,140,136,276
3233,107,106,213
3233,126,95,221
3233,228,221,449
3233,118,111,229
3233,142,122,264
3233,109,97,206
3233,116,91,207
3233,123,101,224
3233,115,124,239
3233,180,148,328
3233,139,107,246
3233,185,162,347
3233,93,106,199
3233,181,191,372
3233,114,108,222
3233,72,86,158
3233,100,107,207
3233,91,116,207
3233,130,112,242
3233,116,91,207
3233,103,110,213
3233,154,169,323
3234,94,107,201
3234,125,125,250
3234,234,204,438
3234,101,107,208
3234,151,141,292
3234,137,154,291
3234,112,116,228
3234,136,107,243
3234,188,163,351
3234,110,113,223
3234,184,199,383
3234,96,125,221
3234,105,86,191
3234,230,221,451
3234,115,92,207
3234,107,88,195
3234,109,134,243
3234,92,98,190
3234,155,138,293
3234,101,107,208
3234,92,105,197
3234,99,84,183
3234,75,91,166
3234,111,131,242
3234,134,116,250
3234,152,88,240
3234,153,164,317
3234,129,123,252
3234,96,125,221
3234,153,164,317
3234,72,88,160
3234,104,101,205
3234,115,92,207
3234,104,101,205
3234,141,121,262
3234,127,95,222
3234,163,155,318
3234,111,109,220
3234,126,109,235
3234,102,94,196
3235,98,99,197
3235,76,92,168
3235,100,99,199
3235,145,85,230
3235,133,106,239
3235,101,98,199
3235,93,107,200
3235,113,92,205
3235,109,130,239
3235,180,153,333
3235,128,97,225
3235,133,114,247
3235,130,158,288
3235,101,98,199
3235,114,112,226
3235,163,155,318
3235,112,92,204
3235,72,89,161
3235,113,111,224
3235,152,159,311
3235,96,129,225
3235,126,119,245
3235,152,159,311
3235,224,216,440
3235,110,107,217
3235,178,193,371
3235,151,143,294
3235,109,89,198
3235,112,92,204
3235,136,127,263
3235,98,99,197
3235,201,212,413
3235,104,116,220
3235,136,152,288
3235,110,87,197
3235,119,106,225
3235,87,89,176
3235,137,117,254
3235,96,129,225
3235,91,91,182
3236,214,214,428
3236,127,153,280
3236,120,92,212
3236,87,116,203
3236,175,182,357
3236,118,126,244
3236,95,120,215
3236,172,173,345
3236,106,86,192
3236,126,103,229
3236,112,110,222
3236,84,80,164
3236,110,110,220
3236,125,94,219
3236,157,158,315
3236,197,196,393
3236,96,95,191
3236,134,126,260
3236,139,117,256
3236,128,175,303
3236,121,96,217
3236,124,110,234
3236,108,108,216
3236,102,102,204
3236,87,90,177
3236,96,95,191
3236,131,83,214
3236,158,154,312
3236,132,117,249
3236,121,96,217
3236,87,116,203
3236,71,87,158
3236,106,89,195
3236,157,158,315
3236,114,141,255
3236,136,149,285
3236,90,99,189
3236,82,107,189
3236,170,149,319
3236,95,120,215
3237,87,95,182
3237,106,111,217
3237,116,126,242
3237,119,92,211
3237,91,112,203
3237,98,94,192
3237,167,147,314
3237,131,98,229
3237,80,105,185
3237,106,97,203
3237,173,162,335
3237,173,162,335
3237,128,104,232
3237,106,97,203
3237,119,93,212
3237,67,81,148
3237,230,205,435
3237,142,98,240
3237,116,139,255
3237,116,111,227
3237,142,98,240
3237,128,152,280
3237,87,114,201
3237,123,109,232
3237,116,114,230
3237,110,107,217
3237,107,87,194
3237,124,110,234
3237,172,173,345
3237,160,174,334
3237,82,76,158
3237,188,182,370
3237,127,174,301
3237,141,83,224
3237,138,157,295
3237,127,96,223
3237,87,114,201
3237,91,112,203
3237,133,153,286
3237,207,213,420
3238,84,107,191
3238,118,106,224
3238,207,190,397
3238,82,75,157
3238,133,143,276
3238,88,102,190
3238,96,97,193
3238,104,110,214
3238,159,187,346
3238,151,131,282
3238,96,97,193
3238,114,107,221
3238,124,140,264
3238,88,102,190
3238,154,130,284
3238,130,103,233
3238,135,82,217
3238,105,115,220
3238,89,100,189
3238,96,114,210
3238,159,187,346
3238,99,94,193
3238,70,81,151
3238,111,114,225
3238,91,99,190
3238,129,97,226
3238,84,107,191
3238,121,106,227
3238,128,150,278
3238,101,85,186
3238,112,120,232
3238,112,85,197
3238,136,96,232
3238,112,120,232
3238,227,205,432
3238,116,141,257
3238,183,164,347
3238,205,212,417
3238,137,113,250
3238,170,166,336
3239,112,128,240
3239,164,155,319
3239,110,115,225
3239,93,102,195
3239,180,203,383
3239,90,87,177
3239,93,107,200
3239,184,161,345
3239,121,84,205
3239,83,102,185
3239,90,101,191
3239,151,130,281
3239,105,97,202
3239,112,128,240
3239,96,94,190
3239,184,161,345
3239,106,106,212
3239,208,219,427
3239,91,80,171
3239,131,171,302
3239,74,97,171
3239,143,123,266
3239,184,162,346
3239,111,110,221
3239,125,107,232
3239,90,101,191
3239,111,101,212
3239,96,110,206
3239,82,109,191
3239,83,102,185
3239,110,115,225
3239,115,110,225
3239,114,108,222
3239,130,98,228
3239,123,140,263
3239,125,102,227
3239,205,222,427
3239,96,94,190
3239,88,95,183
3239,174,150,324
3240,213,231,444
3240,118,108,226
3240,106,96,202
3240,104,105,209
3240,94,78,172
3240,169,157,326
3240,134,130,264
3240,164,157,321
3240,77,99,176
3240,92,112,204
3240,107,106,213
3240,85,104,189
3240,138,166,304
3240,118,107,225
3240,124,81,205
3240,127,155,282
3240,122,111,233
3240,119,106,225
3240,125,152,277
3240,181,201,382
3240,208,226,434
3240,112,120,232
3240,105,103,208
3240,85,104,189
3240,147,123,270
3240,105,103,208
3240,164,157,321
3240,106,96,202
3240,81,106,187
3240,105,106,211
3240,110,99,209
3240,176,175,351
3240,91,98,189
3240,156,132,288
3240,127,95,222
3240,94,112,206
3240,130,96,226
3240,92,112,204
3240,95,86,181
3240,94,116,210
3241,169,163,332
3241,138,114,252
3241,182,208,390
3241,144,160,304
3241,104,102,206
3241,79,108,187
3241,102,89,191
3241,95,111,206
3241,103,101,204
3241,137,85,222
3241,85,110,195
3241,123,110,233
3241,121,138,259
3241,118,104,222
3241,165,146,311
3241,140,119,259
3241,103,101,204
3241,90,102,192
3241,102,94,196
3241,103,112,215
3241,86,111,197
3241,92,105,197
3241,115,130,245
3241,209,220,429
3241,157,166,323
3241,111,107,218
3241,213,228,441
3241,112,91,203
3241,102,94,196
3241,113,119,232
3241,105,83,188
3241,110,120,230
3241,129,121,250
3241,132,141,273
3241,92,105,197
3241,111,91,202
3241,162,156,318
3241,132,132,264
3241,157,166,323
3241,86,111,197
3242,131,114,245
3242,106,118,224
3242,126,155,281
3242,125,106,231
3242,153,144,297
3242,111,98,209
3242,151,92,243
3242,210,224,434
3242,119,139,258
3242,90,101,191
3242,155,160,315
3242,111,98,209
3242,114,116,230
3242,99,80,179
3242,86,110,196
3242,95,115,210
3242,100,86,186
3242,161,158,319
3242,115,126,241
3242,113,109,222
3242,119,141,260
3242,134,121,255
3242,83,111,194
3242,86,110,196
3242,131,173,304
3242,93,119,212
3242,94,90,184
3242,113,121,234
3242,182,215,397
3242,174,154,328
3242,117,95,212
3242,93,119,212
3242,100,86,186
3242,139,113,252
3242,93,103,196
3242,234,211,445
3242,122,104,226
3242,161,158,319
3242,79,103,182
3242,130,130,260
3243,126,150,276
3243,123,114,237
3243,156,132,288
3243,121,105,226
3243,96,117,213
3243,115,117,232
3243,110,101,211
3243,122,97,219
3243,152,142,294
3243,137,113,250
3243,89,113,202
3243,125,106,231
3243,89,113,202
3243,209,222,431
3243,184,163,347
3243,207,228,435
3243,107,87,194
3243,181,155,336
3243,91,108,199
3243,170,160,330
3243,100,89,189
3243,123,145,268
3243,81,111,192
3243,100,89,189
3243,98,115,213
3243,208,191,399
3243,92,94,186
3243,129,106,235
3243,158,93,251
3243,93,116,209
3243,138,132,270
3243,170,160,330
3243,105,107,212
3243,123,144,267
3243,97,82,179
3243,93,116,209
3243,147,120,267
3243,115,121,236
3243,106,114,220
3244,93,108,201
3244,141,151,292
3244,109,114,223
3244,157,160,317
3244,98,110,208
3244,126,142,268
3244,138,161,299
3244,149,135,284
3244,135,88,223
3244,92,105,197
3244,133,93,226
3244,211,233,444
3244,157,160,317
3244,126,117,243
3244,128,154,282
3244,114,123,237
3244,109,117,226
3244,111,92,203
3244,117,94,211
3244,208,222,430
3244,126,118,244
3244,111,92,203
3244,101,83,184
3244,93,112,205
3244,92,105,197
3244,78,104,182
3244,181,156,337
3244,88,91,179
3244,96,121,217
3244,161,156,317
3244,130,113,243
3244,106,87,193
3244,123,105,228
3244,139,116,255
3244,121,140,261
3244,99,104,203
3244,109,114,223
3244,180,194,374
3244,123,105,228
3245,186,209,395
3245,107,102,209
3245,134,148,282
3245,104,112,216
3245,160,144,304
3245,116,126,242
3245,115,94,209
3245,107,87,194
3245,96,122,218
3245,229,206,435
3245,213,235,448
3245,147,117,264
3245,164,171,335
3245,120,146,266
3245,78,102,180
3245,111,92,203
3245,92,108,200
3245,109,85,194
3245,125,116,241
3245,115,94,209
3245,126,105,231
3245,107,108,215
3245,107,108,215
3245,95,119,214
3245,99,116,215
3245,166,135,301
3245,133,128,261
3245,117,132,249
3245,114,119,233
3245,95,119,214
3245,102,94,196
3245,140,115,255
3245,132,85,217
3245,97,114,211
3245,124,89,213
3245,124,103,227
3245,159,157,316
3245,176,191,367
3246,135,145,280
3246,140,167,307
3246,137,119,256
3246,122,104,226
3246,159,162,321
3246,198,169,367
3246,128,100,228
3246,93,109,202
3246,88,119,207
3246,92,112,204
3246,207,222,429
3246,88,119,207
3246,111,110,221
3246,145,119,264
3246,177,184,361
3246,75,95,170
3246,118,93,211
3246,93,109,202
3246,112,122,234
3246,104,82,186
3246,113,117,230
3246,125,130,255
3246,102,120,222
3246,105,125,230
3246,111,115,226
3246,128,100,228
3246,126,105,231
3246,131,108,239
3246,168,165,333
3246,116,96,212
3246,103,86,189
3246,97,92,189
3246,125,148,273
3246,136,114,250
3246,200,196,396
3246,136,94,230
3246,129,180,309
3246,123,132,255
3247,97,119,216
3247,130,157,287
3247,92,102,194
3247,133,147,280
3247,126,90,216
3247,175,162,337
3247,138,107,245
3247,118,120,238
3247,105,83,188
3247,108,122,230
3247,110,93,203
3247,124,128,252
3247,101,114,215
3247,78,106,184
3247,126,92,218
3247,208,221,429
3247,95,87,182
3247,93,108,201
3247,178,160,338
3247,119,134,253
3247,120,97,217
3247,128,169,297
3247,118,103,221
3247,92,102,194
3247,111,92,203
3247,108,111,219
3247,120,97,217
3247,89,102,191
3247,111,90,201
3247,128,112,240
3247,111,92,203
3247,111,128,239
3247,138,120,258
3247,180,195,375
3247,114,124,238
3247,167,184,351
3247,201,199,400
3247,128,129,257
3248,93,106,199
3248,114,94,208
3248,110,115,225
3248,91,101,192
3248,109,94,203
3248,234,206,440
3248,140,107,247
3248,135,126,261
3248,150,155,305
3248,125,104,229
3248,126,101,227
3248,214,241,455
3248,176,159,335
3248,106,91,197
3248,97,121,218
3248,140,119,259
3248,115,100,215
3248,127,92,219
3248,122,92,214
3248,109,94,203
3248,77,104,181
3248,114,94,208
3248,96,112,208
3248,126,152,278
3248,169,185,354
3248,124,121,245
3248,169,159,328
3248,184,184,368
3248,138,131,269
3248,118,107,225
3248,96,112,208
3248,110,91,201
3248,120,116,236
3248,111,125,236
3248,103,84,187
3248,114,121,235
3248,122,133,255
3248,153,150,303
3249,115,113,228
3249,108,91,199
3249,111,91,202
3249,114,115,229
3249,238,224,462
3249,91,104,195
3249,89,98,187
3249,104,94,198
3249,118,100,218
3249,149,131,280
3249,174,185,359
3249,127,152,279
3249,91,104,195
3249,132,108,240
3249,93,82,175
3249,212,226,438
3249,126,96,222
3249,111,91,202
3249,111,126,237
3249,115,119,234
3249,128,92,220
3249,198,188,386
3249,104,94,198
3249,74,99,173
3249,117,107,224
3249,132,114,246
3249,100,111,211
3249,146,156,302
3249,174,159,333
3249,137,145,282
3249,102,82,184
3249,143,107,250
3249,180,159,339
3249,149,137,286
3249,84,103,187
3249,118,107,225
3249,101,97,198
3249,140,106,246
3250,120,112,232
3250,152,161,313
3250,96,86,182
3250,225,219,444
3250,121,104,225
3250,208,218,426
3250,108,98,206
3250,143,100,243
3250,91,97,188
3250,85,78,163
3250,100,81,181
3250,137,106,243
3250,109,114,223
3250,149,137,286
3250,125,119,244
3250,102,108,210
3250,97,104,201
3250,144,131,275
3250,79,107,186
3250,207,192,399
3250,122,111,233
3250,82,106,188
3250,94,108,202
3250,96,86,182
3250,109,123,232
3250,109,92,201
3250,143,121,264
3250,142,116,258
3250,166,160,326
3250,196,166,362
3250,109,92,201
3250,102,108,210
3250,108,92,200
3250,172,181,353
3250,121,131,252
3250,148,129,277
3250,141,115,256
3250,133,147,280
3251,98,107,205
3251,100,88,188
3251,208,219,427
3251,143,149,292
3251,166,168,334
3251,117,111,228
3251,154,139,293
3251,123,119,242
3251,100,102,202
3251,103,89,192
3251,183,186,369
3251,98,85,183
3251,115,95,210
3251,98,107,205
3251,198,189,387
3251,81,77,158
3251,116,88,204
3251,100,88,188
3251,115,95,210
3251,123,102,225
3251,85,102,187
3251,116,115,231
3251,103,114,217
3251,93,88,181
3251,124,102,226
3251,138,156,294
3251,239,225,464
3251,154,138,292
3251,110,143,253
3251,103,108,211
3251,174,183,357
3251,119,103,222
3251,111,112,223
3251,150,130,280
3251,118,111,229
3251,96,114,210
3251,150,96,246
3251,114,113,227
3252,134,122,256
3252,115,117,232
3252,107,107,214
3252,95,105,200
3252,85,106,191
3252,96,93,189
3252,115,91,206
3252,97,88,185
3252,187,164,351
3252,122,116,238
3252,95,105,200
3252,94,89,183
3252,108,100,208
3252,139,89,228
3252,152,141,293
3252,122,101,223
3252,180,205,385
3252,145,136,281
3252,186,181,367
3252,170,169,339
3252,109,100,209
3252,162,134,296
3252,107,85,192
3252,120,113,233
3252,220,220,440
3252,109,120,229
3252,126,96,222
3252,125,153,278
3252,198,198,396
3252,126,96,222
3252,113,101,214
3252,88,80,168
3252,113,95,208
3252,95,86,181
3252,128,108,236
3252,139,147,286
3252,95,86,181
3252,96,114,210
3253,105,97,202
3253,132,141,273
3253,127,99,226
3253,133,133,266
3253,98,86,184
3253,128,110,238
3253,111,114,225
3253,112,101,213
3253,118,99,217
3253,100,118,218
3253,86,88,174
3253,136,152,288
3253,145,157,302
3253,119,95,214
3253,217,217,434
3253,109,116,225
3253,97,80,177
3253,174,190,364
3253,132,107,239
3253,89,113,202
3253,95,89,184
3253,87,115,202
3253,120,136,256
3253,217,199,416
3253,84,87,171
3253,98,86,184
3253,116,118,234
3253,170,169,339
3253,123,110,233
3253,101,88,189
3253,119,95,214
3253,158,140,298
3253,124,118,242
3253,169,175,344
3253,176,158,334
3253,89,113,202
3253,97,92,189
3253,108,84,192
3254,120,136,256
3254,137,132,269
3254,134,114,248
3254,93,97,190
3254,93,125,218
3254,100,80,180
3254,203,164,367
3254,138,125,263
3254,77,78,155
3254,153,163,316
3254,103,97,200
3254,209,212,421
3254,108,125,233
3254,203,190,393
3254,126,115,241
3254,110,86,196
3254,115,112,227
3254,158,132,290
3254,84,82,166
3254,92,84,176
3254,130,108,238
3254,132,101,233
3254,169,170,339
3254,77,78,155
3254,138,158,296
3254,103,93,196
3254,121,118,239
3254,108,121,229
3254,177,199,376
3254,152,137,289
3254,90,114,204
3254,132,101,233
3254,186,155,341
3254,90,114,204
3254,122,92,214
3254,129,88,217
3254,143,111,254
3254,109,107,216
3255,192,163,355
3255,96,97,193
3255,172,164,336
3255,108,117,225
3255,96,125,221
3255,111,125,236
3255,103,84,187
3255,126,101,227
3255,132,155,287
3255,108,117,225
3255,104,99,203
3255,135,93,228
3255,131,130,261
3255,89,108,197
3255,175,189,364
3255,121,115,236
3255,109,116,225
3255,78,79,157
3255,120,105,225
3255,114,92,206
3255,97,90,187
3255,111,100,211
3255,213,198,411
3255,131,109,240
3255,151,151,302
3255,92,95,187
3255,107,117,224
3255,96,125,221
3255,78,79,157
3255,103,90,193
3255,91,99,190
3255,126,128,254
3255,224,218,442
3255,157,128,285
3255,174,158,332
3255,120,103,223
3255,122,122,244
3255,109,78,187
4321,126,96,222
4321,129,101,230
4321,128,114,242
4321,142,156,298
4321,104,76,180
4321,114,103,217
4321,105,95,200
4321,137,130,267
4321,132,135,267
4321,153,166,319
4321,139,102,241
4321,198,173,371
4321,218,206,424
4321,103,108,211
4321,127,124,251
4321,104,98,202
4321,101,86,187
4321,126,96,222
4321,129,142,271
4321,168,174,342
4321,120,95,215
4321,143,156,299
4321,136,127,263
4321,119,117,236
4321,156,100,256
4321,119,114,233
4321,104,76,180
4321,220,227,447
4321,120,118,238
4321,114,131,245
4321,253,223,476
4321,143,176,319
4321,145,160,305
4321,210,192,402
4321,126,118,244
4321,122,130,252
4321,115,107,222
4321,138,150,288
4321,115,107,222
4322,114,113,227
4322,127,94,221
4322,123,116,239
4322,124,129,253
4322,105,89,194
4322,95,76,171
4322,105,100,205
4322,127,133,260
4322,108,88,196
4322,132,138,270
4322,209,212,421
4322,131,148,279
4322,117,108,225
4322,198,176,374
4322,129,137,266
4322,137,99,236
4322,232,220,452
4322,114,105,219
4322,143,165,308
4322,144,161,305
4322,156,166,322
4322,108,97,205
4322,95,76,171
4322,143,173,316
4322,127,94,221
4322,143,159,302
4322,114,105,219
4322,145,165,310
4322,218,208,426
4322,126,102,228
4322,173,180,353
4322,132,123,255
4322,105,118,223
4322,111,97,208
4322,110,128,238
4322,156,104,260
4322,144,137,281
4322,117,111,228
4322,207,190,397
4323,140,157,297
4323,129,103,232
4323,119,108,227
4323,142,159,301
4323,148,169,317
4323,100,81,181
4323,173,186,359
4323,149,140,289
4323,142,102,244
4323,126,135,261
4323,198,178,376
4323,221,215,436
4323,112,97,209
4323,119,118,237
4323,127,103,230
4323,101,117,218
4323,109,98,207
4323,132,130,262
4323,147,99,246
4323,123,132,255
4323,111,111,222
4323,222,221,443
4323,100,81,181
4323,110,90,200
4323,105,103,208
4323,201,192,393
4323,171,153,324
4323,146,145,291
4323,116,107,223
4323,142,160,302
4323,116,107,223
4323,135,121,256
4323,235,225,460
4323,125,127,252
4323,114,135,249
4323,129,142,271
4323,109,92,201
4323,129,103,232
4323,101,96,197
4324,103,116,219
4324,233,221,454
4324,141,159,300
4324,140,162,302
4324,104,107,211
4324,154,169,323
4324,145,93,238
4324,101,97,198
4324,101,84,185
4324,101,84,185
4324,175,186,361
4324,217,216,433
4324,128,99,227
4324,125,111,236
4324,195,185,380
4324,128,99,227
4324,163,149,312
4324,113,137,250
4324,123,105,228
4324,138,156,294
4324,110,98,208
4324,145,143,288
4324,126,117,243
4324,107,90,197
4324,125,129,254
4324,106,89,195
4324,125,112,237
4324,133,122,255
4324,125,112,237
4324,110,110,220
4324,146,134,280
4324,130,147,277
4324,141,102,243
4324,131,127,258
4324,211,209,420
4324,195,175,370
4324,105,95,200
4324,129,132,261
4324,118,124,242
4325,103,122,225
4325,115,140,255
4325,139,101,240
4325,198,201,399
4325,146,133,279
4325,139,101,240
4325,143,100,243
4325,233,211,444
4325,159,150,309
4325,128,112,240
4325,110,114,224
4325,130,126,256
4325,104,89,193
4325,109,98,207
4325,209,211,420
4325,159,143,302
4325,119,120,239
4325,103,88,191
4325,127,109,236
4325,105,96,201
4325,128,141,269
4325,133,133,266
4325,119,101,220
4325,127,109,236
4325,141,163,304
4325,135,153,288
4325,138,157,295
4325,123,122,245
4325,102,100,202
4325,192,169,361
4325,172,172,344
4325,132,147,279
4325,152,93,245
4325,139,198,337
4325,211,214,425
4325,102,85,187
4325,102,85,187
4325,120,121,241
4325,104,109,213
4326,101,86,187
4326,138,158,296
4326,128,142,270
4326,135,145,280
4326,120,109,229
4326,119,119,238
4326,165,167,332
4326,101,86,187
4326,129,130,259
4326,109,98,207
4326,101,87,188
4326,110,98,208
4326,234,221,455
4326,126,131,257
4326,100,124,224
4326,115,116,231
4326,214,219,433
4326,103,103,206
4326,167,147,314
4326,120,109,229
4326,135,158,293
4326,196,207,403
4326,141,99,240
4326,135,192,327
4326,141,99,240
4326,141,134,275
4326,104,113,217
4326,130,114,244
4326,192,164,356
4326,145,102,247
4326,120,105,225
4326,157,93,250
4326,163,152,315
4326,139,150,289
4326,130,150,280
4326,238,233,471
4326,116,139,255
4326,102,89,191
4326,118,114,232
4327,214,220,434
4327,124,129,253
4327,231,221,452
4327,138,100,238
4327,122,107,229
4327,194,199,393
4327,106,111,217
4327,112,99,211
4327,100,82,182
4327,133,112,245
4327,128,128,256
4327,118,111,229
4327,117,124,241
4327,163,151,314
4327,135,147,282
4327,133,112,245
4327,140,158,298
4327,98,112,210
4327,138,100,238
4327,130,115,245
4327,138,155,293
4327,116,142,258
4327,126,165,291
4327,152,93,245
4327,137,150,287
4327,100,82,182
4327,130,146,276
4327,144,135,279
4327,190,162,352
4327,239,222,461
4327,141,102,243
4327,123,126,249
4327,105,108,213
4327,101,96,197
4327,169,164,333
4327,178,149,327
4327,113,99,212
4327,99,143,242
4327,100,91,191
4328,100,87,187
4328,143,162,305
4328,177,165,342
4328,100,82,182
4328,120,126,246
4328,232,221,453
4328,100,82,182
4328,229,224,453
4328,196,199,395
4328,191,167,358
4328,109,117,226
4328,132,107,239
4328,123,130,253
4328,110,98,208
4328,102,105,207
4328,132,155,287
4328,117,125,242
4328,142,132,274
4328,230,218,448
4328,118,104,222
4328,152,94,246
4328,95,107,202
4328,137,149,286
4328,159,151,310
4328,101,98,199
4328,98,135,233
4328,140,148,288
4328,136,99,235
4328,136,99,235
4328,141,103,244
4328,137,113,250
4328,130,115,245
4328,115,101,216
4328,136,143,279
4328,137,113,250
4328,117,144,261
4328,128,127,255
4328,131,166,297
4328,152,170,322
4329,236,224,460
4329,133,145,278
4329,119,100,219
4329,151,108,259
4329,196,202,398
4329,134,133,267
4329,120,119,239
4329,136,155,291
4329,100,133,233
4329,117,106,223
4329,153,148,301
4329,101,102,203
4329,113,125,238
4329,105,89,194
4329,126,114,240
4329,134,143,277
4329,136,112,248
4329,115,139,254
4329,133,172,305
4329,93,93,186
4329,179,167,346
4329,149,94,243
4329,102,85,187
4329,233,218,451
4329,109,119,228
4329,151,161,312
4329,117,124,241
4329,103,106,209
4329,235,228,463
4329,143,152,295
4329,142,164,306
4329,108,134,242
4329,113,125,238
4329,136,112,248
4329,117,100,217
4329,128,126,254
4329,128,137,265
4329,190,171,361
4329,102,85,187
4330,149,103,252
4330,126,107,233
4330,126,107,233
4330,94,80,174
4330,119,113,232
4330,143,149,292
4330,108,115,223
4330,157,108,265
4330,115,120,235
4330,108,115,223
4330,169,163,332
4330,139,159,298
4330,101,104,205
4330,118,145,263
4330,121,123,244
4330,115,122,237
4330,155,146,301
4330,101,104,205
4330,129,141,270
4330,133,105,238
4330,138,146,284
4330,200,189,389
4330,151,133,284
4330,129,126,255
4330,125,103,228
4330,109,91,200
4330,117,107,224
4330,145,168,313
4330,102,136,238
4330,95,95,190
4330,94,80,174
4330,245,226,471
4330,193,199,392
4330,137,179,316
4330,156,155,311
4330,114,97,211
4330,132,137,269
4330,250,224,474
4330,210,247,457
4331,107,105,212
4331,110,134,244
4331,111,127,238
4331,256,226,482
4331,152,136,288
4331,101,102,203
4331,103,92,195
4331,119,100,219
4331,101,86,187
4331,193,182,375
4331,131,132,263
4331,106,88,194
4331,101,86,187
4331,99,130,229
4331,245,227,472
4331,143,135,278
4331,197,204,401
4331,104,107,211
4331,143,164,307
4331,135,112,247
4331,135,112,247
4331,148,164,312
4331,145,104,249
4331,104,107,211
4331,120,150,270
4331,147,145,292
4331,107,105,212
4331,117,117,234
4331,211,243,454
4331,115,119,234
4331,184,168,352
4331,164,137,301
4331,131,173,304
4331,132,139,271
4331,144,97,241
4331,141,164,305
4331,131,115,246
4331,126,122,248
4331,119,114,233
4331,126,102,228
4332,159,136,295
4332,131,111,242
4332,237,226,463
4332,228,222,450
4332,98,84,182
4332,105,108,213
4332,98,84,182
4332,99,128,227
4332,195,181,376
4332,152,136,288
4332,131,138,269
4332,175,146,321
4332,100,97,197
4332,142,138,280
4332,107,111,218
4332,153,171,324
4332,110,125,235
4332,123,102,225
4332,198,206,404
4332,105,108,213
4332,190,170,360
4332,127,137,264
4332,119,118,237
4332,128,167,295
4332,118,145,263
4332,114,119,233
4332,140,116,256
4332,131,111,242
4332,126,122,248
4332,136,107,243
4332,123,100,223
4332,141,159,300
4332,173,144,317
4332,102,86,188
4332,93,90,183
4332,146,96,242
4332,107,111,218
4332,120,120,240
4332,238,249,487
4332,150,106,256
4333,172,195,367
4333,200,209,409
4333,103,102,205
4333,94,82,176
4333,142,140,282
4333,152,99,251
4333,112,128,240
4333,175,147,322
4333,119,143,262
4333,129,112,241
4333,126,101,227
4333,128,168,296
4333,121,111,232
4333,223,223,446
4333,99,94,193
4333,165,146,311
4333,129,112,241
4333,143,103,246
4333,120,121,241
4333,131,137,268
4333,158,138,296
4333,110,114,224
4333,110,114,224
4333,223,223,446
4333,116,125,241
4333,136,116,252
4333,107,129,236
4333,126,131,257
4333,137,152,289
4333,98,92,190
4333,103,94,197
4333,261,227,488
4333,94,82,176
4333,224,231,455
4333,130,161,291
4333,191,180,371
4333,100,132,232
4333,127,125,252
4333,150,163,313
4333,103,102,205
4333,128,99,227
4334,145,145,290
4334,121,154,275
4334,104,95,199
4334,171,147,318
4334,131,135,266
4334,119,114,233
4334,199,208,407
4334,150,106,256
4334,121,121,242
4334,136,152,288
4334,102,92,194
4334,110,115,225
4334,131,140,271
4334,129,117,246
4334,129,100,229
4334,107,106,213
4334,126,112,238
4334,135,106,241
4334,223,222,445
4334,114,121,235
4334,189,169,358
4334,155,99,254
4334,249,224,473
4334,110,115,225
4334,174,195,369
4334,93,81,174
4334,125,143,268
4334,110,130,240
4334,220,224,444
4334,131,171,302
4334,100,131,231
4334,116,95,211
4334,126,112,238
4334,147,139,286
4334,126,123,249
4334,99,90,189
4334,107,106,213
4334,158,138,296
4334,93,81,174
4334,223,222,445
4334,130,137,267
4335,96,109,205
4335,108,109,217
4335,139,140,279
4335,147,146,293
4335,89,86,175
4335,119,122,241
4335,189,165,354
4335,162,140,302
4335,156,108,264
4335,141,162,303
4335,227,215,442
4335,164,145,309
4335,124,129,253
4335,129,114,243
4335,104,97,201
4335,132,138,270
4335,133,142,275
4335,116,127,243
4335,116,140,256
4335,108,109,217
4335,89,86,175
4335,149,100,249
4335,121,155,276
4335,207,223,430
4335,118,94,212
4335,122,101,223
4335,254,229,483
4335,111,119,230
4335,125,122,247
4335,196,172,368
4335,121,124,245
4335,227,224,451
4335,107,129,236
4335,127,116,243
4335,129,114,243
4335,132,174,306
4335,107,97,204
4335,105,89,194
4335,111,119,230
4335,134,143,277
4335,227,224,451
4336,109,117,226
4336,242,226,468
4336,139,144,283
4336,95,116,211
4336,128,104,232
4336,114,95,209
4336,151,131,282
4336,188,165,353
4336,108,109,217
4336,137,116,253
4336,228,223,451
4336,122,114,236
4336,119,129,248
4336,163,140,303
4336,90,84,174
4336,90,84,174
4336,100,93,193
4336,137,166,303
4336,143,158,301
4336,105,94,199
4336,130,116,246
4336,247,225,472
4336,134,149,283
4336,135,116,251
4336,192,191,383
4336,116,121,237
4336,182,168,350
4336,173,150,323
4336,135,97,232
4336,148,102,250
4336,120,118,238
4336,119,115,234
4336,108,109,217
4336,242,226,468
4336,130,136,266
4336,116,149,265
4336,135,116,251
4336,133,172,305
4336,125,101,226
4336,100,92,192
4336,109,117,226
4337,128,106,234
4337,119,120,239
4337,225,209,434
4337,137,164,301
4337,109,115,224
4337,129,119,248
4337,101,94,195
4337,159,139,298
4337,88,79,167
4337,134,179,313
4337,142,118,260
4337,109,96,205
4337,163,141,304
4337,107,108,215
4337,129,115,244
4337,126,101,227
4337,116,125,241
4337,88,79,167
4337,126,110,236
4337,236,251,487
4337,120,107,227
4337,136,132,268
4337,145,141,286
4337,235,222,457
4337,112,103,215
4337,109,115,224
4337,117,153,270
4337,152,176,328
4337,183,168,351
4337,235,222,457
4337,192,163,355
4337,127,99,226
4337,201,192,393
4337,101,90,191
4337,149,109,258
4337,142,118,260
4337,136,153,289
4337,116,138,254
4337,107,108,215
4337,158,131,289
4337,93,112,205
4338,255,227,482
4338,166,141,307
4338,106,107,213
4338,95,107,202
4338,132,178,310
4338,101,98,199
4338,149,173,322
4338,138,169,307
4338,194,191,385
4338,194,172,366
4338,112,116,228
4338,124,100,224
4338,99,93,192
4338,126,114,240
4338,238,226,464
4338,124,112,236
4338,265,225,490
4338,148,106,254
4338,158,155,313
4338,144,139,283
4338,193,175,368
4338,89,80,169
4338,120,124,244
4338,126,100,226
4338,142,119,261
4338,138,159,297
4338,118,98,216
4338,142,119,261
4338,112,121,233
4338,89,80,169
4338,238,226,464
4338,112,127,239
4338,119,114,233
4338,150,138,288
4338,112,116,228
4338,119,121,240
4338,115,104,219
4338,131,138,269
4338,116,147,263
4338,132,122,254
4338,106,107,213
4339,109,115,224
4339,95,107,202
4339,253,229,482
4339,92,81,173
4339,161,141,302
4339,230,223,453
4339,122,113,235
4339,150,172,322
4339,175,197,372
4339,119,148,267
4339,109,115,224
4339,106,107,213
4339,122,99,221
4339,230,223,453
4339,112,119,231
4339,124,132,256
4339,114,127,241
4339,194,189,383
4339,117,144,261
4339,122,111,233
4339,139,106,245
4339,102,96,198
4339,119,105,224
4339,245,226,471
4339,92,81,173
4339,117,106,223
4339,131,123,254
4339,129,169,298
4339,161,168,329
4339,120,127,247
4339,149,101,250
4339,130,134,264
4339,106,107,213
4339,134,101,235
4339,132,149,281
4339,164,140,304
4339,119,148,267
4339,144,140,284
4339,142,149,291
4339,100,90,190
4339,197,184,381
4340,117,126,243
4340,151,173,324
4340,127,98,225
4340,221,218,439
4340,119,106,225
4340,113,126,239
4340,130,140,270
4340,105,107,212
4340,125,125,250
4340,123,162,285
4340,199,194,393
4340,114,128,242
4340,150,101,251
4340,129,98,227
4340,93,82,175
4340,120,114,234
4340,244,225,469
4340,120,117,237
4340,100,93,193
4340,154,138,292
4340,138,155,293
4340,108,110,218
4340,191,154,345
4340,168,176,344
4340,147,137,284
4340,93,82,175
4340,141,106,247
4340,221,218,439
4340,196,187,383
4340,240,226,466
4340,123,131,254
4340,136,118,254
4340,99,93,192
4340,105,107,212
4340,114,139,253
4340,136,118,254
4340,156,143,299
4340,133,129,262
4340,141,154,295
4340,103,109,212
4340,108,110,218
4341,141,163,304
4341,242,226,468
4341,116,112,228
4341,154,139,293
4341,108,92,200
4341,122,154,276
4341,193,155,348
4341,97,80,177
4341,132,116,248
4341,125,126,251
4341,145,107,252
4341,248,229,477
4341,97,91,188
4341,107,111,218
4341,153,142,295
4341,123,123,246
4341,113,105,218
4341,133,142,275
4341,193,188,381
4341,137,147,284
4341,114,127,241
4341,173,149,322
4341,121,116,237
4341,116,140,256
4341,227,218,445
4341,107,111,218
4341,107,127,234
4341,106,106,212
4341,124,136,260
4341,132,116,248
4341,106,106,212
4341,126,100,226
4341,201,191,392
4341,135,134,269
4341,171,185,356
4341,97,80,177
4341,163,117,280
4341,137,102,239
4341,103,109,212
4341,156,101,257
4341,227,218,445
4342,118,145,263
4342,123,121,244
4342,128,101,229
4342,108,110,218
4342,191,184,375
4342,122,128,250
4342,110,116,226
4342,108,110,218
4342,130,133,263
4342,161,115,276
4342,185,168,353
4342,250,227,477
4342,105,95,200
4342,253,229,482
4342,150,98,248
4342,124,159,283
4342,103,108,211
4342,130,115,245
4342,149,175,324
4342,122,123,245
4342,236,222,458
4342,97,90,187
4342,150,143,293
4342,143,107,250
4342,97,82,179
4342,113,129,242
4342,171,148,319
4342,97,82,179
4342,108,124,232
4342,130,115,245
4342,139,162,301
4342,236,222,458
4342,203,194,397
4342,110,116,226
4342,124,110,234
4342,126,128,254
4342,109,103,212
4342,154,139,293
4342,144,137,281
4342,182,153,335
4342,113,129,242
4343,122,125,247
4343,127,114,241
4343,183,153,336
4343,124,149,273
4343,110,124,234
4343,166,143,309
4343,159,114,273
4343,143,166,309
4343,96,80,176
4343,201,192,393
4343,188,178,366
4343,157,145,302
4343,127,114,241
4343,116,111,227
4343,263,230,493
4343,109,116,225
4343,101,102,203
4343,120,120,240
4343,110,124,234
4343,127,123,250
4343,111,125,236
4343,146,136,282
4343,136,167,303
4343,96,90,186
4343,126,130,256
4343,196,172,368
4343,136,151,287
4343,109,94,203
4343,114,129,243
4343,96,80,176
4343,108,123,231
4343,103,118,221
4343,142,107,249
4343,238,223,461
4343,154,99,253
4343,119,146,265
4343,109,116,225
4343,146,162,308
4343,238,223,461
4343,114,111,225
4343,259,234,493
4344,162,147,309
4344,132,134,266
4344,171,190,361
4344,141,108,249
4344,106,110,216
4344,188,185,373
4344,182,150,332
4344,133,126,259
4344,111,121,232
4344,155,142,297
4344,125,128,253
4344,137,158,295
4344,110,102,212
4344,114,131,245
4344,95,80,175
4344,137,103,240
4344,128,101,229
4344,247,232,479
4344,207,233,440
4344,121,151,272
4344,118,111,229
4344,207,233,440
4344,112,117,229
4344,123,126,249
4344,110,111,221
4344,157,145,302
4344,95,80,175
4344,110,111,221
4344,141,170,311
4344,155,121,276
4344,112,117,229
4344,145,113,258
4344,131,169,300
4344,106,110,216
4344,145,162,307
4344,259,231,490
4344,193,189,382
4344,114,96,210
4344,116,112,228
4344,103,95,198
4344,113,112,225
4345,108,108,216
4345,156,123,279
4345,140,159,299
4345,148,109,257
4345,110,127,237
4345,143,156,299
4345,103,95,198
4345,187,183,370
4345,107,113,220
4345,208,239,447
4345,90,81,171
4345,110,100,210
4345,162,145,307
4345,127,101,228
4345,236,227,463
4345,107,113,220
4345,115,128,243
4345,254,229,483
4345,153,114,267
4345,196,198,394
4345,90,81,171
4345,155,147,302
4345,143,170,313
4345,121,118,239
4345,115,112,227
4345,152,139,291
4345,122,120,242
4345,158,144,302
4345,112,131,243
4345,208,239,447
4345,138,104,242
4345,138,104,242
4345,119,110,229
4345,115,95,210
4345,165,167,332
4345,121,150,271
4345,130,185,315
4345,134,140,274
4345,126,137,263
4345,120,124,244
4345,115,112,227
4346,143,165,308
4346,226,225,451
4346,165,159,324
4346,116,113,229
4346,152,115,267
4346,244,226,470
4346,155,125,280
4346,114,95,209
4346,90,80,170
4346,122,110,232
4346,172,154,326
4346,107,111,218
4346,208,225,433
4346,143,103,246
4346,140,160,300
4346,129,170,299
4346,143,103,246
4346,105,96,201
4346,118,120,238
4346,116,113,229
4346,114,129,243
4346,121,122,243
4346,123,99,222
4346,137,102,239
4346,132,143,275
4346,107,111,218
4346,121,117,238
4346,140,140,280
4346,208,225,433
4346,150,143,293
4346,192,193,385
4346,122,133,255
4346,114,130,244
4346,170,147,317
4346,106,104,210
4346,195,195,390
4346,131,163,294
4346,118,141,259
4346,94,107,201
4346,90,80,170
4346,128,139,267
4347,127,166,293
4347,96,82,178
4347,108,115,223
4347,134,100,234
4347,152,119,271
4347,105,102,207
4347,115,127,242
4347,122,117,239
4347,103,94,197
4347,237,219,456
4347,157,145,302
4347,122,122,244
4347,139,92,231
4347,108,115,223
4347,119,142,261
4347,129,100,229
4347,194,194,388
4347,158,117,275
4347,237,219,456
4347,120,116,236
4347,126,131,257
4347,134,164,298
4347,136,142,278
4347,136,101,237
4347,144,156,300
4347,170,160,330
4347,120,97,217
4347,231,252,483
4347,263,232,495
4347,197,206,403
4347,96,82,178
4347,164,175,339
4347,123,130,253
4347,116,139,255
4347,167,142,309
4347,115,127,242
4347,167,149,316
4347,95,110,205
4347,143,172,315
4347,139,92,231
4347,120,129,249
4348,154,115,269
4348,108,116,224
4348,116,131,247
4348,117,140,257
4348,131,100,231
4348,123,120,243
4348,132,163,295
4348,130,157,287
4348,133,141,274
4348,165,162,327
4348,138,92,230
4348,113,94,207
4348,121,97,218
4348,141,126,267
4348,123,125,248
4348,207,241,448
4348,97,116,213
4348,121,97,218
4348,119,128,247
4348,107,93,200
4348,99,91,190
4348,187,180,367
4348,196,193,389
4348,229,229,458
4348,124,146,270
4348,91,80,171
4348,125,100,225
4348,133,142,275
4348,263,233,496
4348,125,99,224
4348,158,138,296
4348,186,155,341
4348,156,148,304
4348,207,241,448
4348,146,159,305
4348,138,92,230
4348,169,151,320
4348,108,116,224
4348,91,80,171
4348,124,111,235
4348,156,145,301
4349,209,241,450
4349,126,130,256
4349,119,96,215
4349,209,241,450
4349,134,126,260
4349,196,192,388
4349,113,98,211
4349,105,93,198
4349,95,106,201
4349,120,110,230
4349,106,109,215
4349,156,115,271
4349,155,144,299
4349,133,102,235
4349,116,137,253
4349,142,166,308
4349,121,96,217
4349,258,232,490
4349,89,85,174
4349,89,85,174
4349,112,120,232
4349,140,124,264
4349,256,239,495
4349,165,182,347
4349,117,113,230
4349,112,124,236
4349,143,152,295
4349,106,109,215
4349,164,144,308
4349,130,143,273
4349,201,171,372
4349,112,124,236
4349,118,146,264
4349,142,166,308
4349,119,125,244
4349,163,147,310
4349,140,177,317
4349,135,189,324
4349,185,167,352
4349,112,120,232
4349,121,97,218
4350,196,167,363
4350,100,91,191
4350,127,124,251
4350,124,127,251
4350,230,246,476
4350,212,211,423
4350,167,147,314
4350,178,165,343
4350,206,194,400
4350,115,93,208
4350,145,153,298
4350,111,131,242
4350,132,117,249
4350,125,130,255
4350,133,140,273
4350,91,87,178
4350,241,261,502
4350,212,211,423
4350,139,111,250
4350,173,150,323
4350,131,101,232
4350,110,104,214
4350,107,104,211
4350,128,100,228
4350,159,146,305
4350,119,126,245
4350,110,105,215
4350,164,145,309
4350,141,123,264
4350,159,119,278
4350,110,105,215
4350,122,147,269
4350,111,131,242
4350,131,178,309
4350,104,105,209
4350,91,87,178
4350,115,94,209
4350,139,162,301
4350,174,155,329
4350,124,102,226
4350,104,105,209
4351,104,110,214
4351,138,163,301
4351,190,168,358
4351,131,135,266
4351,145,129,274
4351,162,147,309
4351,249,229,478
4351,108,116,224
4351,133,133,266
4351,149,138,287
4351,137,102,239
4351,116,117,233
4351,240,229,469
4351,104,102,206
4351,148,171,319
4351,108,107,215
4351,194,188,382
4351,100,108,208
4351,116,142,258
4351,200,162,362
4351,108,107,215
4351,116,117,233
4351,101,104,205
4351,121,110,231
4351,107,119,226
4351,159,125,284
4351,119,130,249
4351,229,222,451
4351,101,92,193
4351,107,119,226
4351,195,194,389
4351,100,108,208
4351,150,127,277
4351,141,143,284
4351,97,106,203
4351,121,126,247
4351,131,175,306
4351,130,143,273
4351,143,137,280
4351,123,140,263
4351,229,222,451
4352,103,107,210
4352,111,118,229
4352,101,101,202
4352,161,146,307
4352,115,121,236
4352,223,221,444
4352,111,118,229
4352,154,129,283
4352,115,121,236
4352,183,168,351
4352,107,114,221
4352,132,100,232
4352,127,137,264
4352,155,120,275
4352,167,149,316
4352,120,121,241
4352,169,145,314
4352,98,104,202
4352,144,132,276
4352,140,170,310
4352,129,134,263
4352,100,112,212
4352,125,153,278
4352,266,235,501
4352,148,140,288
4352,118,148,266
4352,195,183,378
4352,109,126,235
4352,105,92,197
4352,223,221,444
4352,128,176,304
4352,121,138,259
4352,240,228,468
4352,194,192,386
4352,180,153,333
4352,122,110,232
4352,100,112,212
4352,138,131,269
4352,202,158,360
4352,102,97,199
4352,107,114,221
4353,192,182,374
4353,119,143,262
4353,118,118,236
4353,127,159,286
4353,128,131,259
4353,199,207,406
4353,157,141,298
4353,110,109,219
4353,161,148,309
4353,99,105,204
4353,167,149,316
4353,130,154,284
4353,114,120,234
4353,158,143,301
4353,114,120,234
4353,158,140,298
4353,181,152,333
4353,129,111,240
4353,125,142,267
4353,132,142,274
4353,99,95,194
4353,103,95,198
4353,108,113,221
4353,246,231,477
4353,108,113,221
4353,124,150,274
4353,257,238,495
4353,114,138,252
4353,145,163,308
4353,195,171,366
4353,114,138,252
4353,138,105,243
4353,227,217,444
4353,125,142,267
4353,130,133,263
4353,99,105,204
4353,98,101,199
4353,122,100,222
4353,157,129,286
4353,227,217,444
4353,102,90,192
4354,111,116,227
4354,126,148,274
4354,101,94,195
4354,206,224,430
4354,129,130,259
4354,113,109,222
4354,132,173,305
4354,126,100,226
4354,99,108,207
4354,114,142,256
4354,160,146,306
4354,220,218,438
4354,111,115,226
4354,136,138,274
4354,122,121,243
4354,163,146,309
4354,191,187,378
4354,147,171,318
4354,118,119,237
4354,138,176,314
4354,220,218,438
4354,203,167,370
4354,114,142,256
4354,247,232,479
4354,97,92,189
4354,129,133,262
4354,146,168,314
4354,159,129,288
4354,123,114,237
4354,237,240,477
4354,99,108,207
4354,192,171,363
4354,156,128,284
4354,102,96,198
4354,130,139,269
4354,106,118,224
4354,154,134,288
4354,100,102,202
4354,111,115,226
4354,119,146,265
4354,111,116,227
4355,142,151,293
4355,139,140,279
4355,156,127,283
4355,144,159,303
4355,129,100,229
4355,135,165,300
4355,97,102,199
4355,141,121,262
4355,97,102,199
4355,114,146,260
4355,125,130,255
4355,98,96,194
4355,132,140,272
4355,101,106,207
4355,119,120,239
4355,143,172,315
4355,188,179,367
4355,236,224,460
4355,97,96,193
4355,124,122,246
4355,127,158,285
4355,236,224,460
4355,114,146,260
4355,160,138,298
4355,177,159,336
4355,133,131,264
4355,152,126,278
4355,141,92,233
4355,110,107,217
4355,141,92,233
4355,266,240,506
4355,249,232,481
4355,134,184,318
4355,147,168,315
4355,106,106,212
4355,111,107,218
4355,110,107,217
4355,122,112,234
4355,205,226,431
4355,166,193,359
4355,100,97,197
4356,101,103,204
4356,226,218,444
4356,97,92,189
4356,138,135,273
4356,196,208,404
4356,123,148,271
4356,187,169,356
4356,138,92,230
4356,132,143,275
4356,138,92,230
4356,132,171,303
4356,96,98,194
4356,112,127,239
4356,126,102,228
4356,144,158,302
4356,183,165,348
4356,152,141,293
4356,125,120,245
4356,96,93,189
4356,110,108,218
4356,168,146,314
4356,153,128,281
4356,243,232,475
4356,205,170,375
4356,96,98,194
4356,226,218,444
4356,137,139,276
4356,242,254,496
4356,114,137,251
4356,135,167,302
4356,110,108,218
4356,106,109,215
4356,171,147,318
4356,157,101,258
4356,123,148,271
4356,121,110,231
4356,114,137,251
4356,102,111,213
4356,108,107,215
4356,119,119,238
4356,124,130,254
4357,139,150,289
4357,170,149,319
4357,103,107,210
4357,109,106,215
4357,99,104,203
4357,158,108,266
4357,124,127,251
4357,139,93,232
4357,97,92,189
4357,139,93,232
4357,194,165,359
4357,172,165,337
4357,131,145,276
4357,135,132,267
4357,245,221,466
4357,112,139,251
4357,237,228,465
4357,105,104,209
4357,136,161,297
4357,140,140,280
4357,137,125,262
4357,200,170,370
4357,119,111,230
4357,240,252,492
4357,130,139,269
4357,124,149,273
4357,130,104,234
4357,107,103,210
4357,107,103,210
4357,157,144,301
4357,156,140,296
4357,133,174,307
4357,112,139,251
4357,99,104,203
4357,95,94,189
4357,100,106,206
4357,101,104,205
4357,117,114,231
4357,198,200,398
4357,119,140,259
4357,245,221,466
4358,158,109,267
4358,113,139,252
4358,139,142,281
4358,98,106,204
4358,156,127,283
4358,96,92,188
4358,238,217,455
4358,134,105,239
4358,100,101,201
4358,130,164,294
4358,98,106,204
4358,136,183,319
4358,107,108,215
4358,177,165,342
4358,99,98,197
4358,107,108,215
4358,97,104,201
4358,238,217,455
4358,118,135,253
4358,177,176,353
4358,235,235,470
4358,123,116,239
4358,123,118,241
4358,113,139,252
4358,125,135,260
4358,112,111,223
4358,132,150,282
4358,135,140,275
4358,104,108,212
4358,112,111,223
4358,108,105,213
4358,141,139,280
4358,195,199,394
4358,118,118,236
4358,129,140,269
4358,226,226,452
4358,167,145,312
4358,187,167,354
4358,136,130,266
4358,124,145,269
4358,104,93,197
4359,121,124,245
4359,103,91,194
4359,132,130,262
4359,105,104,209
4359,101,111,212
4359,120,121,241
4359,120,138,258
4359,131,145,276
4359,123,106,229
4359,111,134,245
4359,116,122,238
4359,192,168,360
4359,222,219,441
4359,116,122,238
4359,197,195,392
4359,119,134,253
4359,121,119,240
4359,105,108,213
4359,97,109,206
4359,101,104,205
4359,182,167,349
4359,188,166,354
4359,105,108,213
4359,137,189,326
4359,128,153,281
4359,242,255,497
4359,236,229,465
4359,132,136,268
4359,111,134,245
4359,139,141,280
4359,133,103,236
4359,141,149,290
4359,101,111,212
4359,157,109,266
4359,99,92,191
4359,167,146,313
4359,98,102,200
4359,128,148,276
4359,108,115,223
4359,222,219,441
4359,166,150,316
4360,95,96,191
4360,140,150,290
4360,195,191,386
4360,133,105,238
4360,124,138,262
4360,114,125,239
4360,123,147,270
4360,104,104,208
4360,184,165,349
4360,98,105,203
4360,120,123,243
4360,131,91,222
4360,101,106,207
4360,190,168,358
4360,104,104,208
4360,167,146,313
4360,189,172,361
4360,132,179,311
4360,147,141,288
4360,143,137,280
4360,140,138,278
4360,165,147,312
4360,114,125,239
4360,107,127,234
4360,104,95,199
4360,118,121,239
4360,97,94,191
4360,131,141,272
4360,121,121,242
4360,246,234,480
4360,107,127,234
4360,132,145,277
4360,255,235,490
4360,216,218,434
4360,216,218,434
4360,135,110,245
4360,126,124,250
4360,98,90,188
4360,107,111,218
4360,164,129,293
4360,131,91,222
4361,109,127,236
4361,135,141,276
4361,135,177,312
4361,205,217,422
4361,154,141,295
4361,192,186,378
4361,205,217,422
4361,98,92,190
4361,104,108,212
4361,96,110,206
4361,125,127,252
4361,109,127,236
4361,101,114,215
4361,145,135,280
4361,247,232,479
4361,122,99,221
4361,126,145,271
4361,107,99,206
4361,127,135,262
4361,164,151,315
4361,114,119,233
4361,100,99,199
4361,114,119,233
4361,101,103,204
4361,185,167,352
4361,122,130,252
4361,129,124,253
4361,159,114,273
4361,104,108,212
4361,98,100,198
4361,101,114,215
4361,129,135,264
4361,107,108,215
4361,122,138,260
4361,139,157,296
4361,147,161,308
4361,236,237,473
4361,171,162,333
4361,123,137,260
4361,197,202,399
4361,131,107,238
4362,213,217,430
4362,128,152,280
4362,213,217,430
4362,128,92,220
4362,121,126,247
4362,111,135,246
4362,141,126,267
4362,206,172,378
4362,99,93,192
4362,147,111,258
4362,150,147,297
4362,238,245,483
4362,168,161,329
4362,153,173,326
4362,97,98,195
4362,159,116,275
4362,190,181,371
4362,124,142,266
4362,195,198,393
4362,115,123,238
4362,107,118,225
4362,106,107,213
4362,133,145,278
4362,152,132,284
4362,246,233,479
4362,158,143,301
4362,106,108,214
4362,143,138,281
4362,133,137,270
4362,128,92,220
4362,142,160,302
4362,124,99,223
4362,126,123,249
4362,111,135,246
4362,102,108,210
4362,115,123,238
4362,134,179,313
4362,105,107,212
4362,102,108,210
4362,100,101,201
4362,122,130,252
4363,100,100,200
4363,213,217,430
4363,213,217,430
4363,121,91,212
4363,96,93,189
4363,143,101,244
4363,136,183,319
4363,121,122,243
4363,195,196,391
4363,110,132,242
4363,135,126,261
4363,149,110,259
4363,101,98,199
4363,109,117,226
4363,161,122,283
4363,158,148,306
4363,128,130,258
4363,139,151,290
4363,98,97,195
4363,128,129,257
4363,123,98,221
4363,235,229,464
4363,144,169,313
4363,151,143,294
4363,100,100,200
4363,117,110,227
4363,121,91,212
4363,133,136,269
4363,152,169,321
4363,110,132,242
4363,123,134,257
4363,103,114,217
4363,238,245,483
4363,151,168,319
4363,150,124,274
4363,203,172,375
4363,194,179,373
4363,127,151,278
4363,114,110,224
4363,180,167,347
4363,143,101,244
4364,178,154,332
4364,114,120,234
4364,140,107,247
4364,101,107,208
4364,173,163,336
4364,206,216,422
4364,110,92,202
4364,125,92,217
4364,146,155,301
4364,134,146,280
4364,135,180,315
4364,104,103,207
4364,118,109,227
4364,206,216,422
4364,158,113,271
4364,102,113,215
4364,114,120,234
4364,113,142,255
4364,100,101,201
4364,128,128,256
4364,133,144,277
4364,127,96,223
4364,196,187,383
4364,199,211,410
4364,104,103,207
4364,198,169,367
4364,159,151,310
4364,133,125,258
4364,146,175,321
4364,142,144,286
4364,125,92,217
4364,142,107,249
4364,127,149,276
4364,142,139,281
4364,152,108,260
4364,249,233,482
4364,119,110,229
4364,241,238,479
4364,121,122,243
4364,128,156,284
4364,113,142,255
4365,117,110,227
4365,124,92,216
4365,135,132,267
4365,155,161,316
4365,148,123,271
4365,143,128,271
4365,136,151,287
4365,177,153,330
4365,122,110,232
4365,110,98,208
4365,128,139,267
4365,197,188,385
4365,172,148,320
4365,147,140,287
4365,97,98,195
4365,254,233,487
4365,105,106,211
4365,148,110,258
4365,111,111,222
4365,164,159,323
4365,128,104,232
4365,198,203,401
4365,143,128,271
4365,111,93,204
4365,111,111,222
4365,124,92,216
4365,128,122,250
4365,139,135,274
4365,134,170,304
4365,209,224,433
4365,209,224,433
4365,245,239,484
4365,105,106,211
4365,154,105,259
4365,99,96,195
4365,121,117,238
4365,168,153,321
4365,177,155,332
4365,148,107,255
4365,98,99,197
4365,206,173,379
4366,190,190,380
4366,119,116,235
4366,241,229,470
4366,209,214,423
4366,175,154,329
4366,102,96,198
4366,117,110,227
4366,146,107,253
4366,169,147,316
4366,110,115,225
4366,151,148,299
4366,143,122,265
4366,124,89,213
4366,139,174,313
4366,169,145,314
4366,135,126,261
4366,140,106,246
4366,127,124,251
4366,161,106,267
4366,135,108,243
4366,123,128,251
4366,138,137,275
4366,127,124,251
4366,99,92,191
4366,97,98,195
4366,111,93,204
4366,122,110,232
4366,139,156,295
4366,124,89,213
4366,113,113,226
4366,132,153,285
4366,209,214,423
4366,113,113,226
4366,165,165,330
4366,95,92,187
4366,190,170,360
4366,160,164,324
4366,246,240,486
4366,110,115,225
4366,201,219,420
4366,145,138,283
4367,160,152,312
4367,233,226,459
4367,194,166,360
4367,150,172,322
4367,130,171,301
4367,135,152,287
4367,140,108,248
4367,99,102,201
4367,208,235,443
4367,115,117,232
4367,148,109,257
4367,163,146,309
4367,128,129,257
4367,208,220,428
4367,140,138,278
4367,157,132,289
4367,107,108,215
4367,115,119,234
4367,179,113,292
4367,108,92,200
4367,117,89,206
4367,208,220,428
4367,115,119,234
4367,96,91,187
4367,122,121,243
4367,138,92,230
4367,134,162,296
4367,153,126,279
4367,180,171,351
4367,242,249,491
4367,162,158,320
4367,115,117,232
4367,113,107,220
4367,137,125,262
4367,142,105,247
4367,100,94,194
4367,171,150,321
4367,140,139,279
4367,138,92,230
4367,101,95,196
4367,117,89,206
4368,210,227,437
4368,130,134,264
4368,205,223,428
4368,134,163,297
4368,113,117,230
4368,165,144,309
4368,120,122,242
4368,217,175,392
4368,174,150,324
4368,111,88,199
4368,98,104,202
4368,119,119,238
4368,129,135,264
4368,120,122,242
4368,130,90,220
4368,147,108,255
4368,130,90,220
4368,97,96,193
4368,119,135,254
4368,241,246,487
4368,102,98,200
4368,165,150,315
4368,104,96,200
4368,133,175,308
4368,199,191,390
4368,109,93,202
4368,111,88,199
4368,157,131,288
4368,138,108,246
4368,174,163,337
4368,210,227,437
4368,120,122,242
4368,242,231,473
4368,183,112,295
4368,113,120,233
4368,113,117,230
4368,96,91,187
4368,137,136,273
4368,132,130,262
4368,108,110,218
4368,133,172,305
4369,138,133,271
4369,190,193,383
4369,160,149,309
4369,100,94,194
4369,100,94,194
4369,120,122,242
4369,102,109,211
4369,129,135,264
4369,122,121,243
4369,153,138,291
4369,133,131,264
4369,110,87,197
4369,103,103,206
4369,251,235,486
4369,97,89,186
4369,112,112,224
4369,152,128,280
4369,102,95,197
4369,125,145,270
4369,131,163,294
4369,132,152,284
4369,174,165,339
4369,122,121,243
4369,125,131,256
4369,215,217,432
4369,132,155,287
4369,215,217,432
4369,150,109,259
4369,117,95,212
4369,128,112,240
4369,107,108,215
4369,131,97,228
4369,244,243,487
4369,139,138,277
4369,207,222,429
4369,181,114,295
4369,110,87,197
4369,131,97,228
4369,203,196,399
4369,112,109,221
4369,172,150,322
4370,103,110,213
4370,114,118,232
4370,102,109,211
4370,170,154,324
4370,112,92,204
4370,138,101,239
4370,107,108,215
4370,162,134,296
4370,184,183,367
4370,208,229,437
4370,137,168,305
4370,138,101,239
4370,157,139,296
4370,134,138,272
4370,141,138,279
4370,108,86,194
4370,108,86,194
4370,165,163,328
4370,199,197,396
4370,128,143,271
4370,231,259,490
4370,102,95,197
4370,244,252,496
4370,113,110,223
4370,143,144,287
4370,128,115,243
4370,99,89,188
4370,122,132,254
4370,99,89,188
4370,227,216,443
4370,227,216,443
4370,162,180,342
4370,121,120,241
4370,96,96,192
4370,150,132,282
4370,131,130,261
4370,126,136,262
4370,146,145,291
4370,125,150,275
4370,114,118,232
4370,115,111,226
4371,138,127,265
4371,144,127,271
4371,130,138,268
4371,120,127,247
4371,134,98,232
4371,161,180,341
4371,116,119,235
4371,135,162,297
4371,106,92,198
4371,119,111,230
4371,151,148,299
4371,210,174,384
4371,210,235,445
4371,162,130,292
4371,119,123,242
4371,116,119,235
4371,123,133,256
4371,211,214,425
4371,138,138,276
4371,108,86,194
4371,108,86,194
4371,196,193,389
4371,159,161,320
4371,137,142,279
4371,233,258,491
4371,101,95,196
4371,134,98,232
4371,148,137,285
4371,106,110,216
4371,113,114,227
4371,161,144,305
4371,129,109,238
4371,101,94,195
4371,120,124,244
4371,101,94,195
4371,211,214,425
4371,243,249,492
4371,152,172,324
4371,96,91,187
4371,98,100,198
4371,101,104,205
4372,153,171,324
4372,216,232,448
4372,216,232,448
4372,125,130,255
4372,122,122,244
4372,147,129,276
4372,103,107,210
4372,128,135,263
4372,97,92,189
4372,132,99,231
4372,110,117,227
4372,110,117,227
4372,137,167,304
4372,96,95,191
4372,108,94,202
4372,103,95,198
4372,170,149,319
4372,132,131,263
4372,150,137,287
4372,162,190,352
4372,104,84,188
4372,104,84,188
4372,192,176,368
4372,128,106,234
4372,148,156,304
4372,233,256,489
4372,103,98,201
4372,156,139,295
4372,244,259,503
4372,110,103,213
4372,106,111,217
4372,128,146,274
4372,122,111,233
4372,122,130,252
4372,127,152,279
4372,232,210,442
4372,165,150,315
4372,210,169,379
4372,159,126,285
4372,132,99,231
4373,256,234,490
4373,130,97,227
4373,148,137,285
4373,102,108,210
4373,131,113,244
4373,129,143,272
4373,144,140,284
4373,98,90,188
4373,112,119,231
4373,241,247,488
4373,105,109,214
4373,112,119,231
4373,173,149,322
4373,105,105,210
4373,158,122,280
4373,149,131,280
4373,123,131,254
4373,121,124,245
4373,102,95,197
4373,161,148,309
4373,112,105,217
4373,120,121,241
4373,154,177,331
4373,130,97,227
4373,219,243,462
4373,239,211,450
4373,163,162,325
4373,101,92,193
4373,141,139,280
4373,100,84,184
4373,184,197,381
4373,124,143,267
4373,127,113,240
4373,100,84,184
4373,115,99,214
4373,139,133,272
4373,136,157,293
4373,195,181,376
4373,163,189,352
4374,117,95,212
4374,209,231,440
4374,108,120,228
4374,132,156,288
4374,100,84,184
4374,122,131,253
4374,162,132,294
4374,118,122,240
4374,188,172,360
4374,147,139,286
4374,102,104,206
4374,104,93,197
4374,134,131,265
4374,122,111,233
4374,152,146,298
4374,117,111,228
4374,113,110,223
4374,156,141,297
4374,153,175,328
4374,108,117,225
4374,165,194,359
4374,136,162,298
4374,169,151,320
4374,248,232,480
4374,122,102,224
4374,130,138,268
4374,108,117,225
4374,219,251,470
4374,117,95,212
4374,104,106,210
4374,128,149,277
4374,100,84,184
4374,129,112,241
4374,153,140,293
4374,174,169,343
4374,136,181,317
4374,104,109,213
4374,237,235,472
4374,103,92,195
4375,116,124,240
4375,136,183,319
4375,165,191,356
4375,127,140,267
4375,102,102,204
4375,123,142,265
4375,135,155,290
4375,143,136,279
4375,232,228,460
4375,164,136,300
4375,105,115,220
4375,110,87,197
4375,117,95,212
4375,110,87,197
4375,130,111,241
4375,109,123,232
4375,100,93,193
4375,242,241,483
4375,137,133,270
4375,195,169,364
4375,120,125,245
4375,103,93,196
4375,153,139,292
4375,115,119,234
4375,173,159,332
4375,203,219,422
4375,123,121,244
4375,124,101,225
4375,148,162,310
4375,115,119,234
4375,133,157,290
4375,163,151,314
4375,117,95,212
4375,148,136,284
4375,117,109,226
4375,218,243,461
4375,106,121,227
4375,124,113,237
4375,146,143,289
4376,205,215,420
4376,104,117,221
4376,133,126,259
4376,136,159,295
4376,177,159,336
4376,217,246,463
4376,118,96,214
4376,267,242,509
4376,135,141,276
4376,256,235,491
4376,104,103,207
4376,151,159,310
4376,153,138,291
4376,185,170,355
4376,141,152,293
4376,114,97,211
4376,115,89,204
4376,117,122,239
4376,158,149,307
4376,143,135,278
4376,115,89,204
4376,142,138,280
4376,128,130,258
4376,125,113,238
4376,109,117,226
4376,202,170,372
4376,118,96,214
4376,110,97,207
4376,108,131,239
4376,160,131,291
4376,94,93,187
4376,115,115,230
4376,109,117,226
4376,120,122,242
4376,162,135,297
4376,142,147,289
4376,121,110,231
4376,129,121,250
4376,105,110,215
4377,120,119,239
4377,190,167,357
4377,151,140,291
4377,158,131,289
4377,205,171,376
4377,109,117,226
4377,133,140,273
4377,117,89,206
4377,144,137,281
4377,122,129,251
4377,117,97,214
4377,102,101,203
4377,125,130,255
4377,181,113,294
4377,230,253,483
4377,154,163,317
4377,135,135,270
4377,109,117,226
4377,242,230,472
4377,208,223,431
4377,147,158,305
4377,114,94,208
4377,266,243,509
4377,117,89,206
4377,114,94,208
4377,95,98,193
4377,139,145,284
4377,126,112,238
4377,106,111,217
4377,104,94,198
4377,119,112,231
4377,113,110,223
4377,149,143,292
4377,139,145,284
4377,102,104,206
4377,126,112,238
4377,175,170,345
4377,123,115,238
4377,137,158,295
4378,99,100,199
4378,141,146,287
4378,122,90,212
4378,140,146,286
4378,163,148,311
4378,120,124,244
4378,258,234,492
4378,122,90,212
4378,142,138,280
4378,150,140,290
4378,103,97,200
4378,132,133,265
4378,99,104,203
4378,243,260,503
4378,123,99,222
4378,140,143,283
4378,123,99,222
4378,107,119,226
4378,188,117,305
4378,107,97,204
4378,163,140,303
4378,247,232,479
4378,113,112,225
4378,127,111,238
4378,102,104,206
4378,161,161,322
4378,173,157,330
4378,207,221,428
4378,135,135,270
4378,142,143,285
4378,123,129,252
4378,107,119,226
4378,112,120,232
4378,157,163,320
4378,122,122,244
4378,201,167,368
4378,105,108,213
4378,151,126,277
4378,111,112,223
4379,149,139,288
4379,214,234,448
4379,138,136,274
4379,113,121,234
4379,120,127,247
4379,112,95,207
4379,121,90,211
4379,98,96,194
4379,133,139,272
4379,146,161,307
4379,148,109,257
4379,125,109,234
4379,149,130,279
4379,161,164,325
4379,136,160,296
4379,136,133,269
4379,92,97,189
4379,109,108,217
4379,177,177,354
4379,103,99,202
4379,121,90,211
4379,176,155,331
4379,149,172,321
4379,144,137,281
4379,115,99,214
4379,103,106,209
4379,112,95,207
4379,113,121,234
4379,125,122,247
4379,148,144,292
4379,118,113,231
4379,138,144,282
4379,265,241,506
4379,110,110,220
4379,198,169,367
4379,254,236,490
4379,209,232,441
4379,190,117,307
4379,104,106,210
4380,137,131,268
4380,171,162,333
4380,178,114,292
4380,105,108,213
4380,144,156,300
4380,166,144,310
4380,153,143,296
4380,131,166,297
4380,207,172,379
4380,133,144,277
4380,120,123,243
4380,106,99,205
4380,103,103,206
4380,209,231,440
4380,188,165,353
4380,105,111,216
4380,139,157,296
4380,99,100,199
4380,116,98,214
4380,134,149,283
4380,120,123,243
4380,116,98,214
4380,129,104,233
4380,155,130,285
4380,106,110,216
4380,139,125,264
4380,148,170,318
4380,216,238,454
4380,118,88,206
4380,109,105,214
4380,123,133,256
4380,247,234,481
4380,240,254,494
4380,120,127,247
4380,121,110,231
4380,170,145,315
4380,112,109,221
4380,118,88,206
4380,148,138,286
4381,151,138,289
4381,103,95,198
4381,165,119,284
4381,132,123,255
4381,145,143,288
4381,131,124,255
4381,98,118,216
4381,112,85,197
4381,146,158,304
4381,178,112,290
4381,118,111,229
4381,105,97,202
4381,106,110,216
4381,134,152,286
4381,164,143,307
4381,123,130,253
4381,99,96,195
4381,114,121,235
4381,110,102,212
4381,165,162,327
4381,259,239,498
4381,150,171,321
4381,214,231,445
4381,157,137,294
4381,184,164,348
4381,112,110,222
4381,141,170,311
4381,114,121,235
4381,223,176,399
4381,112,85,197
4381,99,94,193
4381,106,112,218
4381,240,231,471
4381,105,110,215
4381,129,164,293
4381,209,221,430
4381,134,147,281
4381,121,123,244
4381,110,102,212
4382,116,112,228
4382,176,112,288
4382,115,119,234
4382,208,231,439
4382,183,190,373
4382,121,125,246
4382,102,94,196
4382,255,232,487
4382,115,119,234
4382,218,252,470
4382,173,148,321
4382,140,166,306
4382,118,117,235
4382,147,172,319
4382,108,116,224
4382,97,93,190
4382,100,122,222
4382,126,141,267
4382,126,120,246
4382,131,146,277
4382,127,124,251
4382,113,107,220
4382,146,138,284
4382,103,105,208
4382,139,130,269
4382,108,100,208
4382,110,85,195
4382,152,179,331
4382,112,110,222
4382,216,172,388
4382,113,107,220
4382,174,166,340
4382,130,166,296
4382,231,251,482
4382,110,85,195
4382,169,143,312
4382,136,140,276
4382,135,156,291
4382,95,94,189
4383,207,170,377
4383,150,168,318
4383,108,110,218
4383,134,143,277
4383,128,150,278
4383,215,242,457
4383,98,91,189
4383,135,141,276
4383,178,155,333
4383,119,118,237
4383,112,120,232
4383,98,123,221
4383,149,137,286
4383,156,138,294
4383,94,93,187
4383,125,133,258
4383,145,104,249
4383,129,154,283
4383,126,127,253
4383,108,114,222
4383,112,120,232
4383,108,107,215
4383,248,235,483
4383,145,104,249
4383,169,143,312
4383,177,178,355
4383,113,87,200
4383,123,126,249
4383,231,209,440
4383,192,174,366
4383,102,107,209
4383,232,254,486
4383,113,87,200
4383,103,98,201
4383,142,170,312
4383,103,108,211
4383,133,152,285
4383,139,127,266
4383,179,112,291
4384,233,259,492
4384,228,208,436
4384,148,136,284
4384,142,103,245
4384,123,128,251
4384,117,88,205
4384,128,146,274
4384,96,97,193
4384,134,177,311
4384,203,168,371
4384,145,173,318
4384,133,141,274
4384,100,91,191
4384,205,172,377
4384,170,110,280
4384,116,121,237
4384,110,112,222
4384,111,124,235
4384,102,95,197
4384,129,138,267
4384,137,123,260
4384,121,121,242
4384,107,112,219
4384,140,158,298
4384,106,116,222
4384,215,232,447
4384,151,175,326
4384,105,96,201
4384,123,125,248
4384,142,103,245
4384,148,166,314
4384,116,121,237
4384,98,120,218
4384,153,170,323
4384,117,88,205
4384,166,194,360
4384,242,246,488
4384,129,146,275
4384,176,149,325
4385,251,231,482
4385,111,114,225
4385,168,197,365
4385,119,86,205
4385,240,249,489
4385,131,135,266
4385,174,110,284
4385,106,116,222
4385,219,206,425
4385,124,125,249
4385,106,104,210
4385,178,148,326
4385,154,130,284
4385,147,179,326
4385,193,160,353
4385,128,126,254
4385,142,102,244
4385,150,138,288
4385,179,147,326
4385,136,124,260
4385,147,134,281
4385,142,102,244
4385,130,142,272
4385,121,125,246
4385,119,86,205
4385,101,110,211
4385,130,165,295
4385,139,103,242
4385,99,122,221
4385,149,171,320
4385,103,96,199
4385,109,108,217
4385,207,174,381
4385,97,91,188
4385,137,158,295
4385,146,159,305
4385,217,234,451
4385,138,140,278
4385,128,126,254
4386,219,179,398
4386,129,150,279
4386,141,103,244
4386,163,182,345
4386,164,107,271
4386,123,134,257
4386,171,144,315
4386,111,125,236
4386,100,107,207
4386,126,124,250
4386,150,177,327
4386,111,109,220
4386,150,174,324
4386,179,182,361
4386,150,135,285
4386,108,119,227
4386,118,84,202
4386,99,124,223
4386,131,167,298
4386,157,140,297
4386,128,145,273
4386,243,227,470
4386,96,89,185
4386,126,124,250
4386,215,201,416
4386,141,103,244
4386,118,112,230
4386,136,135,271
4386,122,120,242
4386,242,255,497
4386,177,147,324
4386,114,97,211
4386,216,240,456
4386,120,111,231
4386,173,154,327
4386,137,134,271
4386,139,139,278
4386,107,111,218
4386,118,84,202
4387,150,137,287
4387,140,140,280
4387,143,155,298
4387,156,160,316
4387,191,198,389
4387,239,247,486
4387,213,202,415
4387,138,102,240
4387,129,149,278
4387,106,111,217
4387,158,110,268
4387,166,144,310
4387,145,136,281
4387,123,134,257
4387,158,144,302
4387,109,83,192
4387,112,110,222
4387,131,145,276
4387,243,228,471
4387,122,111,233
4387,137,95,232
4387,126,162,288
4387,109,83,192
4387,217,245,462
4387,103,110,213
4387,147,171,318
4387,98,95,193
4387,125,123,248
4387,97,119,216
4387,197,161,358
4387,119,100,219
4387,111,125,236
4387,156,135,291
4387,137,123,260
4387,156,149,305
4387,123,115,238
4387,137,135,272
4387,138,102,240
4387,125,123,248
4388,136,159,295
4388,176,155,331
4388,160,136,296
4388,102,112,214
4388,129,114,243
4388,121,115,236
4388,96,93,189
4388,161,141,302
4388,243,227,470
4388,124,130,254
4388,123,123,246
4388,102,122,224
4388,139,133,272
4388,141,144,285
4388,141,103,244
4388,165,145,310
4388,133,123,256
4388,111,83,194
4388,144,105,249
4388,142,140,282
4388,123,123,246
4388,181,166,347
4388,119,99,218
4388,233,234,467
4388,191,197,388
4388,105,109,214
4388,146,161,307
4388,205,199,404
4388,137,96,233
4388,147,169,316
4388,102,131,233
4388,111,83,194
4388,144,137,281
4388,158,114,272
4388,146,180,326
4388,215,236,451
4388,144,105,249
4388,135,132,267
4388,122,135,257
4389,153,138,291
4389,202,195,397
4389,171,145,316
4389,105,105,210
4389,102,82,184
4389,179,169,348
4389,146,178,324
4389,107,125,232
4389,140,165,305
4389,109,120,229
4389,122,124,246
4389,136,140,276
4389,113,97,210
4389,130,105,235
4389,147,162,309
4389,142,156,298
4389,102,82,184
4389,180,153,333
4389,133,145,278
4389,214,227,441
4389,146,105,251
4389,115,144,259
4389,156,135,291
4389,122,111,233
4389,227,225,452
4389,122,124,246
4389,101,119,220
4389,146,105,251
4389,119,123,242
4389,158,117,275
4389,122,132,254
4389,97,95,192
4389,242,262,504
4389,124,158,282
4389,149,146,295
4389,187,167,354
4389,150,128,278
4389,191,192,383
4389,139,104,243
4390,187,165,352
4390,122,106,228
4390,144,152,296
4390,105,125,230
4390,102,83,185
4390,116,97,213
4390,188,182,370
4390,138,95,233
4390,123,128,251
4390,156,137,293
4390,233,225,458
4390,247,233,480
4390,118,131,249
4390,153,169,322
4390,134,174,308
4390,125,158,283
4390,132,127,259
4390,110,123,233
4390,142,148,290
4390,102,102,204
4390,220,201,421
4390,136,158,294
4390,100,114,214
4390,111,140,251
4390,131,135,266
4390,118,117,235
4390,158,108,266
4390,166,153,319
4390,178,148,326
4390,144,137,281
4390,144,128,272
4390,130,105,235
4390,96,94,190
4390,156,120,276
4390,244,243,487
4390,102,83,185
4390,132,127,259
4390,185,181,366
4390,118,131,249
4391,133,124,257
4391,122,109,231
4391,198,193,391
4391,144,136,280
4391,111,137,248
4391,118,129,247
4391,236,229,465
4391,114,97,211
4391,131,165,296
4391,148,167,315
4391,133,124,257
4391,157,110,267
4391,146,116,262
4391,101,83,184
4391,104,110,214
4391,137,158,295
4391,136,95,231
4391,103,118,221
4391,124,159,283
4391,182,177,359
4391,118,129,247
4391,137,138,275
4391,119,124,243
4391,255,246,501
4391,146,125,271
4391,99,127,226
4391,139,149,288
4391,123,125,248
4391,106,124,230
4391,185,169,354
4391,110,121,231
4391,164,150,314
4391,159,136,295
4391,172,152,324
4391,178,166,344
4391,232,224,456
4391,101,83,184
4391,97,97,194
4391,146,143,289
4392,184,171,355
4392,144,142,286
4392,103,126,229
4392,143,104,247
4392,139,136,275
4392,106,124,230
4392,194,199,393
4392,154,139,293
4392,139,165,304
4392,118,98,216
4392,121,108,229
4392,126,154,280
4392,132,93,225
4392,107,84,191
4392,143,149,292
4392,107,84,191
4392,143,104,247
4392,166,153,319
4392,125,160,285
4392,110,133,243
4392,231,224,455
4392,193,188,381
4392,110,119,229
4392,241,253,494
4392,97,103,200
4392,147,166,313
4392,163,110,273
4392,126,119,245
4392,123,128,251
4392,161,148,309
4392,105,110,215
4392,178,163,341
4392,251,235,486
4392,140,126,266
4392,126,119,245
4392,145,115,260
4392,99,124,223
4392,118,122,240
4392,132,161,293
4393,110,132,242
4393,130,102,232
4393,143,150,293
4393,160,113,273
4393,118,98,216
4393,189,185,374
4393,123,124,247
4393,120,123,243
4393,102,102,204
4393,118,119,237
4393,138,150,288
4393,125,154,279
4393,222,257,479
4393,234,224,458
4393,131,92,223
4393,111,125,236
4393,130,156,286
4393,108,85,193
4393,141,104,245
4393,163,187,350
4393,159,145,304
4393,120,102,222
4393,118,119,237
4393,132,174,306
4393,168,153,321
4393,108,85,193
4393,192,194,386
4393,241,255,496
4393,139,166,305
4393,151,175,326
4393,133,130,263
4393,141,104,245
4393,147,138,285
4393,131,124,255
4393,104,127,231
4393,138,117,255
4393,193,185,378
4393,106,126,232
4393,98,110,208
4394,109,118,227
4394,130,166,296
4394,190,167,357
4394,108,85,193
4394,96,105,201
4394,158,131,289
4394,132,93,225
4394,110,123,233
4394,109,118,227
4394,100,117,217
4394,150,138,288
4394,108,85,193
4394,144,108,252
4394,144,108,252
4394,117,100,217
4394,229,222,451
4394,223,258,481
4394,147,167,314
4394,236,245,481
4394,124,128,252
4394,138,161,299
4394,187,176,363
4394,121,98,219
4394,169,152,321
4394,159,109,268
4394,127,164,291
4394,219,174,393
4394,143,114,257
4394,112,141,253
4394,118,127,245
4394,195,192,387
4394,127,149,276
4394,104,123,227
4394,145,177,322
4394,141,133,274
4394,122,104,226
4394,104,103,207
4394,144,154,298
4394,148,143,291
4395,154,145,299
4395,186,163,349
4395,202,196,398
4395,202,196,398
4395,163,150,313
4395,103,118,221
4395,146,139,285
4395,110,86,196
4395,108,120,228
4395,236,226,462
4395,155,131,286
4395,111,122,233
4395,236,265,501
4395,133,122,255
4395,124,132,256
4395,187,168,355
4395,166,150,316
4395,146,169,315
4395,118,129,247
4395,168,120,288
4395,126,142,268
4395,118,100,218
4395,128,128,256
4395,149,165,314
4395,131,93,224
4395,107,129,236
4395,118,129,247
4395,160,119,279
4395,110,86,196
4395,118,99,217
4395,94,99,193
4395,111,122,233
4395,129,163,292
4395,115,99,214
4395,128,158,286
4395,103,100,203
4395,110,129,239
4395,223,250,473
4395,140,162,302
4395,194,197,391
4396,109,95,204
4396,157,150,307
4396,153,186,339
4396,185,168,353
4396,158,113,271
4396,150,171,321
4396,125,140,265
4396,126,129,255
4396,214,214,428
4396,159,118,277
4396,197,213,410
4396,138,104,242
4396,164,151,315
4396,105,127,232
4396,121,120,241
4396,95,104,199
4396,106,83,189
4396,128,150,278
4396,214,214,428
4396,237,258,495
4396,117,101,218
4396,132,104,236
4396,136,136,272
4396,130,121,251
4396,140,162,302
4396,106,83,189
4396,141,140,281
4396,232,222,454
4396,138,104,242
4396,107,113,220
4396,119,96,215
4396,135,96,231
4396,125,172,297
4396,109,118,227
4396,122,143,265
4396,109,118,227
4396,107,111,218
4396,257,233,490
4396,110,133,243
4396,162,163,325
4397,116,100,216
4397,149,117,266
4397,128,149,277
4397,129,148,277
4397,230,239,469
4397,112,126,238
4397,202,177,379
4397,243,229,472
4397,148,142,290
4397,106,133,239
4397,94,102,196
4397,138,96,234
4397,162,151,313
4397,144,106,250
4397,145,139,284
4397,198,216,414
4397,162,164,326
4397,106,84,190
4397,130,122,252
4397,144,106,250
4397,237,226,463
4397,106,84,190
4397,175,159,334
4397,105,105,210
4397,158,113,271
4397,157,148,305
4397,111,102,213
4397,122,96,218
4397,110,133,243
4397,145,161,306
4397,124,127,251
4397,148,136,284
4397,112,126,238
4397,122,139,261
4397,106,113,219
4397,130,160,290
4397,132,103,235
4397,202,177,379
4397,188,161,349
4397,143,169,312
4398,198,213,411
4398,94,103,197
4398,108,84,192
4398,140,158,298
4398,105,107,212
4398,139,96,235
4398,170,153,323
4398,151,168,319
4398,128,151,279
4398,109,108,217
4398,216,225,441
4398,126,140,266
4398,112,99,211
4398,124,101,225
4398,107,137,244
4398,203,176,379
4398,170,152,322
4398,111,135,246
4398,130,122,252
4398,203,176,379
4398,151,168,319
4398,143,139,282
4398,103,106,209
4398,131,141,272
4398,164,161,325
4398,162,111,273
4398,123,126,249
4398,150,178,328
4398,111,128,239
4398,190,162,352
4398,150,139,289
4398,232,249,481
4398,138,105,243
4398,111,128,239
4398,117,96,213
4398,138,105,243
4398,139,135,274
4398,108,84,192
4398,151,118,269
4398,242,225,467
4399,191,162,353
4399,105,107,212
4399,131,121,252
4399,116,96,212
4399,161,140,301
4399,235,221,456
4399,225,232,457
4399,168,155,323
4399,217,228,445
4399,198,213,411
4399,105,110,215
4399,132,149,281
4399,180,167,347
4399,113,129,242
4399,149,162,311
4399,107,96,203
4399,131,95,226
4399,107,136,243
4399,214,181,395
4399,110,84,194
4399,152,168,320
4399,132,142,274
4399,139,107,246
4399,139,107,246
4399,160,122,282
4399,128,149,277
4399,112,100,212
4399,113,129,242
4399,126,166,292
4399,123,128,251
4399,114,142,256
4399,110,84,194
4399,137,160,297
4399,95,109,204
4399,175,117,292
4399,153,143,296
4399,124,138,262
4399,119,101,220
4399,144,166,310
4399,214,181,395
4400,141,119,260
4400,143,164,307
4400,106,110,216
4400,130,94,224
4400,140,143,283
4400,113,131,244
4400,148,160,308
4400,220,236,456
4400,163,120,283
4400,159,119,278
4400,158,147,305
4400,128,147,275
4400,226,184,410
4400,226,184,410
4400,140,161,301
4400,155,141,296
4400,142,106,248
4400,109,83,192
4400,113,131,244
4400,105,131,236
4400,125,155,280
4400,127,102,229
4400,97,112,209
4400,150,171,321
4400,109,83,192
4400,114,94,208
4400,122,129,251
4400,123,118,241
4400,111,99,210
4400,229,238,467
4400,226,222,448
4400,104,109,213
4400,168,156,324
4400,133,153,286
4400,142,106,248
4400,224,207,431
4400,112,108,220
4400,200,165,365
4400,153,138,291
4400,182,170,352
4401,223,207,430
4401,132,103,235
4401,121,103,224
4401,129,167,296
4401,172,145,317
4401,108,83,191
4401,98,113,211
4401,117,93,210
4401,151,147,298
4401,143,136,279
4401,108,83,191
4401,224,179,403
4401,104,104,208
4401,225,227,452
4401,188,160,348
4401,132,160,292
4401,179,158,337
4401,119,119,238
4401,224,179,403
4401,147,170,317
4401,108,105,213
4401,122,127,249
4401,128,103,231
4401,132,103,235
4401,103,125,228
4401,112,126,238
4401,148,141,289
4401,143,169,312
4401,107,117,224
4401,230,229,459
4401,181,171,352
4401,158,132,290
4401,141,118,259
4401,112,126,238
4401,224,255,479
4401,160,124,284
4401,139,146,285
4401,136,97,233
4401,155,134,289
4401,182,151,333
4402,131,152,283
4402,145,178,323
4402,125,106,231
4402,113,129,242
4402,102,80,182
4402,254,235,489
4402,122,125,247
4402,99,121,220
4402,102,80,182
4402,144,143,287
4402,113,129,242
4402,132,121,253
4402,215,206,421
4402,128,145,273
4402,106,113,219
4402,157,119,276
4402,192,189,381
4402,164,121,285
4402,145,107,252
4402,227,225,452
4402,118,98,216
4402,149,161,310
4402,138,119,257
4402,126,103,229
4402,232,241,473
4402,148,138,286
4402,176,159,335
4402,133,162,295
4402,159,140,299
4402,105,109,214
4402,158,142,300
4402,192,189,381
4402,124,158,282
4402,108,123,231
4402,182,149,331
4402,145,107,252
4402,189,176,365
4402,166,189,355
4402,118,109,227
4402,101,117,218
4403,107,100,207
4403,231,236,467
4403,143,129,272
4403,157,120,277
4403,191,182,373
4403,114,132,246
4403,105,109,214
4403,163,179,342
4403,140,123,263
4403,156,149,305
4403,127,104,231
4403,192,162,354
4403,119,118,237
4403,177,160,337
4403,107,118,225
4403,116,131,247
4403,100,117,217
4403,140,139,279
4403,114,132,246
4403,145,173,318
4403,192,162,354
4403,233,229,462
4403,182,154,336
4403,128,169,297
4403,114,140,254
4403,205,201,406
4403,147,146,293
4403,117,103,220
4403,116,131,247
4403,163,140,303
4403,156,115,271
4403,172,147,319
4403,97,79,176
4403,124,95,219
4403,118,115,233
4403,97,79,176
4403,126,142,268
4403,105,113,218
4403,223,243,466
4403,127,163,290
4404,137,137,274
4404,114,124,238
4404,226,208,434
4404,117,115,232
4404,157,164,321
4404,175,163,338
4404,218,170,388
4404,114,124,238
4404,119,119,238
4404,96,79,175
4404,145,175,320
4404,108,114,222
4404,119,145,264
4404,218,170,388
4404,157,142,299
4404,102,130,232
4404,145,142,287
4404,105,113,218
4404,178,156,334
4404,164,115,279
4404,119,145,264
4404,115,98,213
4404,104,109,213
4404,215,234,449
4404,130,175,305
4404,159,133,292
4404,235,249,484
4404,160,138,298
4404,118,100,218
4404,191,186,377
4404,115,144,259
4404,154,121,275
4404,245,230,475
4404,131,154,285
4404,119,93,212
4404,123,105,228
4404,96,79,175
4404,153,144,297
4404,156,173,329
4404,155,139,294
4405,148,117,265
4405,141,138,279
4405,150,131,281
4405,96,79,175
4405,106,97,203
4405,110,97,207
4405,118,116,234
4405,121,153,274
4405,158,166,324
4405,132,135,267
4405,149,156,305
4405,131,94,225
4405,188,193,381
4405,157,142,299
4405,144,165,309
4405,162,141,303
4405,214,205,419
4405,188,193,381
4405,121,153,274
4405,164,116,280
4405,106,97,203
4405,246,233,479
4405,162,154,316
4405,191,192,383
4405,175,147,322
4405,144,140,284
4405,132,117,249
4405,141,158,299
4405,96,79,175
4405,112,119,231
4405,116,93,209
4405,131,153,284
4405,131,150,281
4405,105,109,214
4405,112,119,231
4405,103,131,234
4405,250,232,482
4405,104,105,209
4405,122,126,248
4405,227,227,454
4406,162,181,343
4406,150,181,331
4406,206,169,375
4406,140,162,302
4406,146,162,308
4406,117,112,229
4406,126,135,261
4406,154,119,273
4406,244,233,477
4406,188,178,366
4406,157,142,299
4406,237,231,468
4406,112,98,210
4406,110,111,221
4406,114,139,253
4406,110,111,221
4406,156,142,298
4406,95,96,191
4406,101,78,179
4406,120,94,214
4406,130,153,283
4406,101,78,179
4406,225,227,452
4406,147,130,277
4406,102,103,205
4406,134,143,277
4406,147,125,272
4406,206,169,375
4406,100,96,196
4406,215,206,421
4406,158,139,297
4406,155,173,328
4406,105,115,220
4406,103,106,209
4406,122,118,240
4406,130,137,267
4406,154,113,267
4406,123,156,279
4406,123,156,279
4406,180,151,331
4407,123,155,278
4407,123,155,278
4407,101,81,182
4407,112,122,234
4407,130,140,270
4407,162,179,341
4407,146,153,299
4407,117,115,232
4407,158,140,298
4407,152,126,278
4407,103,98,201
4407,159,110,269
4407,128,138,266
4407,182,150,332
4407,101,81,182
4407,214,204,418
4407,170,143,313
4407,110,100,210
4407,103,105,208
4407,104,116,220
4407,149,129,278
4407,159,145,304
4407,101,119,220
4407,128,121,249
4407,144,157,301
4407,197,158,355
4407,197,158,355
4407,250,232,482
4407,128,168,296
4407,133,157,290
4407,155,120,275
4407,249,232,481
4407,123,95,218
4407,188,179,367
4407,125,101,226
4407,239,229,468
4407,144,169,313
4407,110,130,240
4407,112,122,234
4407,142,161,303
4408,143,163,306
4408,103,102,205
4408,158,132,290
4408,108,81,189
4408,153,145,298
4408,103,115,218
4408,130,151,281
4408,124,121,245
4408,132,177,309
4408,114,123,237
4408,152,137,289
4408,257,237,494
4408,238,232,470
4408,220,219,439
4408,147,115,262
4408,108,81,189
4408,147,163,310
4408,191,180,371
4408,118,115,233
4408,128,102,230
4408,207,159,366
4408,121,153,274
4408,170,149,319
4408,110,124,234
4408,104,105,209
4408,159,141,300
4408,208,202,410
4408,133,163,296
4408,97,118,215
4408,144,165,309
4408,100,116,216
4408,107,97,204
4408,114,123,237
4408,207,159,366
4408,146,137,283
4408,121,153,274
4408,175,117,292
4408,127,138,265
4408,161,176,337
4408,160,128,288
4409,140,170,310
4409,153,125,278
4409,218,207,425
4409,222,248,470
4409,129,153,282
4409,104,94,198
4409,126,131,257
4409,126,95,221
4409,148,171,319
4409,133,159,292
4409,140,155,295
4409,109,83,192
4409,109,83,192
4409,111,100,211
4409,105,105,210
4409,103,113,216
4409,112,118,230
4409,161,145,306
4409,163,143,306
4409,110,123,233
4409,246,233,479
4409,194,190,384
4409,229,251,480
4409,131,166,297
4409,112,118,230
4409,180,179,359
4409,160,169,329
4409,103,121,224
4409,180,179,359
4409,121,120,241
4409,184,121,305
4409,160,157,317
4409,173,152,325
4409,134,163,297
4409,118,144,262
4409,133,173,306
4409,118,144,262
4409,110,97,207
4409,120,122,242
4409,166,123,289
4410,253,232,485
4410,192,190,382
4410,222,225,447
4410,128,161,289
4410,151,109,260
4410,176,146,322
4410,176,146,322
4410,120,100,220
4410,124,121,245
4410,169,151,320
4410,143,109,252
4410,124,154,278
4410,150,174,324
4410,185,155,340
4410,103,112,215
4410,121,95,216
4410,135,134,269
4410,105,110,215
4410,129,146,275
4410,109,97,206
4410,135,149,284
4410,217,205,422
4410,108,110,218
4410,145,142,287
4410,132,150,282
4410,143,109,252
4410,110,84,194
4410,127,129,256
4410,109,96,205
4410,150,124,274
4410,124,154,278
4410,135,169,304
4410,154,160,314
4410,100,119,219
4410,164,144,308
4410,126,156,282
4410,110,84,194
4410,170,116,286
4410,216,233,449
4410,142,159,301
4411,216,205,421
4411,111,83,194
4411,110,127,237
4411,139,162,301
4411,250,233,483
4411,102,95,197
4411,104,102,206
4411,108,114,222
4411,167,122,289
4411,129,142,271
4411,225,179,404
4411,142,121,263
4411,117,133,250
4411,106,121,227
4411,178,164,342
4411,177,153,330
4411,224,251,475
4411,171,147,318
4411,122,101,223
4411,178,164,342
4411,159,163,322
4411,141,104,245
4411,117,133,250
4411,113,118,231
4411,158,111,269
4411,144,146,290
4411,134,170,304
4411,124,156,280
4411,221,236,457
4411,151,174,325
4411,124,149,273
4411,124,156,280
4411,143,164,307
4411,111,83,194
4411,128,143,271
4411,101,113,214
4411,148,139,287
4411,175,155,330
4411,116,93,209
4411,133,153,286
4412,184,154,338
4412,103,120,223
4412,146,149,295
4412,127,102,229
4412,253,235,488
4412,157,144,301
4412,148,124,272
4412,112,91,203
4412,109,116,225
4412,113,84,197
4412,140,108,248
4412,109,96,205
4412,134,99,233
4412,157,110,267
4412,149,169,318
4412,126,134,260
4412,139,127,266
4412,227,248,475
4412,212,174,386
4412,171,155,326
4412,101,97,198
4412,161,168,329
4412,140,108,248
4412,113,84,197
4412,172,163,335
4412,129,139,268
4412,166,145,311
4412,171,155,326
4412,122,123,245
4412,177,153,330
4412,123,156,279
4412,111,130,241
4412,169,122,291
4412,138,104,242
4412,125,149,274
4412,132,165,297
4412,218,206,424
4412,139,156,295
4412,123,156,279
4412,226,254,480
4413,139,127,266
4413,139,160,299
4413,223,245,468
4413,263,236,499
4413,114,93,207
4413,208,202,410
4413,107,123,230
4413,165,143,308
4413,161,112,273
4413,162,142,304
4413,127,155,282
4413,102,122,224
4413,161,151,312
4413,154,142,296
4413,111,127,238
4413,116,142,258
4413,150,173,323
4413,132,160,292
4413,182,150,332
4413,146,154,300
4413,125,123,248
4413,127,136,263
4413,143,121,264
4413,214,176,390
4413,128,139,267
4413,165,143,308
4413,109,111,220
4413,127,102,229
4413,169,122,291
4413,137,105,242
4413,104,104,208
4413,144,108,252
4413,96,92,188
4413,138,180,318
4413,111,83,194
4413,189,170,359
4413,144,108,252
4413,116,142,258
4413,111,83,194
4413,260,236,496
4414,165,151,316
4414,150,177,327
4414,113,135,248
4414,176,146,322
4414,171,145,316
4414,251,234,485
4414,108,82,190
4414,184,146,330
4414,144,106,250
4414,164,114,278
4414,219,241,460
4414,184,146,330
4414,213,174,387
4414,101,115,216
4414,145,109,254
4414,130,146,276
4414,129,155,284
4414,108,117,225
4414,130,162,292
4414,124,124,248
4414,141,161,302
4414,243,232,475
4414,182,165,347
4414,133,119,252
4414,141,102,243
4414,131,103,234
4414,121,148,269
4414,93,93,186
4414,121,148,269
4414,167,152,319
4414,160,120,280
4414,111,91,202
4414,132,143,275
4414,130,151,281
4414,209,202,411
4414,145,109,254
4414,142,128,270
4414,127,96,223
4414,168,151,319
4414,108,82,190
4415,134,153,287
4415,97,83,180
4415,140,103,243
4415,133,125,258
4415,159,114,273
4415,140,121,261
4415,205,175,380
4415,126,144,270
4415,149,131,280
4415,129,161,290
4415,165,122,287
4415,99,95,194
4415,169,152,321
4415,228,249,477
4415,116,128,244
4415,151,174,325
4415,142,168,310
4415,116,128,244
4415,101,116,217
4415,147,108,255
4415,169,152,321
4415,97,83,180
4415,149,131,280
4415,170,148,318
4415,148,167,315
4415,145,161,306
4415,110,92,202
4415,176,167,343
4415,155,139,294
4415,160,143,303
4415,125,102,227
4415,238,231,469
4415,219,238,457
4415,223,206,429
4415,114,138,252
4415,103,148,251
4415,125,94,219
4415,150,125,275
4415,109,123,232
4415,144,143,287
4416,247,232,479
4416,147,106,253
4416,158,190,348
4416,246,230,476
4416,142,134,276
4416,158,140,298
4416,143,155,298
4416,124,102,226
4416,122,157,279
4416,101,116,217
4416,116,129,245
4416,111,134,245
4416,147,124,271
4416,212,179,391
4416,170,147,317
4416,130,163,293
4416,146,166,312
4416,107,118,225
4416,99,90,189
4416,104,146,250
4416,113,92,205
4416,135,119,254
4416,220,205,425
4416,170,150,320
4416,167,149,316
4416,141,126,267
4416,166,144,310
4416,123,95,218
4416,96,93,189
4416,122,157,279
4416,138,102,240
4416,133,157,290
4416,99,90,189
4416,131,156,287
4416,225,254,479
4416,146,162,308
4416,168,122,290
4416,163,125,288
4416,170,150,320
4416,116,129,245
4417,138,121,259
4417,150,108,258
4417,164,128,292
4417,123,157,280
4417,115,126,241
4417,256,235,491
4417,147,146,293
4417,123,94,217
4417,167,145,312
4417,123,157,280
4417,131,160,291
4417,144,160,304
4417,258,233,491
4417,108,98,206
4417,120,100,220
4417,139,126,265
4417,140,104,244
4417,162,144,306
4417,186,166,352
4417,167,145,312
4417,99,91,190
4417,149,138,287
4417,132,124,256
4417,141,144,285
4417,130,147,277
4417,108,119,227
4417,129,165,294
4417,99,91,190
4417,102,114,216
4417,114,92,206
4417,213,180,393
4417,176,147,323
4417,150,171,321
4417,226,254,480
4417,177,152,329
4417,107,111,218
4417,214,204,418
4417,151,124,275
4417,154,138,292
4417,115,126,241
4418,128,141,269
4418,135,124,259
4418,114,100,214
4418,224,250,474
4418,161,141,302
4418,141,159,300
4418,116,132,248
4418,101,118,219
4418,214,204,418
4418,160,142,302
4418,98,90,188
4418,130,102,232
4418,177,149,326
4418,171,150,321
4418,166,138,304
4418,167,121,288
4418,148,136,284
4418,116,132,248
4418,219,181,400
4418,154,173,327
4418,171,150,321
4418,98,90,188
4418,129,123,252
4418,109,118,227
4418,127,159,286
4418,140,105,245
4418,150,171,321
4418,158,180,338
4418,228,250,478
4418,253,232,485
4418,128,154,282
4418,151,125,276
4418,105,110,215
4418,120,91,211
4418,151,160,311
4418,148,109,257
4418,143,129,272
4418,117,93,210
4418,151,124,275
4418,143,129,272
4419,127,152,279
4419,165,142,307
4419,147,109,256
4419,163,134,297
4419,143,132,275
4419,132,126,258
4419,123,123,246
4419,145,161,306
4419,149,123,272
4419,110,91,201
4419,106,107,213
4419,116,89,205
4419,138,103,241
4419,132,172,304
4419,134,102,236
4419,116,99,215
4419,166,143,309
4419,223,206,429
4419,217,233,450
4419,98,89,187
4419,141,154,295
4419,130,161,291
4419,171,148,319
4419,98,89,187
4419,159,119,278
4419,130,104,234
4419,101,115,216
4419,228,248,476
4419,152,124,276
4419,236,230,466
4419,152,168,320
4419,159,180,339
4419,108,105,213
4419,146,130,276
4419,151,164,315
4419,195,198,393
4419,126,136,262
4419,171,148,319
4419,146,130,276
4419,130,104,234
4420,103,116,219
4420,105,106,211
4420,136,125,261
4420,137,103,240
4420,127,132,259
4420,129,153,282
4420,142,130,272
4420,136,125,261
4420,157,119,276
4420,125,102,227
4420,168,134,302
4420,97,86,183
4420,121,122,243
4420,146,155,301
4420,192,196,388
4420,113,92,205
4420,146,122,268
4420,164,145,309
4420,128,170,298
4420,133,102,235
4420,113,99,212
4420,229,206,435
4420,220,222,442
4420,138,139,277
4420,116,89,205
4420,152,165,317
4420,168,134,302
4420,136,125,261
4420,161,143,304
4420,125,102,227
4420,165,131,296
4420,127,156,283
4420,239,232,471
4420,214,225,439
4420,148,161,309
4420,188,166,354
4420,153,124,277
4420,109,118,227
4420,121,131,252
4420,97,86,183
4421,137,139,276
4421,211,204,415
4421,161,122,283
4421,163,145,308
4421,132,102,234
4421,113,123,236
4421,134,103,237
4421,110,90,200
4421,155,177,332
4421,109,87,196
4421,194,201,395
4421,146,161,307
4421,222,225,447
4421,247,237,484
4421,135,107,242
4421,137,128,265
4421,99,90,189
4421,145,128,273
4421,152,133,285
4421,100,116,216
4421,127,161,288
4421,218,233,451
4421,99,90,189
4421,128,141,269
4421,121,132,253
4421,110,98,208
4421,135,107,242
4421,181,165,346
4421,169,144,313
4421,128,148,276
4421,151,124,275
4421,148,124,272
4421,104,103,207
4421,127,125,252
4421,145,128,273
4421,163,119,282
4421,170,154,324
4421,170,154,324
4421,146,144,290
4421,129,163,292
4422,147,143,290
4422,129,139,268
4422,130,103,233
4422,150,167,317
4422,100,92,192
4422,130,164,294
4422,165,138,303
4422,128,149,277
4422,177,149,326
4422,137,139,276
4422,192,196,388
4422,165,138,303
4422,130,103,233
4422,144,156,300
4422,172,162,334
4422,131,101,232
4422,114,138,252
4422,106,89,195
4422,122,122,244
4422,153,125,278
4422,110,88,198
4422,251,238,489
4422,155,126,281
4422,220,232,452
4422,153,140,293
4422,106,96,202
4422,163,116,279
4422,153,131,284
4422,137,104,241
4422,104,101,205
4422,122,133,255
4422,100,92,192
4422,218,205,423
4422,103,113,216
4422,145,129,274
4422,220,239,459
4422,161,120,281
4422,145,129,274
4422,140,156,296
4422,139,125,264
4423,179,140,319
4423,129,104,233
4423,100,94,194
4423,185,164,349
4423,122,100,222
4423,166,133,299
4423,179,140,319
4423,99,87,186
4423,124,154,278
4423,146,137,283
4423,104,86,190
4423,155,127,282
4423,148,143,291
4423,166,148,314
4423,150,126,276
4423,150,161,311
4423,217,204,421
4423,129,104,233
4423,116,143,259
4423,113,120,233
4423,144,128,272
4423,137,178,315
4423,156,151,307
4423,263,241,504
4423,193,197,390
4423,104,96,200
4423,131,141,272
4423,124,147,271
4423,223,246,469
4423,124,154,278
4423,130,163,293
4423,103,119,222
4423,100,94,194
4423,160,141,301
4423,150,109,259
4423,144,141,285
4423,215,222,437
4423,135,103,238
4423,107,98,205
4423,150,114,264
4424,220,204,424
4424,193,194,387
4424,165,133,298
4424,221,243,464
4424,142,121,263
4424,104,123,227
4424,154,167,321
4424,155,141,296
4424,97,88,185
4424,141,118,259
4424,97,88,185
4424,112,121,233
4424,145,148,293
4424,113,100,213
4424,103,93,196
4424,124,103,227
4424,120,147,267
4424,129,161,290
4424,134,178,312
4424,146,139,285
4424,124,103,227
4424,177,142,319
4424,139,153,292
4424,128,100,228
4424,100,88,188
4424,145,137,282
4424,139,114,253
4424,148,110,258
4424,106,88,194
4424,177,142,319
4424,125,141,266
4424,236,253,489
4424,128,103,231
4424,137,140,277
4424,148,130,278
4424,120,147,267
4424,161,129,290
4424,134,149,283
4424,238,229,467
4424,179,162,341
4425,132,104,236
4425,168,145,313
4425,168,145,313
4425,218,225,443
4425,111,98,209
4425,149,141,290
4425,136,147,283
4425,117,139,256
4425,93,89,182
4425,120,98,218
4425,150,129,279
4425,106,96,202
4425,143,136,279
4425,134,158,292
4425,220,237,457
4425,135,151,286
4425,149,168,317
4425,104,127,231
4425,98,87,185
4425,150,110,260
4425,131,169,300
4425,127,154,281
4425,217,204,421
4425,132,103,235
4425,112,122,234
4425,142,119,261
4425,235,238,473
4425,152,152,304
4425,166,145,311
4425,135,114,249
4425,132,119,251
4425,106,92,198
4425,157,139,296
4425,98,87,185
4425,193,193,386
4425,132,104,236
4425,117,139,256
4425,132,163,295
4425,173,162,335
4425,162,132,294
4426,144,147,291
4426,135,133,268
4426,124,150,274
4426,218,228,446
4426,131,146,277
4426,122,133,255
4426,146,129,275
4426,101,91,192
4426,177,149,326
4426,104,130,234
4426,114,121,235
4426,157,126,283
4426,137,117,254
4426,133,135,268
4426,131,119,250
4426,103,97,200
4426,105,93,198
4426,136,169,305
4426,121,102,223
4426,119,142,261
4426,228,252,480
4426,119,142,261
4426,160,186,346
4426,131,162,293
4426,169,144,313
4426,168,149,317
4426,134,120,254
4426,135,104,239
4426,216,201,417
4426,193,201,394
4426,168,149,317
4426,146,141,287
4426,125,100,225
4426,90,87,177
4426,101,91,192
4426,150,144,294
4426,121,102,223
4426,108,97,205
4426,237,248,485
4426,154,167,321
4427,239,262,501
4427,147,144,291
4427,166,149,315
4427,152,169,321
4427,131,134,265
4427,159,183,342
4427,127,138,265
4427,130,103,233
4427,193,197,390
4427,120,100,220
4427,100,89,189
4427,152,125,277
4427,90,88,178
4427,106,93,199
4427,118,140,258
4427,106,102,208
4427,100,89,189
4427,118,140,258
4427,139,157,296
4427,168,145,313
4427,133,116,249
4427,212,199,411
4427,167,145,312
4427,168,145,313
4427,135,104,239
4427,120,100,220
4427,140,122,262
4427,182,150,332
4427,252,234,486
4427,130,121,251
4427,128,159,287
4427,111,100,211
4427,135,126,261
4427,216,228,444
4427,162,148,310
4427,142,156,298
4427,103,123,226
4427,141,119,260
4427,118,122,240
4427,148,108,256
4428,120,147,267
4428,152,162,314
4428,120,147,267
4428,149,161,310
4428,112,129,241
4428,217,200,417
4428,195,200,395
4428,128,100,228
4428,89,87,176
4428,137,162,299
4428,109,108,217
4428,100,90,190
4428,105,122,227
4428,131,127,258
4428,130,164,294
4428,100,90,190
4428,129,137,266
4428,139,108,247
4428,138,124,262
4428,144,108,252
4428,189,122,311
4428,217,234,451
4428,149,124,273
4428,226,255,481
4428,142,151,293
4428,106,97,203
4428,257,239,496
4428,133,143,276
4428,139,108,247
4428,129,163,292
4428,149,125,274
4428,170,152,322
4428,134,121,255
4428,170,152,322
4428,142,117,259
4428,172,147,319
4428,121,101,222
4428,161,187,348
4428,109,120,229
4428,152,143,295
4429,153,153,306
4429,216,221,437
4429,132,133,265
4429,134,124,258
4429,227,258,485
4429,143,110,253
4429,151,110,261
4429,106,121,227
4429,139,119,258
4429,147,123,270
4429,105,101,206
4429,128,153,281
4429,162,142,304
4429,147,152,299
4429,132,125,257
4429,101,124,225
4429,117,141,258
4429,148,157,305
4429,102,95,197
4429,118,101,219
4429,105,87,192
4429,153,125,278
4429,153,164,317
4429,138,180,318
4429,112,128,240
4429,117,141,258
4429,173,160,333
4429,134,126,260
4429,188,192,380
4429,214,198,412
4429,102,95,197
4429,134,103,237
4429,246,236,482
4429,126,156,282
4429,142,172,314
4429,180,119,299
4429,143,110,253
4429,89,89,178
4429,124,130,254
4430,104,127,231
4430,151,144,295
4430,153,126,279
4430,168,154,322
4430,103,99,202
4430,132,122,254
4430,106,103,209
4430,116,138,254
4430,121,131,252
4430,138,115,253
4430,127,124,251
4430,132,106,238
4430,210,197,407
4430,188,123,311
4430,136,104,240
4430,144,146,290
4430,135,117,252
4430,108,121,229
4430,139,179,318
4430,224,245,469
4430,123,123,246
4430,124,152,276
4430,184,174,358
4430,133,139,272
4430,170,147,317
4430,132,106,238
4430,91,98,189
4430,264,239,503
4430,103,99,202
4430,137,122,259
4430,149,156,305
4430,103,88,191
4430,111,99,210
4430,151,152,303
4430,111,124,235
4430,218,222,440
4430,116,138,254
4430,150,152,302
4430,127,147,274
4431,119,143,262
4431,114,101,215
4431,101,96,197
4431,154,125,279
4431,164,146,310
4431,89,92,181
4431,174,163,337
4431,130,101,231
4431,142,101,243
4431,147,110,257
4431,144,190,334
4431,125,102,227
4431,125,123,248
4431,182,172,354
4431,154,171,325
4431,252,236,488
4431,158,153,311
4431,142,143,285
4431,208,196,404
4431,125,151,276
4431,113,91,204
4431,227,249,476
4431,216,228,444
4431,160,154,314
4431,106,102,208
4431,100,118,218
4431,119,143,262
4431,123,124,247
4431,132,164,296
4431,106,128,234
4431,182,120,302
4431,132,121,253
4431,141,115,256
4431,164,146,310
4431,133,138,271
4431,136,137,273
4431,133,115,248
4431,125,102,227
4431,101,96,197
4432,175,150,325
4432,149,123,272
4432,172,164,336
4432,114,102,216
4432,154,149,303
4432,138,163,301
4432,131,117,248
4432,119,151,270
4432,135,103,238
4432,153,153,306
4432,104,99,203
4432,128,105,233
4432,144,123,267
4432,124,125,249
4432,183,178,361
4432,107,130,237
4432,147,159,306
4432,134,138,272
4432,169,162,331
4432,147,110,257
4432,190,124,314
4432,128,101,229
4432,119,151,270
4432,129,143,272
4432,128,105,233
4432,118,91,209
4432,223,220,443
4432,122,144,266
4432,255,233,488
4432,96,118,214
4432,125,132,257
4432,89,89,178
4432,104,99,203
4432,208,196,404
4432,141,116,257
4432,107,103,210
4432,135,123,258
4432,250,238,488
4432,175,152,327
4433,141,139,280
4433,137,123,260
4433,149,160,309
4433,150,110,260
4433,116,88,204
4433,217,220,437
4433,138,147,285
4433,149,154,303
4433,123,127,250
4433,134,107,241
4433,93,90,183
4433,169,151,320
4433,145,165,310
4433,146,123,269
4433,232,231,463
4433,135,156,291
4433,188,188,376
4433,131,116,247
4433,144,106,250
4433,131,107,238
4433,134,107,241
4433,105,104,209
4433,122,100,222
4433,105,104,209
4433,194,203,397
4433,112,118,230
4433,118,104,222
4433,138,114,252
4433,92,118,210
4433,187,120,307
4433,149,124,273
4433,228,254,482
4433,158,158,316
4433,120,150,270
4433,181,153,334
4433,120,150,270
4433,126,130,256
4433,121,147,268
4433,168,154,322
4434,150,152,302
4434,265,241,506
4434,165,139,304
4434,121,100,221
4434,117,102,219
4434,87,118,205
4434,133,117,250
4434,128,135,263
4434,138,144,282
4434,126,106,232
4434,134,114,248
4434,151,178,329
4434,255,234,489
4434,126,135,261
4434,120,144,264
4434,185,156,341
4434,219,225,444
4434,156,125,281
4434,105,104,209
4434,124,154,278
4434,151,172,323
4434,124,154,278
4434,119,100,219
4434,105,104,209
4434,114,118,232
4434,182,124,306
4434,195,212,407
4434,169,161,330
4434,127,135,262
4434,146,110,256
4434,114,90,204
4434,117,102,219
4434,152,125,277
4434,137,124,261
4434,163,149,312
4434,132,100,232
4434,140,167,307
4434,89,88,177
4434,185,181,366
4435,146,185,331
4435,190,189,379
4435,145,132,277
4435,192,208,400
4435,176,124,300
4435,175,155,330
4435,126,132,258
4435,136,113,249
4435,112,121,233
4435,175,139,314
4435,104,103,207
4435,125,101,226
4435,160,126,286
4435,114,98,212
4435,253,234,487
4435,127,139,266
4435,182,152,334
4435,168,145,313
4435,137,110,247
4435,155,184,339
4435,123,104,227
4435,141,173,314
4435,149,111,260
4435,134,116,250
4435,135,103,238
4435,151,124,275
4435,137,110,247
4435,89,116,205
4435,154,168,322
4435,92,90,182
4435,119,145,264
4435,145,132,277
4435,125,139,264
4435,104,103,207
4435,122,94,216
4435,142,153,295
4435,218,230,448
4435,137,123,260
4435,267,242,509
4436,137,105,242
4436,241,226,467
4436,154,188,342
4436,106,94,200
4436,127,123,250
4436,171,148,319
4436,104,103,207
4436,128,96,224
4436,119,146,265
4436,147,165,312
4436,144,124,268
4436,162,146,308
4436,149,152,301
4436,96,90,186
4436,121,134,255
4436,220,221,441
4436,129,137,266
4436,135,110,245
4436,189,122,311
4436,141,124,265
4436,239,264,503
4436,130,108,238
4436,131,115,246
4436,193,207,400
4436,104,103,207
4436,134,103,237
4436,177,153,330
4436,124,133,257
4436,195,199,394
4436,122,150,272
4436,112,119,231
4436,154,175,329
4436,122,150,272
4436,140,112,252
4436,158,125,283
4436,177,144,321
4436,91,126,217
4436,135,110,245
4436,167,160,327
4437,90,125,215
4437,145,126,271
4437,129,98,227
4437,94,90,184
4437,194,198,392
4437,237,253,490
4437,139,111,250
4437,145,124,269
4437,166,156,322
4437,136,102,238
4437,151,166,317
4437,118,126,244
4437,223,182,405
4437,160,143,303
4437,172,150,322
4437,139,111,250
4437,197,125,322
4437,129,141,270
4437,134,103,237
4437,164,140,304
4437,120,143,263
4437,132,146,278
4437,124,124,248
4437,147,155,302
4437,141,124,265
4437,105,103,208
4437,120,143,263
4437,121,151,272
4437,227,249,476
4437,110,110,220
4437,105,103,208
4437,159,168,327
4437,101,93,194
4437,130,114,244
4437,134,110,244
4437,181,165,346
4437,171,142,313
4437,134,125,259
4437,222,229,451
4438,107,111,218
4438,121,152,273
4438,96,92,188
4438,151,168,319
4438,129,97,226
4438,87,116,203
4438,131,105,236
4438,168,148,316
4438,132,143,275
4438,152,153,305
4438,137,112,249
4438,161,173,334
4438,122,115,237
4438,170,158,328
4438,157,137,294
4438,136,142,278
4438,120,138,258
4438,263,241,504
4438,212,176,388
4438,180,152,332
4438,131,105,236
4438,166,144,310
4438,257,231,488
4438,115,127,242
4438,121,152,273
4438,89,89,178
4438,129,138,267
4438,107,111,218
4438,191,205,396
4438,142,170,312
4438,138,128,266
4438,133,103,236
4438,167,146,313
4438,115,100,215
4438,225,248,473
4438,134,147,281
4438,119,127,246
4438,134,110,244
4438,158,130,288
4439,130,108,238
4439,124,147,271
4439,163,128,291
4439,145,110,255
4439,88,118,206
4439,137,95,232
4439,183,152,335
4439,119,126,245
4439,133,102,235
4439,264,243,507
4439,145,128,273
4439,150,154,304
4439,169,145,314
4439,143,179,322
4439,157,132,289
4439,151,173,324
4439,145,110,255
4439,137,95,232
4439,153,175,328
4439,106,95,201
4439,167,137,304
4439,91,95,186
4439,139,164,303
4439,190,153,343
4439,222,229,451
4439,116,132,248
4439,250,231,481
4439,138,115,253
4439,117,138,255
4439,117,138,255
4439,128,138,266
4439,141,142,283
4439,191,201,392
4439,123,113,236
4439,108,100,208
4439,162,124,286
4439,188,172,360
4439,166,141,307
4439,127,96,223
4440,150,176,326
4440,90,88,178
4440,93,129,222
4440,107,133,240
4440,132,98,230
4440,137,155,292
4440,167,141,308
4440,130,114,244
4440,114,125,239
4440,161,174,335
4440,229,229,458
4440,142,128,270
4440,117,147,264
4440,193,200,393
4440,108,100,208
4440,132,143,275
4440,197,175,372
4440,168,140,308
4440,159,128,287
4440,114,125,239
4440,135,103,238
4440,235,250,485
4440,155,156,311
4440,136,127,263
4440,148,142,290
4440,153,148,301
4440,105,113,218
4440,113,98,211
4440,115,128,243
4440,168,154,322
4440,151,166,317
4440,159,126,285
4440,105,113,218
4440,118,124,242
4440,126,158,284
4440,137,162,299
4440,133,160,293
4440,241,225,466
4440,117,147,264
4441,134,148,282
4441,116,98,214
4441,114,101,215
4441,130,101,231
4441,105,125,230
4441,221,245,466
4441,130,125,255
4441,181,152,333
4441,144,108,252
4441,106,111,217
4441,147,147,294
4441,172,161,333
4441,161,140,301
4441,130,141,271
4441,113,135,248
4441,196,199,395
4441,113,135,248
4441,142,129,271
4441,223,221,444
4441,121,135,256
4441,157,172,329
4441,127,114,241
4441,106,111,217
4441,231,231,462
4441,139,142,281
4441,115,126,241
4441,179,141,320
4441,189,172,361
4441,145,152,297
4441,144,108,252
4441,132,150,282
4441,131,98,229
4441,97,91,188
4441,145,151,296
4441,92,132,224
4441,124,152,276
4441,161,154,315
4441,164,141,305
4441,132,151,283
4442,121,102,223
4442,157,135,292
4442,114,126,240
4442,236,229,465
4442,140,127,267
4442,121,132,253
4442,131,101,232
4442,141,152,293
4442,153,153,306
4442,196,171,367
4442,134,147,281
4442,158,139,297
4442,112,135,247
4442,224,242,466
4442,158,146,304
4442,141,108,249
4442,200,203,403
4442,101,92,193
4442,112,135,247
4442,115,101,216
4442,123,147,270
4442,131,98,229
4442,153,171,324
4442,104,126,230
4442,181,142,323
4442,141,108,249
4442,105,111,216
4442,145,142,287
4442,105,111,216
4442,132,151,283
4442,154,162,316
4442,136,152,288
4442,126,124,250
4442,231,227,458
4442,133,148,281
4442,123,114,237
4442,89,125,214
4442,146,147,293
4442,185,161,346
4443,115,126,241
4443,206,153,359
4443,129,154,283
4443,104,120,224
4443,130,97,227
4443,243,231,474
4443,114,133,247
4443,104,108,212
4443,99,92,191
4443,231,227,458
4443,142,135,277
4443,198,200,398
4443,153,142,295
4443,130,146,276
4443,131,114,245
4443,114,133,247
4443,137,156,293
4443,121,131,252
4443,159,148,307
4443,154,163,317
4443,148,152,300
4443,127,124,251
4443,120,143,263
4443,134,153,287
4443,178,161,339
4443,107,102,209
4443,176,151,327
4443,164,144,308
4443,131,102,233
4443,91,128,219
4443,148,154,302
4443,132,107,239
4443,160,125,285
4443,104,108,212
4443,226,249,475
4443,190,172,362
4443,101,123,224
4443,132,107,239
4443,152,148,300
4444,224,239,463
4444,151,152,303
4444,154,158,312
4444,115,125,240
4444,235,229,464
4444,119,105,224
4444,130,113,243
4444,173,161,334
4444,152,169,321
4444,103,109,212
4444,128,141,269
4444,174,170,344
4444,137,157,294
4444,134,126,260
4444,101,114,215
4444,135,168,303
4444,141,133,274
4444,108,100,208
4444,159,124,283
4444,104,95,199
4444,240,232,472
4444,145,144,289
4444,126,123,249
4444,113,128,241
4444,194,184,378
4444,119,105,224
4444,135,141,276
4444,113,128,241
4444,134,151,285
4444,123,98,221
4444,103,109,212
4444,91,123,214
4444,101,125,226
4444,162,151,313
4444,122,135,257
4444,120,144,264
4444,130,97,227
4444,168,143,311
4444,193,198,391
4445,150,149,299
4445,198,213,411
4445,114,139,253
4445,177,175,352
4445,111,114,225
4445,237,229,466
4445,103,106,209
4445,115,101,216
4445,166,117,283
4445,101,117,218
4445,137,177,314
4445,149,110,259
4445,92,128,220
4445,111,101,212
4445,189,175,364
4445,132,149,281
4445,103,106,209
4445,114,139,253
4445,130,137,267
4445,153,123,276
4445,150,166,316
4445,153,163,316
4445,256,233,489
4445,99,117,216
4445,129,146,275
4445,135,99,234
4445,115,101,216
4445,120,143,263
4445,121,97,218
4445,136,151,287
4445,137,120,257
4445,175,157,332
4445,136,115,251
4445,125,126,251
4445,153,152,305
4445,147,164,311
4445,243,227,470
4445,101,93,194
4445,123,122,245
4446,165,146,311
4446,143,164,307
4446,109,100,209
4446,145,120,265
4446,102,94,196
4446,129,142,271
4446,109,100,209
4446,158,151,309
4446,171,158,329
4446,122,126,248
4446,119,96,215
4446,112,101,213
4446,108,125,233
4446,133,148,281
4446,100,115,215
4446,180,121,301
4446,186,172,358
4446,117,144,261
4446,172,159,331
4446,117,144,261
4446,177,176,353
4446,195,212,407
4446,131,113,244
4446,120,139,259
4446,256,238,494
4446,222,241,463
4446,102,106,208
4446,92,130,222
4446,138,183,321
4446,100,118,218
4446,126,128,254
4446,259,233,492
4446,155,143,298
4446,127,133,260
4446,151,111,262
4446,102,106,208
4446,132,137,269
4446,112,114,226
4446,136,112,248
4447,249,234,483
4447,134,150,284
4447,100,101,201
4447,100,101,201
4447,141,157,298
4447,102,95,197
4447,220,241,461
4447,99,112,211
4447,150,142,292
4447,128,133,261
4447,170,117,287
4447,122,142,264
4447,112,136,248
4447,101,122,223
4447,127,137,264
4447,148,111,259
4447,153,142,295
4447,160,151,311
4447,138,185,323
4447,168,157,325
4447,130,97,227
4447,150,124,274
4447,125,123,248
4447,113,119,232
4447,116,94,210
4447,194,174,368
4447,130,138,268
4447,236,259,495
4447,125,113,238
4447,93,128,221
4447,106,103,209
4447,195,209,404
4447,109,100,209
4447,168,157,325
4447,112,136,248
4447,136,118,254
4447,123,122,245
4447,174,169,343
4447,106,103,209
4448,135,152,287
4448,122,135,257
4448,125,122,247
4448,137,181,318
4448,99,97,196
4448,103,124,227
4448,125,113,238
4448,99,97,196
4448,197,208,405
4448,127,125,252
4448,110,133,243
4448,235,259,494
4448,177,176,353
4448,226,252,478
4448,218,232,450
4448,121,144,265
4448,143,132,275
4448,91,124,215
4448,112,116,228
4448,157,187,344
4448,157,143,300
4448,141,148,289
4448,110,101,211
4448,105,95,200
4448,136,125,261
4448,156,151,307
4448,160,150,310
4448,111,100,211
4448,129,97,226
4448,97,107,204
4448,178,122,300
4448,110,101,211
4448,151,153,304
4448,152,123,275
4448,209,178,387
4448,113,94,207
4448,128,137,265
4448,110,133,243
4448,132,141,273
4449,139,151,290
4449,137,179,316
4449,122,103,225
4449,121,134,255
4449,91,119,210
4449,105,95,200
4449,98,92,190
4449,129,124,253
4449,111,137,248
4449,221,241,462
4449,235,258,493
4449,176,173,349
4449,102,125,227
4449,164,149,313
4449,129,142,271
4449,196,209,405
4449,167,147,314
4449,124,155,279
4449,149,143,292
4449,122,103,225
4449,113,121,234
4449,215,228,443
4449,158,128,286
4449,97,103,200
4449,127,127,254
4449,151,153,304
4449,191,129,320
4449,120,113,233
4449,126,125,251
4449,98,92,190
4449,145,136,281
4449,108,94,202
4449,132,98,230
4449,179,162,341
4449,149,124,273
4449,107,99,206
4449,111,137,248
4449,212,178,390
4449,130,138,268
4450,150,123,273
4450,133,143,276
4450,102,124,226
4450,98,93,191
4450,127,132,259
4450,167,149,316
4450,126,125,251
4450,114,103,217
4450,110,142,252
4450,222,241,463
4450,167,151,318
4450,114,103,217
4450,130,145,275
4450,110,142,252
4450,99,109,208
4450,109,101,210
4450,177,161,338
4450,152,110,262
4450,120,151,271
4450,197,217,414
4450,238,264,502
4450,113,123,236
4450,98,93,191
4450,125,113,238
4450,154,143,297
4450,148,146,294
4450,132,97,229
4450,156,153,309
4450,157,137,294
4450,158,143,301
4450,90,121,211
4450,110,95,205
4450,215,219,434
4450,124,126,250
4450,219,179,398
4450,96,93,189
4450,132,151,283
4450,139,181,320
4450,123,138,261
4451,98,93,191
4451,127,133,260
4451,151,140,291
4451,135,100,235
4451,129,125,254
4451,263,237,500
4451,227,244,471
4451,196,205,401
4451,115,127,242
4451,133,153,286
4451,120,145,265
4451,124,105,229
4451,97,93,190
4451,123,114,237
4451,144,139,283
4451,126,136,262
4451,98,93,191
4451,158,147,305
4451,139,141,280
4451,112,95,207
4451,223,244,467
4451,104,123,227
4451,150,153,303
4451,91,117,208
4451,106,132,238
4451,131,148,279
4451,156,142,298
4451,106,132,238
4451,124,105,229
4451,100,113,213
4451,172,143,315
4451,139,190,329
4451,160,145,305
4451,179,158,337
4451,150,110,260
4451,214,180,394
4451,108,106,214
4451,133,139,272
4451,152,124,276
4452,151,126,277
4452,97,87,184
4452,128,143,271
4452,164,143,307
4452,131,148,279
4452,198,212,410
4452,120,97,217
4452,115,110,225
4452,105,128,233
4452,161,129,290
4452,102,115,217
4452,122,131,253
4452,237,259,496
4452,208,177,385
4452,129,97,226
4452,169,157,326
4452,110,109,219
4452,111,118,229
4452,149,152,301
4452,97,87,184
4452,102,118,220
4452,105,128,233
4452,118,104,222
4452,161,144,305
4452,136,180,316
4452,157,127,284
4452,133,138,271
4452,103,124,227
4452,228,251,479
4452,170,150,320
4452,127,135,262
4452,149,143,292
4452,129,136,265
4452,225,246,471
4452,143,132,275
4452,101,93,194
4452,118,104,222
4452,169,151,320
4452,122,151,273
4453,150,154,304
4453,142,137,279
4453,99,114,213
4453,167,145,312
4453,137,185,322
4453,132,153,285
4453,108,100,208
4453,106,133,239
4453,106,133,239
4453,99,115,214
4453,131,147,278
4453,174,149,323
4453,149,146,295
4453,102,92,194
4453,131,150,281
4453,110,110,220
4453,263,238,501
4453,124,119,243
4453,223,229,452
4453,130,97,227
4453,125,158,283
4453,132,165,297
4453,112,96,208
4453,197,202,399
4453,127,128,255
4453,108,100,208
4453,99,91,190
4453,150,110,260
4453,161,128,289
4453,103,127,230
4453,114,122,236
4453,226,246,472
4453,134,144,278
4453,99,91,190
4453,212,180,392
4453,117,110,227
4453,153,130,283
4453,177,151,328
4453,174,160,334
4454,226,241,467
4454,100,91,191
4454,139,181,320
4454,96,106,202
4454,252,232,484
4454,129,122,251
4454,149,154,303
4454,145,109,254
4454,221,230,451
4454,122,150,272
4454,108,107,215
4454,131,105,236
4454,98,88,186
4454,139,134,273
4454,108,109,217
4454,140,132,272
4454,153,168,321
4454,163,154,317
4454,132,158,290
4454,113,110,223
4454,195,200,395
4454,127,130,257
4454,98,88,186
4454,223,183,406
4454,108,109,217
4454,111,95,206
4454,135,158,293
4454,129,98,227
4454,152,126,278
4454,111,115,226
4454,156,126,282
4454,153,166,319
4454,92,115,207
4454,107,128,235
4454,159,126,285
4454,185,149,334
4454,174,149,323
4454,107,128,235
4454,128,145,273
4455,111,111,222
4455,110,116,226
4455,221,222,443
4455,98,99,197
4455,96,92,188
4455,142,133,275
4455,98,92,190
4455,115,97,212
4455,152,167,319
4455,106,127,233
4455,106,127,233
4455,179,152,331
4455,160,143,303
4455,126,126,252
4455,220,178,398
4455,227,250,477
4455,155,134,289
4455,103,103,206
4455,170,158,328
4455,109,102,211
4455,132,104,236
4455,98,92,190
4455,125,119,244
4455,150,155,305
4455,241,229,470
4455,152,126,278
4455,121,149,270
4455,133,132,265
4455,103,103,206
4455,140,190,330
4455,125,136,261
4455,170,177,347
4455,131,149,280
4455,91,124,215
4455,147,149,296
4455,145,110,255
4455,134,99,233
4455,205,201,406
4455,138,168,306
4456,137,165,302
4456,119,137,256
4456,129,136,265
4456,253,233,486
4456,91,90,181
4456,203,200,403
4456,98,92,190
4456,128,128,256
4456,154,123,277
4456,226,255,481
4456,150,153,303
4456,142,196,338
4456,153,165,318
4456,203,174,377
4456,179,151,330
4456,146,142,288
4456,166,155,321
4456,145,123,268
4456,170,174,344
4456,119,97,216
4456,132,150,282
4456,110,128,238
4456,110,128,238
4456,131,98,229
4456,135,146,281
4456,107,102,209
4456,97,108,205
4456,148,147,295
4456,127,145,272
4456,93,122,215
4456,98,92,190
4456,107,102,209
4456,128,104,232
4456,174,125,299
4456,109,113,222
4456,108,108,216
4456,223,233,456
4456,120,132,252
4456,109,106,215
4457,101,118,219
4457,160,153,313
4457,150,157,307
4457,93,125,218
4457,120,131,251
4457,211,198,409
4457,149,150,299
4457,154,169,323
4457,117,130,247
4457,161,128,289
4457,100,91,191
4457,111,116,227
4457,118,111,229
4457,117,130,247
4457,220,237,457
4457,117,98,215
4457,134,156,290
4457,132,141,273
4457,135,142,277
4457,126,136,262
4457,109,106,215
4457,132,139,271
4457,252,232,484
4457,108,101,209
4457,163,145,308
4457,126,129,255
4457,121,141,262
4457,93,91,184
4457,224,253,477
4457,167,150,317
4457,108,101,209
4457,203,173,376
4457,123,100,223
4457,131,99,230
4457,175,150,325
4457,125,144,269
4457,139,189,328
4457,100,91,191
4457,147,147,294
4458,129,134,263
4458,168,125,293
4458,217,225,442
4458,134,155,289
4458,139,190,329
4458,112,109,221
4458,149,123,272
4458,220,243,463
4458,168,147,315
4458,122,145,267
4458,93,127,220
4458,155,177,332
4458,121,99,220
4458,130,158,288
4458,126,112,238
4458,104,129,233
4458,99,88,187
4458,112,109,221
4458,119,128,247
4458,107,102,209
4458,123,130,253
4458,149,156,305
4458,128,101,229
4458,133,140,273
4458,93,89,182
4458,99,88,187
4458,164,139,303
4458,202,175,377
4458,250,231,481
4458,125,123,248
4458,163,156,319
4458,152,163,315
4458,195,201,396
4458,131,136,267
4458,136,100,236
4458,124,132,256
4458,186,152,338
4458,124,132,256
4458,110,113,223
4459,93,122,215
4459,121,143,264
4459,154,143,297
4459,261,236,497
4459,110,113,223
4459,117,117,234
4459,206,202,408
4459,132,139,271
4459,117,117,234
4459,135,140,275
4459,123,134,257
4459,123,131,254
4459,121,112,233
4459,154,165,319
4459,137,155,292
4459,175,149,324
4459,132,100,232
4459,156,127,283
4459,103,96,199
4459,134,113,247
4459,203,177,380
4459,137,181,318
4459,127,135,262
4459,223,222,445
4459,166,140,306
4459,126,123,249
4459,91,91,182
4459,127,99,226
4459,123,120,243
4459,217,224,441
4459,127,135,262
4459,129,144,273
4459,153,118,271
4459,131,104,235
4459,108,101,209
4459,154,165,319
4459,103,96,199
4459,154,176,330
4459,156,186,342
4460,119,138,257
4460,129,148,277
4460,149,151,300
4460,206,204,410
4460,129,98,227
4460,119,130,249
4460,118,117,235
4460,195,171,366
4460,257,234,491
4460,90,91,181
4460,220,235,455
4460,153,118,271
4460,122,123,245
4460,148,110,258
4460,112,102,214
4460,102,97,199
4460,110,113,223
4460,156,144,300
4460,124,111,235
4460,134,174,308
4460,134,152,286
4460,149,150,299
4460,236,224,460
4460,106,128,234
4460,134,112,246
4460,131,139,270
4460,175,153,328
4460,133,125,258
4460,165,140,305
4460,182,160,342
4460,121,99,220
4460,155,177,332
4460,102,97,199
4460,131,120,251
4460,96,134,230
4460,141,162,303
4460,133,139,272
4460,119,130,249
4460,118,117,235
4461,148,117,265
4461,149,148,297
4461,132,136,268
4461,122,132,254
4461,230,225,455
4461,154,142,296
4461,133,103,236
4461,111,102,213
4461,125,134,259
4461,132,147,279
4461,124,99,223
4461,90,94,184
4461,151,165,316
4461,100,98,198
4461,161,146,307
4461,129,98,227
4461,218,232,450
4461,129,131,260
4461,100,98,198
4461,133,124,257
4461,124,140,264
4461,242,228,470
4461,164,130,294
4461,158,186,344
4461,203,179,382
4461,131,139,270
4461,122,132,254
4461,128,112,240
4461,112,123,235
4461,202,201,403
4461,169,145,314
4461,117,135,252
4461,114,112,226
4461,130,111,241
4461,149,110,259
4461,133,171,304
4461,114,112,226
4461,152,165,317
4461,95,133,228
4462,126,125,251
4462,147,148,295
4462,124,98,222
4462,147,115,262
4462,197,199,396
4462,211,182,393
4462,92,100,192
4462,150,111,261
4462,143,172,315
4462,109,114,223
4462,193,157,350
4462,161,192,353
4462,127,134,261
4462,222,237,459
4462,115,123,238
4462,108,126,234
4462,120,143,263
4462,100,94,194
4462,127,110,237
4462,170,146,316
4462,132,138,270
4462,95,130,225
4462,100,94,194
4462,123,132,255
4462,133,140,273
4462,124,134,258
4462,123,132,255
4462,117,103,220
4462,115,123,238
4462,151,159,310
4462,219,223,442
4462,134,175,309
4462,149,151,300
4462,124,136,260
4462,150,140,290
4462,131,138,269
4462,247,231,478
4462,103,125,228
4462,122,110,232
4463,100,92,192
4463,256,231,487
4463,168,147,315
4463,109,114,223
4463,132,135,267
4463,216,182,398
4463,156,180,336
4463,135,177,312
4463,130,156,286
4463,155,170,325
4463,148,109,257
4463,148,146,294
4463,138,157,295
4463,132,135,267
4463,149,150,299
4463,123,132,255
4463,129,142,271
4463,108,125,233
4463,100,92,192
4463,96,130,226
4463,135,148,283
4463,113,102,215
4463,221,232,453
4463,127,102,229
4463,120,135,255
4463,148,141,289
4463,123,111,234
4463,118,108,226
4463,197,201,398
4463,122,153,275
4463,126,121,247
4463,132,136,268
4463,128,129,257
4463,161,155,316
4463,237,223,460
4463,142,113,255
4463,91,95,186
4463,120,135,255
4463,125,100,225
4464,151,159,310
4464,129,144,273
4464,110,115,225
4464,99,88,187
4464,121,103,224
4464,119,134,253
4464,131,104,235
4464,145,109,254
4464,123,137,260
4464,125,112,237
4464,91,94,185
4464,253,234,487
4464,155,141,296
4464,149,162,311
4464,129,134,263
4464,195,204,399
4464,185,120,305
4464,129,134,263
4464,129,127,256
4464,255,236,491
4464,106,121,227
4464,128,100,228
4464,141,161,302
4464,155,170,325
4464,130,133,263
4464,123,153,276
4464,146,153,299
4464,149,142,291
4464,220,230,450
4464,135,176,311
4464,116,106,222
4464,96,133,229
4464,119,134,253
4464,145,135,280
4464,137,153,290
4464,99,88,187
4464,129,152,281
4464,137,114,251
4464,197,200,397
4465,126,124,250
4465,147,111,258
4465,127,111,238
4465,162,166,328
4465,115,107,222
4465,95,129,224
4465,126,100,226
4465,148,143,291
4465,124,136,260
4465,158,129,287
4465,148,156,304
4465,224,231,455
4465,116,102,218
4465,99,89,188
4465,91,91,182
4465,104,130,234
4465,144,107,251
4465,129,139,268
4465,218,180,398
4465,129,134,263
4465,133,135,268
4465,99,89,188
4465,129,134,263
4465,145,144,289
4465,130,160,290
4465,136,179,315
4465,229,228,457
4465,109,112,221
4465,140,113,253
4465,126,121,247
4465,147,146,293
4465,197,198,395
4465,144,107,251
4465,166,111,277
4465,159,182,341
4465,226,238,464
4465,142,167,309
4465,134,100,234
4465,126,163,289
4466,127,171,298
4466,124,135,259
4466,124,111,235
4466,127,105,232
4466,151,112,263
4466,134,176,310
4466,95,129,224
4466,129,127,256
4466,107,111,218
4466,125,101,226
4466,167,143,310
4466,127,105,232
4466,126,126,252
4466,222,220,442
4466,131,137,268
4466,131,137,268
4466,131,162,293
4466,133,137,270
4466,229,227,456
4466,210,176,386
4466,158,151,309
4466,158,152,310
4466,177,114,291
4466,130,98,228
4466,161,186,347
4466,200,208,408
4466,139,118,257
4466,132,103,235
4466,152,141,293
4466,92,95,187
4466,161,129,290
4466,119,101,220
4466,107,106,213
4466,229,244,473
4466,98,84,182
4466,150,148,298
4466,129,142,271
4466,151,158,309
4466,98,84,182
4467,139,149,288
4467,94,129,223
4467,156,146,302
4467,225,228,453
4467,127,124,251
4467,131,98,229
4467,122,135,257
4467,154,181,335
4467,110,107,217
4467,202,214,416
4467,133,172,305
4467,97,83,180
4467,127,132,259
4467,127,132,259
4467,135,168,303
4467,165,145,310
4467,170,155,325
4467,148,140,288
4467,199,174,373
4467,180,117,297
4467,93,98,191
4467,176,161,337
4467,140,163,303
4467,131,147,278
4467,128,102,230
4467,156,145,301
4467,225,222,447
4467,97,83,180
4467,132,106,238
4467,129,112,241
4467,126,141,267
4467,117,99,216
4467,156,130,286
4467,228,247,475
4467,146,118,264
4467,127,128,255
4467,132,106,238
4467,116,100,216
4467,106,103,209
4468,119,128,247
4468,156,130,286
4468,142,161,303
4468,161,151,312
4468,133,168,301
4468,107,126,233
4468,168,123,291
4468,171,164,335
4468,230,248,478
4468,126,104,230
4468,224,238,462
4468,150,170,320
4468,125,119,244
4468,144,142,286
4468,201,207,408
4468,151,140,291
4468,126,144,270
4468,127,124,251
4468,111,123,234
4468,126,104,230
4468,128,166,294
4468,121,132,253
4468,121,99,220
4468,111,99,210
4468,125,110,235
4468,131,151,282
4468,95,82,177
4468,138,156,294
4468,95,82,177
4468,161,145,306
4468,131,166,297
4468,97,137,234
4468,262,237,499
4468,202,175,377
4468,179,114,293
4468,109,113,222
4468,119,128,247
4468,135,104,239
4468,92,95,187
4469,127,106,233
4469,230,254,484
4469,137,179,316
4469,128,169,297
4469,128,126,254
4469,148,139,287
4469,145,149,294
4469,130,132,262
4469,125,138,263
4469,111,128,239
4469,127,106,233
4469,116,97,213
4469,129,143,272
4469,98,85,183
4469,92,94,186
4469,169,174,343
4469,204,220,424
4469,258,236,494
4469,115,128,243
4469,98,85,183
4469,127,95,222
4469,133,165,298
4469,171,163,334
4469,139,154,293
4469,224,245,469
4469,164,120,284
4469,199,179,378
4469,112,107,219
4469,168,155,323
4469,115,100,215
4469,102,150,252
4469,150,142,292
4469,156,132,288
4469,119,128,247
4469,189,121,310
4469,115,128,243
4469,136,151,287
4469,135,104,239
4469,123,109,232
4470,119,101,220
4470,209,182,391
4470,110,106,216
4470,127,161,288
4470,133,153,286
4470,92,94,186
4470,133,137,270
4470,126,139,265
4470,95,85,180
4470,116,96,212
4470,155,116,271
4470,146,140,286
4470,225,259,484
4470,203,221,424
4470,132,162,294
4470,158,151,309
4470,119,101,220
4470,259,234,493
4470,131,104,235
4470,119,111,230
4470,97,143,240
4470,151,138,289
4470,122,130,252
4470,227,241,468
4470,113,97,210
4470,120,129,249
4470,95,85,180
4470,168,164,332
4470,175,144,319
4470,148,156,304
4470,122,130,252
4470,127,128,255
4470,108,115,223
4470,197,157,354
4470,142,196,338
4470,118,94,212
4470,139,152,291
4470,128,136,264
4470,127,132,259
4471,120,93,213
4471,123,122,245
4471,152,145,297
4471,135,165,300
4471,98,83,181
4471,121,128,249
4471,175,164,339
4471,127,168,295
4471,155,162,317
4471,150,122,272
4471,251,237,488
4471,138,150,288
4471,139,187,326
4471,203,120,323
4471,128,111,239
4471,150,128,278
4471,121,128,249
4471,109,100,209
4471,127,126,253
4471,221,233,454
4471,121,100,221
4471,109,100,209
4471,136,144,280
4471,196,211,407
4471,99,143,242
4471,120,131,251
4471,180,151,331
4471,160,147,307
4471,161,153,314
4471,108,117,225
4471,197,206,403
4471,132,103,235
4471,93,97,190
4471,115,108,223
4471,262,235,497
4471,107,106,213
4471,124,128,252
4471,98,83,181
4471,131,138,269
4472,132,142,274
4472,115,105,220
4472,182,154,336
4472,104,105,209
4472,112,124,236
4472,136,175,311
4472,119,130,249
4472,138,147,285
4472,256,239,495
4472,160,154,314
4472,190,154,344
4472,127,97,224
4472,96,83,179
4472,132,142,274
4472,110,118,228
4472,174,166,340
4472,125,126,251
4472,134,120,254
4472,192,119,311
4472,137,149,286
4472,128,169,297
4472,108,106,214
4472,137,173,310
4472,150,120,270
4472,112,124,236
4472,198,202,400
4472,131,101,232
4472,160,151,311
4472,108,106,214
4472,122,98,220
4472,164,146,310
4472,196,202,398
4472,253,232,485
4472,123,108,231
4472,153,127,280
4472,94,100,194
4472,96,83,179
4472,100,146,246
4472,223,223,446
4473,248,231,479
4473,153,148,301
4473,126,137,263
4473,180,155,335
4473,126,124,250
4473,111,125,236
4473,125,95,220
4473,161,150,311
4473,134,140,274
4473,148,119,267
4473,256,235,491
4473,114,127,241
4473,134,168,302
4473,197,204,401
4473,117,124,241
4473,159,128,287
4473,105,102,207
4473,93,98,191
4473,118,101,219
4473,172,150,322
4473,116,109,225
4473,124,157,281
4473,97,86,183
4473,229,222,451
4473,128,131,259
4473,109,116,225
4473,131,141,272
4473,190,116,306
4473,199,203,402
4473,97,86,183
4473,173,166,339
4473,158,145,303
4473,111,125,236
4473,119,109,228
4473,135,145,280
4473,104,151,255
4473,102,117,219
4473,114,127,241
4473,166,154,320
4474,122,107,229
4474,134,165,299
4474,196,200,396
4474,245,230,475
4474,117,137,254
4474,118,124,242
4474,195,200,395
4474,131,137,268
4474,126,162,288
4474,116,112,228
4474,112,129,241
4474,134,173,307
4474,98,90,188
4474,127,124,251
4474,127,133,260
4474,121,103,224
4474,139,148,287
4474,134,144,278
4474,109,116,225
4474,188,116,304
4474,180,151,331
4474,117,137,254
4474,143,148,291
4474,103,97,200
4474,172,159,331
4474,232,224,456
4474,112,129,241
4474,130,122,252
4474,162,129,291
4474,104,115,219
4474,95,104,199
4474,150,120,270
4474,128,129,257
4474,188,157,345
4474,173,165,338
4474,98,90,188
4474,243,229,472
4474,149,144,293
4474,128,96,224
4475,147,151,298
4475,153,126,279
4475,249,231,480
4475,146,158,304
4475,128,123,251
4475,180,159,339
4475,150,143,293
4475,113,137,250
4475,231,225,456
4475,134,150,284
4475,120,103,223
4475,113,131,244
4475,156,122,278
4475,113,137,250
4475,133,165,298
4475,197,199,396
4475,118,107,225
4475,100,103,203
4475,113,131,244
4475,118,123,241
4475,98,92,190
4475,186,154,340
4475,231,226,457
4475,128,96,224
4475,113,106,219
4475,161,162,323
4475,139,156,295
4475,129,132,261
4475,196,202,398
4475,139,125,264
4475,185,155,340
4475,170,108,278
4475,95,109,204
4475,136,173,309
4475,107,117,224
4475,124,124,248
4475,98,92,190
4475,132,134,266
4475,103,97,200
4476,162,162,324
4476,137,109,246
4476,116,122,238
4476,106,97,203
4476,138,123,261
4476,125,95,220
4476,182,151,333
4476,155,180,335
4476,230,225,455
4476,95,100,195
4476,157,130,287
4476,146,141,287
4476,96,83,179
4476,115,138,253
4476,141,115,256
4476,201,198,399
4476,101,100,201
4476,135,125,260
4476,115,105,220
4476,140,184,324
4476,126,122,248
4476,96,83,179
4476,152,164,316
4476,142,140,282
4476,169,110,279
4476,115,138,253
4476,137,161,298
4476,124,103,227
4476,171,154,325
4476,195,201,396
4476,111,119,230
4476,132,134,266
4476,137,109,246
4476,138,172,310
4476,136,151,287
4476,248,231,479
4476,111,102,213
4476,129,137,266
4476,222,226,448
4477,95,83,178
4477,103,97,200
4477,122,122,244
4477,250,230,480
4477,151,173,324
4477,117,139,256
4477,118,125,243
4477,117,139,256
4477,112,99,211
4477,196,198,394
4477,117,101,218
4477,134,141,275
4477,156,146,302
4477,110,123,233
4477,151,164,315
4477,172,152,324
4477,140,191,331
4477,127,122,249
4477,194,203,397
4477,226,231,457
4477,137,135,272
4477,173,111,284
4477,153,145,298
4477,136,160,296
4477,95,83,178
4477,135,169,304
4477,119,92,211
4477,137,110,247
4477,112,105,217
4477,138,125,263
4477,126,142,268
4477,154,163,317
4477,233,225,458
4477,128,131,259
4477,175,150,325
4477,137,110,247
4477,157,124,281
4477,94,97,191
4477,99,100,199
4478,119,103,222
4478,98,82,180
4478,128,164,292
4478,167,151,318
4478,135,125,260
4478,120,152,272
4478,98,82,180
4478,142,196,338
4478,111,99,210
4478,182,153,335
4478,103,100,203
4478,132,139,271
4478,110,121,231
4478,138,108,246
4478,196,204,400
4478,227,226,453
4478,124,120,244
4478,135,136,271
4478,127,122,249
4478,168,117,285
4478,138,108,246
4478,244,228,472
4478,153,171,324
4478,152,133,285
4478,172,124,296
4478,231,225,456
4478,120,152,272
4478,197,200,397
4478,161,162,323
4478,101,105,206
4478,156,146,302
4478,137,125,262
4478,120,134,254
4478,97,102,199
4478,152,174,326
4478,161,149,310
4478,113,90,203
4478,122,130,252
4478,109,107,216
4479,115,93,208
4479,119,155,274
4479,112,99,211
4479,96,83,179
4479,167,154,321
4479,224,230,454
4479,121,124,245
4479,175,164,339
4479,161,170,331
4479,107,121,228
4479,153,167,320
4479,119,155,274
4479,215,184,399
4479,166,149,315
4479,115,138,253
4479,123,112,235
4479,99,96,195
4479,155,179,334
4479,170,125,295
4479,106,109,215
4479,127,120,247
4479,199,200,399
4479,237,226,463
4479,96,101,197
4479,140,135,275
4479,248,228,476
4479,115,138,253
4479,164,148,312
4479,123,122,245
4479,127,121,248
4479,120,103,223
4479,156,146,302
4479,172,128,300
4479,96,83,179
4479,110,106,216
4479,137,180,317
4479,133,140,273
4479,145,131,276
4479,118,130,248
4480,95,98,193
4480,122,128,250
4480,124,111,235
4480,108,109,217
4480,149,159,308
4480,162,176,338
4480,121,121,242
4480,100,96,196
4480,227,239,466
4480,194,198,392
4480,132,134,266
4480,144,194,338
4480,119,109,228
4480,171,124,295
4480,128,168,296
4480,163,148,311
4480,115,137,252
4480,105,106,211
4480,144,130,274
4480,134,124,258
4480,147,145,292
4480,97,94,191
4480,168,160,328
4480,118,153,271
4480,161,148,309
4480,123,104,227
4480,154,147,301
4480,100,96,196
4480,113,100,213
4480,153,140,293
4480,118,153,271
4480,237,224,461
4480,115,137,252
4480,128,120,248
4480,249,230,479
4480,173,171,344
4480,129,97,226
4480,196,203,399
4480,150,112,262
4481,105,108,213
4481,107,107,214
4481,101,96,197
4481,150,151,301
4481,159,160,319
4481,224,241,465
4481,198,211,409
4481,172,128,300
4481,123,109,232
4481,114,100,214
4481,194,204,398
4481,248,228,476
4481,111,113,224
4481,165,151,316
4481,93,92,185
4481,170,158,328
4481,124,119,243
4481,130,137,267
4481,145,129,274
4481,116,146,262
4481,153,144,297
4481,127,124,251
4481,235,223,458
4481,129,122,251
4481,145,137,282
4481,127,113,240
4481,149,113,262
4481,116,146,262
4481,192,151,343
4481,150,146,296
4481,134,162,296
4481,101,96,197
4481,118,93,211
4481,141,188,329
4481,124,105,229
4481,111,113,224
4481,158,140,298
4481,100,102,202
4481,122,129,251
4482,127,109,236
4482,162,138,300
4482,105,104,209
4482,118,126,244
4482,122,122,244
4482,193,200,393
4482,122,112,234
4482,113,118,231
4482,185,151,336
4482,128,169,297
4482,135,161,296
4482,98,89,187
4482,99,102,201
4482,169,154,323
4482,129,104,233
4482,94,95,189
4482,148,144,292
4482,149,151,300
4482,123,121,244
4482,98,89,187
4482,255,230,485
4482,123,121,244
4482,114,102,216
4482,230,221,451
4482,126,97,223
4482,119,158,277
4482,113,118,231
4482,246,237,483
4482,161,157,318
4482,199,214,413
4482,174,138,312
4482,151,145,296
4482,135,136,271
4482,119,158,277
4482,173,153,326
4482,118,118,236
4482,139,130,269
4482,128,114,242
4482,143,197,340
4483,114,141,255
4483,119,129,248
4483,135,101,236
4483,135,124,259
4483,147,149,296
4483,114,99,213
4483,98,86,184
4483,150,152,302
4483,138,135,273
4483,122,126,248
4483,224,218,442
4483,158,159,317
4483,184,156,340
4483,115,123,238
4483,239,234,473
4483,163,150,313
4483,178,150,328
4483,102,105,207
4483,127,109,236
4483,148,146,294
4483,98,86,184
4483,94,96,190
4483,171,134,305
4483,201,223,424
4483,134,134,268
4483,127,168,295
4483,125,140,265
4483,250,229,479
4483,193,191,384
4483,115,123,238
4483,143,200,343
4483,127,104,231
4483,114,141,255
4483,130,151,281
4483,115,118,233
4483,130,115,245
4483,106,110,216
4483,161,148,309
4483,134,113,247
4484,136,124,260
4484,94,93,187
4484,233,260,493
4484,116,117,233
4484,170,154,324
4484,148,145,293
4484,161,174,335
4484,136,136,272
4484,223,218,441
4484,153,148,301
4484,134,99,233
4484,126,142,268
4484,122,106,228
4484,97,80,177
4484,112,122,234
4484,177,145,322
4484,114,138,252
4484,130,115,245
4484,167,172,339
4484,114,138,252
4484,252,227,479
4484,162,147,309
4484,203,229,432
4484,145,142,287
4484,128,126,254
4484,135,134,269
4484,97,80,177
4484,120,120,240
4484,112,122,234
4484,125,103,228
4484,118,128,246
4484,103,105,208
4484,123,161,284
4484,189,182,371
4484,115,116,231
4484,163,148,311
4484,105,104,209
4484,139,116,255
4484,188,156,344
4485,113,133,246
4485,144,116,260
4485,135,101,236
4485,114,116,230
4485,193,181,374
4485,146,199,345
4485,188,159,347
4485,140,125,265
4485,121,102,223
4485,143,135,278
4485,134,139,273
4485,128,113,241
4485,113,133,246
4485,109,110,219
4485,106,116,222
4485,164,175,339
4485,175,149,324
4485,110,117,227
4485,98,88,186
4485,140,127,267
4485,121,156,277
4485,96,100,196
4485,262,239,501
4485,138,137,275
4485,156,148,304
4485,160,147,307
4485,199,211,410
4485,98,88,186
4485,222,215,437
4485,110,117,227
4485,115,116,231
4485,130,135,265
4485,126,142,268
4485,129,122,251
4485,146,167,313
4485,123,106,229
4485,115,119,234
4485,231,224,455
4485,172,154,326
4486,178,151,329
4486,114,139,253
4486,146,147,293
4486,140,115,255
4486,146,156,302
4486,131,134,265
4486,110,111,221
4486,159,171,330
4486,122,101,223
4486,138,143,281
4486,193,192,385
4486,99,89,188
4486,140,126,266
4486,119,150,269
4486,197,122,319
4486,98,100,198
4486,202,221,423
4486,231,237,468
4486,129,145,274
4486,110,111,221
4486,142,194,336
4486,124,117,241
4486,111,116,227
4486,111,114,225
4486,174,159,333
4486,114,139,253
4486,102,104,206
4486,137,122,259
4486,99,89,188
4486,129,109,238
4486,133,99,232
4486,223,237,460
4486,181,153,334
4486,171,157,328
4486,240,235,475
4486,141,137,278
4486,122,120,242
4486,115,110,225
4486,116,121,237
4487,124,118,242
4487,236,248,484
4487,176,152,328
4487,141,188,329
4487,119,101,220
4487,158,164,322
4487,160,151,311
4487,140,127,267
4487,145,143,288
4487,108,103,211
4487,113,103,216
4487,114,115,229
4487,116,142,258
4487,177,155,332
4487,111,118,229
4487,100,90,190
4487,194,192,386
4487,99,90,189
4487,119,148,267
4487,124,115,239
4487,176,118,294
4487,94,95,189
4487,203,232,435
4487,128,145,273
4487,108,103,211
4487,250,237,487
4487,132,138,270
4487,117,117,234
4487,146,143,289
4487,223,228,451
4487,137,100,237
4487,126,105,231
4487,99,90,189
4487,132,134,266
4487,146,160,306
4487,172,155,327
4487,131,123,254
4487,116,142,258
4487,144,116,260
4488,119,147,266
4488,179,118,297
4488,168,158,326
4488,202,225,427
4488,110,101,211
4488,141,139,280
4488,113,112,225
4488,118,147,265
4488,196,200,396
4488,134,141,275
4488,111,94,205
4488,187,158,345
4488,132,138,270
4488,125,121,246
4488,108,124,232
4488,132,126,258
4488,224,238,462
4488,110,101,211
4488,252,239,491
4488,127,134,261
4488,144,139,283
4488,118,147,265
4488,142,193,335
4488,169,153,322
4488,101,90,191
4488,157,158,315
4488,123,118,241
4488,124,114,238
4488,269,236,505
4488,120,100,220
4488,129,151,280
4488,120,142,262
4488,122,105,227
4488,151,172,323
4488,100,91,191
4488,100,91,191
4488,184,156,340
4488,111,121,232
4488,112,101,213
4489,134,138,272
4489,107,123,230
4489,160,159,319
4489,113,118,231
4489,185,119,304
4489,124,116,240
4489,149,145,294
4489,194,157,351
4489,117,100,217
4489,118,149,267
4489,119,119,238
4489,122,161,283
4489,189,155,344
4489,100,95,195
4489,189,181,370
4489,145,140,285
4489,95,94,189
4489,220,234,454
4489,118,149,267
4489,113,96,209
4489,114,103,217
4489,120,135,255
4489,145,139,284
4489,183,155,338
4489,185,163,348
4489,113,112,225
4489,125,120,245
4489,132,158,290
4489,115,99,214
4489,125,139,264
4489,100,95,195
4489,233,237,470
4489,134,137,271
4489,137,127,264
4489,140,191,331
4489,107,100,207
4489,244,238,482
4489,107,100,207
4489,203,226,429
4490,150,141,291
4490,192,171,363
4490,110,102,212
4490,221,228,449
4490,131,125,256
4490,122,118,240
4490,117,140,257
4490,116,103,219
4490,114,99,213
4490,172,125,297
4490,100,90,190
4490,114,99,213
4490,232,237,469
4490,168,153,321
4490,130,143,273
4490,131,160,291
4490,118,138,256
4490,100,90,190
4490,175,185,360
4490,113,120,233
4490,258,241,499
4490,111,108,219
4490,135,98,233
4490,112,96,208
4490,124,115,239
4490,202,222,424
4490,167,160,327
4490,132,135,267
4490,116,103,219
4490,160,175,335
4490,128,143,271
4490,159,176,335
4490,126,120,246
4490,120,156,276
4490,189,122,311
4490,154,184,338
4490,132,162,294
4490,117,140,257
4490,94,109,203
4491,157,157,314
4491,229,229,458
4491,202,212,414
4491,170,155,325
4491,134,125,259
4491,131,98,229
4491,131,150,281
4491,134,162,296
4491,114,104,218
4491,133,135,268
4491,101,98,199
4491,114,104,218
4491,169,166,335
4491,101,98,199
4491,91,108,199
4491,116,118,234
4491,114,122,236
4491,116,131,247
4491,124,114,238
4491,145,141,286
4491,189,123,312
4491,119,145,264
4491,118,117,235
4491,132,156,288
4491,193,172,365
4491,153,142,295
4491,114,100,214
4491,112,97,209
4491,130,124,254
4491,115,103,218
4491,181,158,339
4491,232,259,491
4491,147,146,293
4491,108,93,201
4491,220,231,451
4491,119,145,264
4491,120,149,269
4491,160,174,334
4491,169,124,293
4492,144,145,289
4492,139,125,264
4492,99,93,192
4492,108,101,209
4492,182,151,333
4492,132,136,268
4492,117,105,222
4492,116,99,215
4492,117,114,231
4492,222,232,454
4492,117,99,216
4492,182,157,339
4492,121,152,273
4492,128,124,252
4492,206,129,335
4492,202,218,420
4492,153,130,283
4492,149,146,295
4492,120,141,261
4492,91,108,199
4492,134,156,290
4492,160,160,320
4492,139,179,318
4492,232,228,460
4492,99,93,192
4492,116,123,239
4492,108,101,209
4492,126,121,247
4492,230,258,488
4492,148,146,294
4492,154,139,293
4492,148,177,325
4492,116,124,240
4492,120,141,261
4492,119,97,216
4492,113,120,233
4492,136,100,236
4492,202,175,377
4492,172,180,352
4493,145,195,340
4493,111,117,228
4493,222,229,451
4493,102,100,202
4493,89,107,196
4493,186,153,339
4493,106,99,205
4493,175,145,320
4493,121,149,270
4493,199,209,408
4493,139,141,280
4493,225,243,468
4493,128,100,228
4493,109,113,222
4493,135,99,234
4493,114,104,218
4493,201,174,375
4493,127,123,250
4493,159,136,295
4493,140,124,264
4493,106,99,205
4493,122,103,225
4493,102,100,202
4493,168,162,330
4493,158,147,305
4493,127,147,274
4493,139,129,268
4493,230,227,457
4493,173,182,355
4493,117,123,240
4493,158,181,339
4493,113,102,215
4493,119,140,259
4493,148,170,318
4493,135,136,271
4493,146,140,286
4493,146,138,284
4493,119,140,259
4493,116,124,240
4494,108,98,206
4494,141,127,268
4494,220,235,455
4494,131,156,287
4494,197,171,368
4494,101,104,205
4494,135,122,257
4494,119,149,268
4494,139,134,273
4494,153,182,335
4494,198,204,402
4494,119,138,257
4494,201,125,326
4494,128,143,271
4494,159,172,331
4494,116,122,238
4494,117,116,233
4494,128,125,253
4494,156,184,340
4494,113,124,237
4494,133,150,283
4494,129,98,227
4494,172,184,356
4494,123,102,225
4494,144,158,302
4494,135,101,236
4494,101,104,205
4494,141,129,270
4494,114,106,220
4494,135,149,284
4494,92,112,204
4494,108,98,206
4494,223,237,460
4494,231,227,458
4494,159,167,326
4494,115,103,218
4494,118,126,244
4494,165,161,326
4494,119,138,257
4495,218,232,450
4495,115,100,215
4495,134,148,282
4495,175,165,340
4495,118,140,258
4495,136,161,297
4495,147,161,308
4495,127,118,245
4495,113,125,238
4495,93,120,213
4495,168,167,335
4495,137,123,260
4495,123,102,225
4495,159,170,329
4495,99,98,197
4495,198,123,321
4495,193,175,368
4495,114,112,226
4495,126,96,222
4495,143,139,282
4495,135,101,236
4495,139,122,261
4495,140,126,266
4495,231,230,461
4495,115,100,215
4495,118,140,258
4495,194,199,393
4495,99,98,197
4495,125,107,232
4495,120,152,272
4495,140,183,323
4495,114,103,217
4495,223,226,449
4495,150,167,317
4495,129,145,274
4495,178,157,335
4495,118,126,244
4495,116,116,232
4495,126,137,263
4496,100,104,204
4496,164,193,357
4496,117,141,258
4496,134,135,269
4496,150,163,313
4496,132,152,284
4496,131,121,252
4496,117,141,258
4496,118,128,246
4496,186,156,342
4496,198,222,420
4496,114,97,211
4496,134,162,296
4496,145,158,303
4496,163,159,322
4496,125,114,239
4496,184,120,304
4496,118,143,261
4496,125,136,261
4496,233,232,465
4496,226,223,449
4496,125,104,229
4496,93,124,217
4496,115,118,233
4496,115,133,248
4496,102,109,211
4496,181,156,337
4496,211,180,391
4496,115,99,214
4496,109,136,245
4496,138,158,296
4496,131,136,267
4496,100,104,204
4496,142,127,269
4496,119,97,216
4496,130,99,229
4496,217,226,443
4496,136,127,263
4496,114,97,211
4497,156,134,290
4497,140,139,279
4497,126,140,266
4497,199,225,424
4497,116,114,230
4497,158,179,337
4497,135,144,279
4497,120,98,218
4497,141,152,293
4497,100,99,199
4497,137,109,246
4497,100,113,213
4497,116,135,251
4497,116,100,216
4497,216,222,438
4497,123,99,222
4497,115,136,251
4497,133,101,234
4497,150,164,314
4497,155,183,338
4497,168,124,292
4497,117,125,242
4497,179,154,333
4497,232,238,470
4497,122,121,243
4497,226,228,454
4497,119,102,221
4497,120,98,218
4497,142,130,272
4497,125,112,237
4497,133,160,293
4497,131,142,273
4497,115,136,251
4497,144,108,252
4497,121,95,216
4497,100,99,199
4497,135,129,264
4497,167,165,332
4497,214,177,391
4498,157,180,337
4498,141,124,265
4498,165,158,323
4498,114,97,211
4498,93,125,218
4498,116,123,239
4498,230,246,476
4498,136,135,271
4498,136,160,296
4498,112,126,238
4498,202,227,429
4498,155,169,324
4498,134,125,259
4498,146,142,288
4498,121,150,271
4498,114,97,211
4498,115,101,216
4498,144,144,288
4498,127,112,239
4498,215,219,434
4498,112,126,238
4498,183,155,338
4498,133,145,278
4498,99,98,197
4498,229,225,454
4498,100,113,213
4498,169,146,315
4498,153,173,326
4498,128,148,276
4498,118,129,247
4498,122,125,247
4498,99,98,197
4498,113,127,240
4498,129,98,227
4498,122,96,218
4498,126,106,232
4498,117,101,218
4498,134,159,293
4498,184,184,368
4499,121,120,241
4499,111,96,207
4499,142,163,305
4499,234,266,500
4499,132,135,267
4499,130,124,254
4499,132,154,286
4499,127,144,271
4499,146,118,264
4499,89,117,206
4499,140,141,281
4499,128,109,237
4499,184,176,360
4499,112,94,206
4499,100,94,194
4499,112,123,235
4499,147,139,286
4499,101,114,215
4499,119,113,232
4499,148,145,293
4499,174,176,350
4499,116,125,241
4499,159,179,338
4499,144,130,274
4499,123,156,279
4499,112,132,244
4499,235,228,463
4499,126,112,238
4499,162,149,311
4499,123,97,220
4499,154,179,333
4499,112,132,244
4499,176,152,328
4499,229,212,441
4499,219,226,445
4499,111,96,207
4499,118,102,220
4499,100,94,194
4499,193,129,322
4500,162,148,310
4500,118,97,215
4500,168,152,320
4500,116,109,225
4500,124,116,240
4500,118,97,215
4500,153,142,295
4500,121,98,219
4500,112,122,234
4500,130,135,265
4500,142,128,270
4500,154,161,315
4500,108,93,201
4500,237,226,463
4500,170,150,320
4500,145,162,307
4500,144,116,260
4500,221,236,457
4500,99,96,195
4500,181,129,310
4500,127,98,225
4500,261,246,507
4500,164,143,307
4500,112,122,234
4500,231,209,440
4500,117,100,217
4500,143,162,305
4500,124,141,265
4500,142,130,272
4500,99,96,195
4500,203,158,361
4500,101,118,219
4500,114,128,242
4500,125,134,259
4500,180,172,352
4500,122,153,275
4500,132,154,286
4500,115,119,234
4500,136,111,247
4501,259,249,508
4501,178,170,348
4501,154,152,306
4501,125,135,260
4501,166,153,319
4501,147,161,308
4501,143,157,300
4501,118,143,261
4501,127,125,252
4501,132,111,243
4501,136,111,247
4501,129,101,230
4501,232,210,442
4501,113,131,244
4501,99,90,189
4501,230,252,482
4501,201,157,358
4501,110,92,202
4501,99,90,189
4501,114,96,210
4501,118,110,228
4501,117,127,244
4501,130,153,283
4501,159,151,310
4501,162,126,288
4501,155,148,303
4501,133,142,275
4501,115,133,248
4501,112,99,211
4501,160,134,294
4501,127,167,294
4501,113,131,244
4501,97,113,210
4501,133,98,231
4501,148,129,277
4501,163,142,305
4501,129,101,230
4501,251,232,483
4501,161,147,308
4502,145,141,286
4502,137,111,248
4502,139,146,285
4502,155,153,308
4502,148,130,278
4502,113,133,246
4502,156,149,305
4502,264,248,512
4502,136,103,239
4502,136,100,236
4502,118,128,246
4502,157,143,300
4502,128,145,273
4502,224,238,462
4502,110,98,208
4502,98,89,187
4502,165,126,291
4502,128,169,297
4502,103,92,195
4502,169,154,323
4502,141,106,247
4502,134,111,245
4502,118,106,224
4502,100,111,211
4502,118,140,258
4502,161,135,296
4502,113,133,246
4502,249,231,480
4502,136,103,239
4502,128,126,254
4502,153,165,318
4502,149,147,296
4502,170,163,333
4502,179,165,344
4502,112,97,209
4502,181,152,333
4502,231,211,442
4502,98,89,187
4502,130,152,282
4503,128,101,229
4503,128,110,238
4503,126,126,252
4503,128,101,229
4503,130,95,225
4503,117,110,227
4503,176,152,328
4503,117,125,242
4503,105,114,219
4503,99,92,191
4503,166,145,311
4503,156,166,322
4503,128,150,278
4503,175,169,344
4503,136,107,243
4503,231,208,439
4503,128,168,296
4503,113,129,242
4503,233,265,498
4503,164,125,289
4503,111,98,209
4503,184,165,349
4503,161,145,306
4503,225,245,470
4503,143,144,287
4503,149,170,319
4503,99,92,191
4503,158,131,289
4503,143,116,259
4503,158,153,311
4503,172,156,328
4503,111,94,205
4503,113,134,247
4503,113,134,247
4503,246,229,475
4503,179,155,334
4503,109,95,204
4503,146,128,274
4503,128,152,280
4504,115,142,257
4504,221,207,428
4504,112,98,210
4504,139,116,255
4504,179,155,334
4504,166,145,311
4504,160,135,295
4504,118,118,236
4504,125,117,242
4504,112,120,232
4504,143,158,301
4504,129,149,278
4504,109,95,204
4504,226,225,451
4504,140,116,256
4504,187,156,343
4504,162,154,316
4504,100,94,194
4504,134,112,246
4504,100,94,194
4504,119,128,247
4504,106,112,218
4504,178,156,334
4504,123,100,223
4504,128,97,225
4504,160,127,287
4504,132,126,258
4504,162,142,304
4504,123,100,223
4504,107,94,201
4504,125,162,287
4504,156,131,287
4504,115,142,257
4504,256,245,501
4504,223,232,455
4504,154,149,303
4504,182,164,346
4504,156,165,321
4504,201,155,356
4505,101,100,201
4505,142,147,289
4505,169,127,296
4505,101,102,203
4505,143,170,313
4505,130,149,279
4505,110,96,206
4505,240,232,472
4505,162,179,341
4505,188,164,352
4505,134,148,282
4505,112,133,245
4505,107,93,200
4505,161,153,314
4505,251,241,492
4505,123,113,236
4505,145,127,272
4505,155,153,308
4505,129,126,255
4505,112,133,245
4505,156,180,336
4505,131,98,229
4505,222,208,430
4505,208,154,362
4505,136,116,252
4505,112,130,242
4505,148,163,311
4505,107,115,222
4505,127,163,290
4505,109,102,211
4505,152,132,284
4505,101,100,201
4505,109,102,211
4505,131,112,243
4505,216,219,435
4505,125,119,244
4505,118,129,247
4505,118,112,230
4505,155,139,294
4506,214,205,419
4506,140,167,307
4506,118,111,229
4506,145,152,297
4506,227,247,474
4506,190,150,340
4506,101,98,199
4506,179,163,342
4506,128,144,272
4506,112,125,237
4506,113,100,213
4506,113,96,209
4506,260,237,497
4506,138,146,284
4506,156,166,322
4506,125,160,285
4506,153,148,301
4506,144,130,274
4506,105,92,197
4506,118,112,230
4506,135,111,246
4506,100,99,199
4506,126,118,244
4506,100,99,199
4506,161,124,285
4506,108,117,225
4506,112,131,243
4506,144,112,256
4506,141,130,271
4506,157,142,299
4506,118,125,243
4506,245,239,484
4506,156,178,334
4506,113,100,213
4506,112,131,243
4506,129,132,261
4506,155,162,317
4506,136,99,235
4506,162,176,338
4507,108,138,246
4507,128,168,296
4507,145,146,291
4507,136,130,266
4507,120,113,233
4507,125,113,238
4507,183,153,336
4507,117,110,227
4507,131,137,268
4507,105,93,198
4507,97,89,186
4507,143,172,315
4507,238,239,477
4507,238,259,497
4507,111,119,230
4507,146,161,307
4507,118,126,244
4507,150,130,280
4507,112,95,207
4507,116,99,215
4507,116,99,215
4507,178,164,342
4507,213,205,418
4507,164,148,312
4507,135,99,234
4507,162,125,287
4507,180,167,347
4507,144,113,257
4507,150,161,311
4507,113,130,243
4507,228,254,482
4507,113,130,243
4507,150,163,313
4507,130,150,280
4507,154,160,314
4507,140,140,280
4507,115,127,242
4507,103,99,202
4507,97,89,186
4508,101,91,192
4508,112,121,233
4508,126,114,240
4508,148,160,308
4508,103,102,205
4508,97,87,184
4508,166,147,313
4508,107,136,243
4508,192,155,347
4508,139,130,269
4508,149,145,294
4508,146,161,307
4508,120,126,246
4508,113,127,240
4508,112,129,241
4508,152,144,296
4508,186,149,335
4508,160,115,275
4508,206,205,411
4508,126,103,229
4508,117,109,226
4508,132,98,230
4508,124,115,239
4508,108,93,201
4508,181,164,345
4508,132,162,294
4508,152,154,306
4508,147,132,279
4508,97,87,184
4508,238,257,495
4508,153,174,327
4508,112,129,241
4508,232,251,483
4508,161,128,289
4508,133,144,277
4508,126,103,229
4508,158,135,293
4508,147,149,296
4508,233,237,470
4509,150,131,281
4509,130,142,272
4509,153,145,298
4509,144,161,305
4509,108,94,202
4509,102,103,205
4509,130,128,258
4509,128,121,249
4509,119,128,247
4509,119,124,243
4509,161,175,336
4509,111,120,231
4509,153,155,308
4509,98,90,188
4509,196,199,395
4509,195,149,344
4509,111,127,238
4509,123,102,225
4509,163,116,279
4509,111,127,238
4509,155,144,299
4509,238,261,499
4509,225,242,467
4509,153,133,286
4509,144,147,291
4509,163,138,301
4509,147,154,301
4509,108,94,202
4509,132,99,231
4509,123,102,225
4509,124,114,238
4509,151,163,314
4509,98,90,188
4509,162,152,314
4509,228,241,469
4509,179,164,343
4509,141,167,308
4509,118,113,231
4509,106,131,237
4510,118,123,241
4510,101,98,199
4510,142,173,315
4510,148,160,308
4510,131,145,276
4510,127,117,244
4510,105,93,198
4510,108,93,201
4510,134,104,238
4510,150,161,311
4510,119,116,235
4510,96,87,183
4510,112,125,237
4510,158,164,322
4510,215,207,422
4510,125,115,240
4510,154,145,299
4510,114,126,240
4510,96,87,183
4510,263,236,499
4510,134,104,238
4510,172,164,336
4510,151,133,284
4510,117,128,245
4510,112,125,237
4510,145,134,279
4510,136,160,296
4510,176,156,332
4510,227,255,482
4510,154,135,289
4510,162,151,313
4510,157,155,312
4510,164,117,281
4510,182,166,348
4510,134,111,245
4510,163,127,290
4510,129,98,227
4510,166,146,312
4510,246,234,480
4511,113,129,242
4511,162,151,313
4511,114,129,243
4511,163,145,308
4511,133,100,233
4511,119,127,246
4511,168,149,317
4511,106,92,198
4511,267,236,503
4511,113,129,242
4511,185,166,351
4511,166,146,312
4511,99,84,183
4511,156,135,291
4511,130,122,252
4511,229,252,481
4511,132,159,291
4511,149,145,294
4511,216,205,421
4511,134,111,245
4511,224,238,462
4511,169,127,296
4511,134,159,293
4511,99,84,183
4511,154,158,312
4511,145,151,296
4511,168,117,285
4511,104,93,197
4511,121,100,221
4511,131,154,285
4511,175,157,332
4511,133,151,284
4511,117,124,241
4511,129,115,244
4511,142,132,274
4511,118,122,240
4511,121,100,221
4511,102,101,203
4511,155,156,311
4512,96,84,180
4512,112,124,236
4512,115,122,237
4512,128,102,230
4512,157,144,301
4512,228,247,475
4512,129,140,269
4512,160,143,303
4512,130,130,260
4512,119,132,251
4512,111,92,203
4512,112,124,236
4512,229,247,476
4512,164,116,280
4512,156,172,328
4512,101,97,198
4512,126,127,253
4512,154,153,307
4512,96,84,180
4512,128,102,230
4512,124,114,238
4512,141,106,247
4512,127,168,295
4512,182,165,347
4512,173,156,329
4512,153,159,312
4512,167,127,294
4512,92,90,182
4512,169,154,323
4512,160,136,296
4512,158,135,293
4512,132,111,243
4512,201,199,400
4512,132,159,291
4512,254,233,487
4512,141,133,274
4512,125,96,221
4512,166,152,318
4512,131,150,281
4513,152,160,312
4513,161,153,314
4513,97,85,182
4513,223,238,461
4513,130,137,267
4513,87,87,174
4513,130,128,258
4513,179,165,344
4513,123,125,248
4513,130,153,283
4513,113,124,237
4513,113,124,237
4513,160,144,304
4513,151,133,284
4513,179,157,336
4513,127,169,296
4513,136,104,240
4513,123,100,223
4513,134,158,292
4513,153,149,302
4513,103,97,200
4513,198,199,397
4513,130,148,278
4513,97,85,182
4513,158,116,274
4513,128,111,239
4513,148,155,303
4513,265,235,500
4513,165,128,293
4513,116,109,225
4513,231,261,492
4513,112,114,226
4513,109,94,203
4513,123,100,223
4513,153,141,294
4513,117,125,242
4513,130,137,267
4513,164,135,299
4513,125,97,222
4514,107,88,195
4514,115,135,250
4514,181,138,319
4514,155,116,271
4514,154,149,303
4514,170,129,299
4514,106,93,199
4514,103,102,205
4514,127,138,265
4514,147,139,286
4514,122,125,247
4514,137,159,296
4514,122,98,220
4514,225,249,474
4514,130,170,300
4514,125,127,252
4514,152,148,300
4514,128,144,272
4514,122,98,220
4514,253,229,482
4514,98,90,188
4514,89,88,177
4514,227,237,464
4514,118,124,242
4514,176,156,332
4514,126,108,234
4514,116,108,224
4514,130,139,269
4514,157,143,300
4514,150,134,284
4514,135,105,240
4514,112,113,225
4514,155,163,318
4514,130,141,271
4514,155,157,312
4514,115,135,250
4514,98,90,188
4514,179,167,346
4514,206,203,409
4515,104,93,197
4515,116,127,243
4515,241,226,467
4515,129,98,227
4515,180,174,354
4515,237,236,473
4515,130,147,277
4515,146,160,306
4515,155,139,294
4515,107,110,217
4515,121,156,277
4515,100,94,194
4515,118,110,228
4515,162,116,278
4515,179,139,318
4515,131,139,270
4515,112,116,228
4515,158,136,294
4515,162,145,307
4515,158,172,330
4515,114,100,214
4515,203,201,404
4515,161,172,333
4515,156,163,319
4515,160,148,308
4515,121,156,277
4515,114,100,214
4515,128,104,232
4515,119,126,245
4515,130,139,269
4515,169,156,325
4515,229,256,485
4515,129,144,273
4515,179,130,309
4515,123,108,231
4515,125,157,282
4515,128,127,255
4515,91,88,179
4515,100,94,194
4516,130,97,227
4516,161,145,306
4516,206,201,407
4516,131,137,268
4516,113,96,209
4516,161,179,340
4516,179,137,316
4516,113,108,221
4516,171,165,336
4516,100,96,196
4516,127,104,231
4516,137,161,298
4516,121,149,270
4516,150,148,298
4516,150,145,295
4516,246,230,476
4516,160,118,278
4516,146,139,285
4516,109,117,226
4516,86,86,172
4516,156,173,329
4516,100,96,196
4516,124,127,251
4516,128,131,259
4516,126,132,258
4516,119,132,251
4516,229,232,461
4516,130,146,276
4516,154,167,321
4516,155,137,292
4516,119,140,259
4516,241,231,472
4516,113,96,209
4516,119,107,226
4516,177,168,345
4516,127,152,279
4516,99,93,192
4516,110,110,220
4516,119,140,259
4517,222,208,430
4517,163,153,316
4517,154,145,299
4517,139,141,280
4517,241,233,474
4517,158,171,329
4517,127,105,232
4517,123,101,224
4517,117,133,250
4517,99,92,191
4517,159,178,337
4517,126,129,255
4517,157,170,327
4517,118,108,226
4517,123,101,224
4517,126,96,222
4517,86,86,172
4517,177,164,341
4517,131,139,270
4517,183,141,324
4517,149,140,289
4517,103,93,196
4517,146,111,257
4517,117,133,250
4517,172,158,330
4517,156,136,292
4517,99,92,191
4517,133,160,293
4517,111,107,218
4517,230,233,463
4517,127,128,255
4517,155,143,298
4517,130,138,268
4517,244,229,473
4517,110,106,216
4517,112,123,235
4517,117,140,257
4517,134,160,294
4517,162,118,280
4518,132,140,272
4518,134,105,239
4518,129,104,233
4518,110,120,230
4518,240,227,467
4518,188,141,329
4518,129,97,226
4518,153,141,294
4518,139,108,247
4518,117,131,248
4518,101,97,198
4518,158,173,331
4518,117,131,248
4518,152,152,304
4518,217,209,426
4518,139,178,317
4518,124,127,251
4518,177,135,312
4518,251,244,495
4518,112,112,224
4518,123,139,262
4518,124,127,251
4518,113,109,222
4518,163,118,281
4518,163,145,308
4518,147,151,298
4518,226,253,479
4518,131,158,289
4518,150,131,281
4518,130,137,267
4518,156,142,298
4518,111,105,216
4518,86,88,174
4518,104,94,198
4518,159,171,330
4518,134,105,239
4518,101,97,198
4518,164,152,316
4518,186,168,354
4519,251,232,483
4519,154,114,268
4519,124,128,252
4519,128,128,256
4519,154,133,287
4519,131,156,287
4519,116,133,249
4519,128,108,236
4519,152,153,305
4519,149,152,301
4519,264,248,512
4519,158,176,334
4519,100,94,194
4519,203,238,441
4519,123,103,226
4519,159,168,327
4519,117,109,226
4519,112,129,241
4519,238,226,464
4519,116,133,249
4519,157,142,299
4519,113,115,228
4519,130,138,268
4519,198,170,368
4519,159,142,301
4519,128,135,263
4519,89,91,180
4519,100,94,194
4519,113,116,229
4519,101,91,192
4519,130,105,235
4519,122,138,260
4519,135,100,235
4519,165,144,309
4519,139,176,315
4519,171,156,327
4519,149,140,289
4519,130,105,235
4519,172,134,306
4520,129,138,267
4520,245,226,471
4520,156,143,299
4520,224,253,477
4520,111,108,219
4520,187,142,329
4520,120,133,253
4520,182,157,339
4520,151,152,303
4520,116,133,249
4520,122,139,261
4520,131,141,272
4520,206,173,379
4520,90,96,186
4520,158,174,332
4520,133,162,295
4520,236,265,501
4520,170,157,327
4520,101,100,201
4520,115,119,234
4520,112,124,236
4520,103,89,192
4520,125,131,256
4520,201,225,426
4520,117,103,220
4520,101,100,201
4520,120,133,253
4520,148,132,280
4520,157,163,320
4520,116,133,249
4520,122,102,224
4520,130,151,281
4520,154,169,323
4520,154,116,270
4520,143,138,281
4520,156,141,297
4520,132,98,230
4520,101,152,253
4520,112,106,218
4521,236,255,491
4521,229,211,440
4521,151,175,326
4521,158,119,277
4521,103,103,206
4521,144,140,284
4521,150,110,260
4521,213,171,384
4521,163,126,289
4521,124,104,228
4521,115,130,245
4521,125,133,258
4521,114,117,231
4521,111,110,221
4521,114,101,215
4521,117,109,226
4521,242,223,465
4521,118,136,254
4521,155,142,297
4521,100,93,193
4521,129,132,261
4521,100,150,250
4521,168,157,325
4521,221,233,454
4521,154,167,321
4521,135,100,235
4521,150,110,260
4521,115,129,244
4521,159,132,291
4521,170,162,332
4521,159,174,333
4521,131,155,286
4521,115,129,244
4521,158,151,309
4521,90,95,185
4521,152,138,290
4521,159,179,338
4521,135,165,300
4521,103,103,206
4522,164,145,309
4522,102,152,254
4522,153,172,325
4522,113,132,245
4522,125,112,237
4522,156,173,329
4522,161,121,282
4522,118,122,240
4522,106,93,199
4522,132,158,290
4522,177,156,333
4522,142,130,272
4522,103,108,211
4522,108,122,230
4522,124,103,227
4522,232,212,444
4522,144,136,280
4522,116,130,246
4522,235,251,486
4522,153,152,305
4522,133,147,280
4522,167,156,323
4522,103,108,211
4522,155,168,323
4522,134,160,294
4522,118,136,254
4522,89,93,182
4522,157,123,280
4522,116,130,246
4522,228,223,451
4522,118,122,240
4522,205,169,374
4522,115,119,234
4522,143,139,282
4522,129,132,261
4522,169,160,329
4522,220,229,449
4522,116,100,216
4522,108,110,218
4523,177,155,332
4523,156,157,313
4523,132,154,286
4523,113,129,242
4523,122,112,234
4523,197,145,342
4523,90,94,184
4523,118,116,234
4523,117,136,253
4523,142,140,282
4523,201,169,370
4523,134,162,296
4523,217,221,438
4523,100,149,249
4523,112,111,223
4523,107,93,200
4523,116,120,236
4523,125,126,251
4523,120,143,263
4523,200,224,424
4523,174,159,333
4523,161,144,305
4523,149,138,287
4523,228,229,457
4523,120,102,222
4523,103,109,212
4523,103,109,212
4523,140,130,270
4523,240,266,506
4523,117,136,253
4523,163,145,308
4523,107,118,225
4523,118,116,234
4523,156,124,280
4523,179,154,333
4523,163,121,284
4523,184,158,342
4523,136,157,293
4523,115,100,215
4524,102,152,254
4524,166,142,308
4524,153,133,286
4524,112,113,225
4524,229,224,453
4524,119,141,260
4524,158,151,309
4524,136,100,236
4524,160,121,281
4524,110,126,236
4524,113,111,224
4524,200,219,419
4524,154,157,311
4524,90,94,184
4524,189,170,359
4524,116,111,227
4524,104,113,217
4524,119,141,260
4524,116,111,227
4524,179,154,333
4524,118,101,219
4524,136,154,290
4524,219,237,456
4524,272,251,523
4524,158,143,301
4524,129,126,255
4524,128,112,240
4524,109,94,203
4524,135,161,296
4524,147,139,286
4524,171,154,325
4524,139,130,269
4524,165,146,311
4524,169,161,330
4524,117,100,217
4524,104,113,217
4524,119,137,256
4524,152,123,275
4524,185,159,344
4525,118,112,230
4525,113,115,228
4525,110,124,234
4525,144,140,284
4525,182,158,340
4525,128,129,257
4525,156,143,299
4525,117,113,230
4525,156,157,313
4525,135,112,247
4525,129,125,254
4525,140,130,270
4525,166,153,319
4525,90,97,187
4525,200,218,418
4525,156,143,299
4525,242,267,509
4525,194,170,364
4525,232,234,466
4525,183,157,340
4525,119,141,260
4525,137,163,300
4525,106,92,198
4525,118,100,218
4525,217,228,445
4525,105,116,221
4525,118,112,230
4525,120,142,262
4525,105,116,221
4525,148,121,269
4525,120,142,262
4525,147,131,278
4525,110,101,211
4525,171,162,333
4525,109,123,232
4525,174,152,326
4525,136,166,302
4525,139,149,288
4525,161,175,336
4526,104,113,217
4526,163,122,285
4526,111,99,210
4526,217,222,439
4526,172,168,340
4526,109,123,232
4526,155,123,278
4526,162,147,309
4526,103,154,257
4526,202,227,429
4526,164,154,318
4526,119,143,262
4526,163,159,322
4526,146,139,285
4526,242,263,505
4526,118,114,232
4526,136,158,294
4526,183,157,340
4526,155,160,315
4526,115,116,231
4526,112,99,211
4526,131,129,260
4526,146,131,277
4526,136,160,296
4526,101,99,200
4526,107,122,229
4526,146,130,276
4526,109,98,207
4526,90,93,183
4526,153,178,331
4526,194,169,363
4526,104,113,217
4526,185,157,342
4526,119,143,262
4526,106,137,243
4526,112,99,211
4526,154,142,296
4526,232,234,466
4526,118,138,256
4527,103,101,204
4527,183,157,340
4527,134,159,293
4527,202,224,426
4527,121,145,266
4527,149,132,281
4527,225,226,451
4527,106,118,224
4527,138,127,265
4527,105,135,240
4527,155,166,321
4527,121,143,264
4527,103,155,258
4527,177,155,332
4527,121,143,264
4527,193,141,334
4527,154,133,287
4527,104,116,220
4527,151,169,320
4527,107,99,206
4527,162,147,309
4527,196,169,365
4527,88,93,181
4527,230,230,460
4527,113,99,212
4527,261,247,508
4527,137,144,281
4527,104,116,220
4527,114,114,228
4527,113,97,210
4527,108,118,226
4527,113,99,212
4527,165,152,317
4527,115,112,227
4527,152,123,275
4527,137,137,274
4527,136,152,288
4527,153,141,294
4527,161,139,300
4528,238,240,478
4528,120,142,262
4528,120,141,261
4528,155,134,289
4528,224,223,447
4528,183,155,338
4528,113,99,212
4528,138,163,301
4528,106,97,203
4528,148,121,269
4528,104,117,221
4528,137,144,281
4528,157,131,288
4528,185,167,352
4528,180,158,338
4528,102,102,204
4528,159,181,340
4528,105,116,221
4528,136,127,263
4528,177,157,334
4528,137,135,272
4528,103,155,258
4528,122,114,236
4528,110,97,207
4528,135,159,294
4528,107,119,226
4528,156,167,323
4528,114,115,229
4528,107,131,238
4528,231,231,462
4528,180,140,320
4528,159,137,296
4528,113,99,212
4528,86,89,175
4528,156,144,300
4528,104,117,221
4528,205,226,431
4528,160,148,308
4528,120,142,262
4529,135,155,290
4529,105,116,221
4529,116,121,237
4529,105,116,221
4529,188,142,330
4529,133,169,302
4529,149,123,272
4529,167,123,290
4529,159,141,300
4529,227,228,455
4529,135,137,272
4529,88,88,176
4529,150,130,280
4529,188,168,356
4529,114,111,225
4529,121,142,263
4529,136,164,300
4529,168,152,320
4529,174,153,327
4529,106,118,224
4529,121,142,263
4529,180,158,338
4529,104,113,217
4529,229,209,438
4529,105,130,235
4529,159,183,342
4529,100,94,194
4529,116,141,257
4529,155,163,318
4529,121,139,260
4529,236,239,475
4529,132,123,255
4529,236,228,464
4529,111,108,219
4529,110,104,214
4529,102,154,256
4529,117,101,218
4529,117,101,218
4529,158,139,297
4530,147,130,277
4530,157,168,325
4530,166,148,314
4530,186,158,344
4530,123,114,237
4530,134,151,285
4530,115,116,231
4530,122,151,273
4530,104,118,222
4530,148,147,295
4530,118,136,254
4530,148,139,287
4530,126,125,251
4530,153,163,316
4530,128,126,254
4530,119,128,247
4530,105,108,213
4530,139,149,288
4530,115,122,237
4530,233,244,477
4530,91,90,181
4530,122,151,273
4530,131,163,294
4530,110,99,209
4530,139,173,312
4530,105,120,225
4530,160,120,280
4530,104,126,230
4530,158,136,294
4530,198,144,342
4530,223,207,430
4530,110,101,211
4530,241,225,466
4530,104,118,222
4530,102,94,196
4530,161,125,286
4530,185,166,351
4530,110,101,211
4530,234,247,481
4531,207,234,441
4531,121,143,264
4531,121,143,264
4531,132,165,297
4531,111,103,214
4531,140,174,314
4531,114,99,213
4531,138,158,296
4531,103,116,219
4531,180,159,339
4531,152,131,283
4531,237,225,462
4531,193,169,362
4531,135,130,265
4531,170,167,337
4531,123,138,261
4531,106,117,223
4531,93,91,184
4531,116,137,253
4531,116,123,239
4531,163,136,299
4531,145,142,287
4531,152,123,275
4531,105,129,234
4531,155,160,315
4531,150,141,291
4531,114,99,213
4531,125,127,252
4531,156,179,335
4531,153,147,300
4531,252,245,497
4531,103,99,202
4531,139,155,294
4531,236,256,492
4531,112,111,223
4531,116,120,236
4531,106,117,223
4531,123,125,248
4531,105,109,214
4532,113,106,219
4532,120,136,256
4532,113,111,224
4532,122,134,256
4532,139,174,313
4532,161,149,310
4532,117,119,236
4532,197,168,365
4532,118,122,240
4532,127,127,254
4532,162,152,314
4532,147,154,301
4532,122,101,223
4532,252,245,497
4532,190,161,351
4532,159,136,295
4532,131,94,225
4532,105,129,234
4532,87,92,179
4532,121,144,265
4532,139,164,303
4532,154,159,313
4532,131,94,225
4532,143,160,303
4532,102,104,206
4532,102,112,214
4532,235,227,462
4532,122,101,223
4532,103,99,202
4532,135,122,257
4532,146,130,276
4532,169,166,335
4532,117,127,244
4532,121,144,265
4532,253,231,484
4532,158,184,342
4532,231,208,439
4532,150,124,274
4532,161,145,306
4533,120,142,262
4533,196,167,363
4533,158,137,295
4533,102,113,215
4533,147,130,277
4533,102,103,205
4533,138,166,304
4533,152,124,276
4533,175,156,331
4533,86,90,176
4533,206,233,439
4533,123,92,215
4533,244,241,485
4533,132,167,299
4533,128,103,231
4533,256,233,489
4533,161,138,299
4533,148,175,323
4533,122,145,267
4533,160,170,330
4533,113,111,224
4533,153,142,295
4533,124,141,265
4533,118,130,248
4533,129,131,260
4533,186,159,345
4533,128,103,231
4533,102,102,204
4533,133,117,250
4533,107,138,245
4533,162,152,314
4533,149,165,314
4533,157,174,331
4533,122,145,267
4533,116,118,234
4533,123,92,215
4533,113,112,225
4533,114,122,236
4533,222,223,445
4534,150,141,291
4534,145,165,310
4534,255,232,487
4534,131,106,237
4534,127,94,221
4534,237,239,476
4534,158,142,300
4534,102,96,198
4534,205,228,433
4534,102,101,203
4534,117,123,240
4534,129,134,263
4534,107,137,244
4534,122,147,269
4534,105,115,220
4534,118,139,257
4534,178,156,334
4534,155,124,279
4534,159,179,338
4534,145,149,294
4534,116,114,230
4534,117,131,248
4534,155,129,284
4534,157,176,333
4534,132,111,243
4534,122,147,269
4534,121,130,251
4534,227,221,448
4534,110,109,219
4534,131,106,237
4534,148,130,278
4534,192,167,359
4534,116,123,239
4534,136,163,299
4534,127,94,221
4534,151,134,285
4534,86,89,175
4534,127,155,282
4534,156,160,316
4535,122,152,274
4535,173,153,326
4535,255,232,487
4535,151,126,277
4535,107,135,242
4535,125,104,229
4535,117,137,254
4535,121,130,251
4535,160,144,304
4535,155,140,295
4535,157,137,294
4535,126,130,256
4535,131,110,241
4535,129,163,292
4535,137,163,300
4535,104,116,220
4535,118,122,240
4535,219,222,441
4535,101,100,201
4535,116,118,234
4535,158,137,295
4535,118,128,246
4535,161,184,345
4535,155,157,312
4535,231,243,474
4535,104,101,205
4535,193,168,361
4535,143,152,295
4535,235,210,445
4535,141,127,268
4535,86,89,175
4535,174,155,329
4535,132,96,228
4535,117,129,246
4535,132,96,228
4535,110,109,219
4535,125,104,229
4535,122,152,274
4535,145,131,276
4536,113,118,231
4536,131,107,238
4536,176,159,335
4536,114,116,230
4536,106,118,224
4536,131,107,238
4536,144,143,287
4536,258,231,489
4536,145,132,277
4536,158,169,327
4536,116,126,242
4536,198,170,368
4536,89,88,177
4536,133,172,305
4536,129,108,237
4536,107,122,229
4536,138,166,304
4536,123,153,276
4536,123,153,276
4536,106,118,224
4536,110,110,220
4536,181,157,338
4536,102,100,202
4536,128,127,255
4536,144,130,274
4536,164,153,317
4536,134,112,246
4536,203,219,422
4536,125,137,262
4536,231,244,475
4536,154,142,296
4536,145,152,297
4536,101,92,193
4536,131,124,255
4536,153,124,277
4536,154,127,281
4536,223,236,459
4536,116,122,238
4536,159,137,296
4537,113,120,233
4537,132,111,243
4537,121,135,256
4537,133,173,306
4537,264,246,510
4537,135,161,296
4537,103,103,206
4537,86,92,178
4537,109,110,219
4537,112,109,221
4537,120,146,266
4537,123,105,228
4537,105,117,222
4537,143,148,291
4537,106,134,240
4537,150,131,281
4537,159,149,308
4537,123,105,228
4537,251,233,484
4537,120,146,266
4537,114,120,234
4537,202,222,424
4537,103,96,199
4537,152,124,276
4537,109,126,235
4537,121,127,248
4537,180,157,337
4537,159,181,340
4537,157,128,285
4537,161,178,339
4537,243,229,472
4537,127,133,260
4537,159,138,297
4537,120,136,256
4537,105,117,222
4537,201,172,373
4537,173,146,319
4537,147,140,287
4537,156,136,292
4538,109,112,221
4538,238,231,469
4538,150,124,274
4538,119,143,262
4538,175,153,328
4538,119,142,261
4538,137,125,262
4538,152,164,316
4538,108,124,232
4538,116,127,243
4538,199,171,370
4538,157,149,306
4538,110,120,230
4538,160,135,295
4538,158,132,290
4538,156,144,300
4538,163,138,301
4538,131,109,240
4538,111,103,214
4538,127,144,271
4538,104,113,217
4538,149,171,320
4538,203,224,427
4538,101,91,192
4538,238,260,498
4538,242,229,471
4538,105,108,213
4538,131,109,240
4538,150,113,263
4538,119,142,261
4538,104,113,217
4538,145,147,292
4538,138,165,303
4538,135,113,248
4538,86,89,175
4538,160,140,300
4538,162,183,345
4538,154,147,301
4538,129,138,267
4539,103,104,207
4539,205,228,433
4539,148,146,294
4539,156,170,326
4539,112,96,208
4539,116,121,237
4539,158,131,289
4539,246,229,475
4539,135,100,235
4539,152,149,301
4539,159,172,331
4539,138,136,274
4539,103,110,213
4539,157,146,303
4539,130,108,238
4539,129,146,275
4539,157,136,293
4539,265,244,509
4539,123,153,276
4539,144,158,302
4539,159,145,304
4539,158,145,303
4539,140,168,308
4539,148,114,262
4539,130,137,267
4539,106,127,233
4539,205,173,378
4539,110,114,224
4539,100,92,192
4539,156,138,294
4539,130,108,238
4539,85,89,174
4539,251,233,484
4539,123,153,276
4539,183,160,343
4539,119,140,259
4539,153,124,277
4539,117,127,244
4539,103,110,213
4540,103,101,204
4540,154,141,295
4540,101,104,205
4540,129,108,237
4540,158,140,298
4540,101,104,205
4540,145,166,311
4540,247,229,476
4540,124,153,277
4540,132,152,284
4540,124,153,277
4540,129,108,237
4540,156,167,323
4540,146,146,292
4540,164,141,305
4540,151,130,281
4540,111,120,231
4540,103,93,196
4540,110,116,226
4540,243,236,479
4540,145,145,290
4540,134,160,294
4540,85,88,173
4540,209,175,384
4540,229,206,435
4540,109,120,229
4540,105,133,238
4540,126,98,224
4540,158,169,327
4540,118,143,261
4540,141,172,313
4540,136,130,266
4540,160,176,336
4540,120,136,256
4540,113,99,212
4540,154,146,300
4540,151,123,274
4540,152,124,276
4540,238,231,469
4541,137,132,269
4541,161,138,299
4541,111,119,230
4541,151,131,282
4541,159,136,295
4541,108,110,218
4541,118,132,250
4541,241,235,476
4541,136,161,297
4541,148,145,293
4541,102,96,198
4541,154,143,297
4541,119,96,215
4541,140,169,309
4541,141,150,291
4541,85,89,174
4541,127,105,232
4541,150,146,296
4541,186,199,385
4541,230,207,437
4541,102,104,206
4541,105,128,233
4541,127,105,232
4541,153,123,276
4541,102,104,206
4541,130,158,288
4541,159,171,330
4541,126,152,278
4541,112,103,215
4541,108,109,217
4541,126,152,278
4541,100,98,198
4541,244,232,476
4541,155,127,282
4541,142,143,285
4541,158,181,339
4541,187,158,345
4541,122,138,260
4541,243,230,473
4542,149,157,306
4542,102,94,196
4542,131,111,242
4542,118,120,238
4542,101,103,204
4542,139,138,277
4542,122,138,260
4542,152,121,273
4542,126,156,282
4542,87,90,177
4542,156,171,327
4542,151,129,280
4542,118,95,213
4542,156,162,318
4542,108,109,217
4542,105,98,203
4542,111,111,222
4542,118,131,249
4542,153,168,321
4542,120,105,225
4542,216,178,394
4542,146,133,279
4542,206,201,407
4542,120,105,225
4542,141,148,289
4542,112,102,214
4542,162,137,299
4542,243,234,477
4542,128,149,277
4542,148,144,292
4542,159,145,304
4542,153,119,272
4542,141,171,312
4542,142,160,302
4542,126,156,282
4542,101,103,204
4542,230,261,491
4542,162,136,298
4542,243,229,472
4543,121,97,218
4543,136,166,302
4543,153,120,273
4543,158,167,325
4543,112,106,218
4543,115,124,239
4543,105,99,204
4543,137,162,299
4543,157,144,301
4543,103,102,205
4543,145,132,277
4543,228,252,480
4543,177,155,332
4543,141,157,298
4543,112,101,213
4543,161,137,298
4543,114,113,227
4543,112,101,213
4543,135,140,275
4543,157,134,291
4543,101,103,204
4543,108,117,225
4543,126,153,279
4543,127,110,237
4543,101,103,204
4543,107,106,213
4543,148,150,298
4543,243,229,472
4543,223,232,455
4543,124,138,262
4543,169,121,290
4543,150,154,304
4543,138,141,279
4543,141,142,283
4543,129,155,284
4543,206,174,380
4543,215,209,424
4543,86,88,174
4543,126,153,279
4544,130,140,270
4544,156,172,328
4544,151,143,294
4544,103,108,211
4544,124,154,278
4544,162,173,335
4544,103,108,211
4544,166,139,305
4544,144,121,265
4544,144,155,299
4544,112,104,216
4544,124,137,261
4544,104,107,211
4544,112,104,216
4544,108,100,208
4544,210,178,388
4544,124,154,278
4544,144,143,287
4544,223,234,457
4544,152,131,283
4544,138,137,275
4544,240,228,468
4544,149,149,298
4544,112,104,216
4544,122,97,219
4544,106,109,215
4544,225,211,436
4544,143,179,322
4544,110,106,216
4544,102,115,217
4544,147,132,279
4544,153,134,287
4544,117,126,243
4544,134,140,274
4544,170,123,293
4544,223,239,462
4544,155,167,322
4544,117,114,231
4544,87,89,176
4545,114,106,220
4545,107,111,218
4545,103,111,214
4545,183,127,310
4545,120,144,264
4545,240,227,467
4545,230,213,443
4545,143,128,271
4545,138,136,274
4545,164,182,346
4545,145,140,285
4545,138,119,257
4545,157,165,322
4545,146,133,279
4545,104,109,213
4545,220,225,445
4545,112,105,217
4545,158,143,301
4545,146,163,309
4545,103,111,214
4545,114,108,222
4545,230,254,484
4545,112,105,217
4545,158,179,337
4545,148,133,281
4545,106,117,223
4545,128,116,244
4545,122,97,219
4545,108,106,214
4545,186,201,387
4545,171,138,309
4545,120,144,264
4545,144,191,335
4545,135,142,277
4545,124,140,264
4545,152,154,306
4545,131,141,272
4545,119,127,246
4545,85,88,173
4546,228,212,440
4546,114,108,222
4546,108,118,226
4546,116,107,223
4546,245,227,472
4546,143,133,276
4546,141,120,261
4546,159,137,296
4546,118,114,232
4546,103,115,218
4546,152,172,324
4546,89,88,177
4546,112,103,215
4546,143,144,287
4546,103,115,218
4546,227,258,485
4546,182,188,370
4546,163,145,308
4546,112,103,215
4546,154,143,297
4546,147,141,288
4546,158,171,329
4546,139,134,273
4546,121,142,263
4546,222,237,459
4546,138,173,311
4546,155,134,289
4546,165,184,349
4546,131,137,268
4546,107,112,219
4546,124,95,219
4546,168,139,307
4546,151,154,305
4546,145,150,295
4546,106,111,217
4546,122,105,227
4546,123,135,258
4546,117,129,246
4546,121,142,263
4547,107,116,223
4547,92,89,181
4547,103,115,218
4547,186,158,344
4547,104,115,219
4547,114,101,215
4547,127,142,269
4547,118,128,246
4547,138,136,274
4547,140,142,282
4547,220,228,448
4547,135,165,300
4547,158,176,334
4547,226,251,477
4547,124,151,275
4547,150,143,293
4547,119,128,247
4547,164,146,310
4547,111,101,212
4547,238,227,465
4547,155,135,290
4547,142,120,262
4547,165,139,304
4547,202,234,436
4547,152,136,288
4547,132,107,239
4547,164,180,344
4547,124,151,275
4547,108,115,223
4547,121,115,236
4547,154,135,289
4547,152,173,325
4547,159,186,345
4547,114,101,215
4547,124,96,220
4547,161,135,296
4547,183,191,374
4547,104,115,219
4547,111,106,217
4548,112,101,213
4548,160,182,342
4548,110,108,218
4548,226,252,478
4548,159,176,335
4548,124,148,272
4548,162,136,298
4548,166,188,354
4548,112,101,213
4548,109,123,232
4548,153,134,287
4548,117,100,217
4548,129,126,255
4548,147,122,269
4548,172,150,322
4548,126,107,233
4548,147,141,288
4548,236,225,461
4548,156,139,295
4548,157,180,337
4548,135,161,296
4548,204,231,435
4548,135,160,295
4548,128,97,225
4548,108,118,226
4548,119,132,251
4548,183,196,379
4548,137,134,271
4548,122,116,238
4548,155,174,329
4548,106,118,224
4548,92,88,180
4548,104,115,219
4548,149,144,293
4548,126,141,267
4548,152,142,294
4548,220,222,442
4548,124,148,272
4548,104,115,219
4549,123,126,249
4549,147,169,316
4549,125,141,266
4549,104,112,216
4549,152,144,296
4549,117,128,245
4549,125,150,275
4549,104,112,216
4549,108,118,226
4549,158,146,304
4549,161,139,300
4549,166,184,350
4549,150,169,319
4549,223,226,449
4549,125,150,275
4549,139,162,301
4549,160,180,340
4549,136,128,264
4549,203,228,431
4549,120,110,230
4549,131,118,249
4549,155,143,298
4549,233,223,456
4549,180,185,365
4549,226,248,474
4549,145,130,275
4549,155,178,333
4549,113,106,219
4549,155,169,324
4549,140,119,259
4549,126,107,233
4549,159,137,296
4549,88,88,176
4549,135,156,291
4549,115,100,215
4549,113,119,232
4549,128,98,226
4549,113,106,219
4549,108,116,224
4550,127,99,226
4550,226,243,469
4550,150,165,315
4550,146,129,275
4550,103,110,213
4550,200,219,419
4550,105,115,220
4550,154,172,326
4550,125,141,266
4550,111,120,231
4550,107,116,223
4550,116,125,241
4550,138,137,275
4550,103,110,213
4550,156,135,291
4550,132,164,296
4550,229,258,487
4550,118,126,244
4550,128,157,285
4550,150,171,321
4550,112,101,213
4550,115,106,221
4550,152,161,313
4550,135,154,289
4550,121,103,224
4550,156,145,301
4550,185,158,343
4550,133,118,251
4550,131,116,247
4550,189,171,360
4550,130,107,237
4550,121,103,224
4550,86,86,172
4550,179,185,364
4550,128,157,285
4550,229,223,452
4550,135,162,297
4550,156,138,294
4550,143,133,276
4551,119,101,220
4551,112,107,219
4551,111,120,231
4551,190,170,360
4551,129,107,236
4551,165,139,304
4551,150,141,291
4551,184,159,343
4551,143,115,258
4551,153,133,286
4551,119,136,255
4551,148,156,304
4551,90,92,182
4551,135,158,293
4551,103,111,214
4551,127,114,241
4551,137,134,271
4551,145,156,301
4551,135,161,296
4551,259,244,503
4551,201,224,425
4551,179,189,368
4551,129,118,247
4551,121,137,258
4551,159,144,303
4551,104,110,214
4551,104,110,214
4551,120,126,246
4551,126,152,278
4551,126,152,278
4551,225,220,445
4551,148,152,300
4551,130,98,228
4551,156,173,329
4551,225,240,465
4551,112,103,215
4551,145,133,278
4551,107,113,220
4551,112,103,215
4552,165,152,317
4552,103,112,215
4552,228,250,478
4552,165,137,302
4552,155,144,299
4552,158,177,335
4552,137,160,297
4552,136,132,268
4552,167,154,321
4552,226,261,487
4552,117,129,246
4552,121,138,259
4552,154,145,299
4552,127,155,282
4552,122,97,219
4552,122,128,250
4552,124,103,227
4552,114,110,224
4552,124,125,249
4552,173,142,315
4552,103,112,215
4552,193,170,363
4552,127,155,282
4552,112,107,219
4552,144,118,262
4552,131,118,249
4552,114,110,224
4552,106,110,216
4552,179,183,362
4552,201,228,429
4552,130,107,237
4552,134,156,290
4552,151,133,284
4552,149,168,317
4552,227,221,448
4552,118,114,232
4552,104,112,216
4552,90,94,184
4552,151,173,324
4553,159,181,340
4553,180,154,334
4553,121,121,242
4553,159,137,296
4553,231,256,487
4553,121,121,242
4553,112,106,218
4553,186,169,355
4553,108,114,222
4553,89,93,182
4553,152,147,299
4553,160,137,297
4553,116,111,227
4553,187,145,332
4553,156,146,302
4553,135,160,295
4553,128,107,235
4553,224,244,468
4553,175,175,350
4553,120,151,271
4553,132,118,250
4553,153,144,297
4553,128,157,285
4553,149,168,317
4553,105,113,218
4553,121,128,249
4553,118,102,220
4553,129,127,256
4553,118,131,249
4553,159,150,309
4553,223,224,447
4553,117,96,213
4553,139,139,278
4553,131,152,283
4553,227,210,437
4553,146,115,261
4553,128,157,285
4553,108,119,227
4553,105,113,218
4554,88,91,179
4554,106,111,217
4554,156,138,294
4554,124,106,230
4554,119,100,219
4554,155,150,305
4554,153,149,302
4554,125,129,254
4554,225,209,434
4554,127,136,263
4554,149,141,290
4554,105,116,221
4554,146,133,279
4554,122,150,272
4554,194,147,341
4554,159,147,306
4554,136,160,296
4554,107,117,224
4554,136,133,269
4554,224,237,461
4554,145,156,301
4554,127,160,287
4554,118,133,251
4554,231,257,488
4554,162,181,343
4554,121,119,240
4554,151,175,326
4554,148,113,261
4554,105,116,221
4554,180,156,336
4554,121,119,240
4554,98,142,240
4554,174,171,345
4554,127,160,287
4554,225,227,452
4554,114,107,221
4554,131,117,248
4554,117,96,213
4554,107,114,221
4555,164,165,329
4555,150,145,295
4555,174,166,340
4555,111,123,234
4555,128,157,285
4555,223,221,444
4555,227,243,470
4555,137,137,274
4555,137,164,301
4555,108,107,215
4555,116,109,225
4555,119,112,231
4555,159,118,277
4555,150,173,323
4555,151,143,294
4555,142,141,283
4555,159,171,330
4555,88,86,174
4555,103,114,217
4555,109,116,225
4555,208,204,412
4555,125,105,230
4555,128,157,285
4555,132,118,250
4555,127,133,260
4555,103,114,217
4555,139,129,268
4555,139,162,301
4555,182,155,337
4555,117,144,261
4555,102,146,248
4555,119,112,231
4555,115,95,210
4555,118,132,250
4555,251,232,483
4555,122,131,253
4555,118,101,219
4555,160,154,314
4555,157,149,306
4556,115,100,215
4556,181,160,341
4556,117,133,250
4556,214,212,426
4556,123,141,264
4556,90,93,183
4556,143,147,290
4556,156,145,301
4556,138,133,271
4556,160,137,297
4556,120,105,225
4556,175,165,340
4556,115,104,219
4556,126,153,279
4556,103,148,251
4556,165,139,304
4556,109,110,219
4556,232,258,490
4556,226,234,460
4556,115,104,219
4556,125,128,253
4556,127,113,240
4556,158,163,321
4556,185,158,343
4556,157,119,276
4556,130,116,246
4556,102,111,213
4556,123,97,220
4556,149,169,318
4556,102,111,213
4556,109,121,230
4556,118,140,258
4556,134,160,294
4556,144,149,293
4556,110,129,239
4556,166,164,330
4556,126,153,279
4556,162,149,311
4556,226,242,468
4557,159,170,329
4557,184,159,343
4557,111,130,241
4557,181,157,338
4557,125,107,232
4557,141,171,312
4557,149,116,265
4557,121,104,225
4557,111,98,209
4557,147,171,318
4557,127,117,244
4557,174,170,344
4557,103,110,213
4557,137,159,296
4557,124,127,251
4557,128,154,282
4557,121,104,225
4557,108,118,226
4557,128,154,282
4557,121,97,218
4557,119,130,249
4557,118,139,257
4557,225,210,435
4557,152,177,329
4557,132,165,297
4557,224,233,457
4557,139,132,271
4557,161,138,299
4557,139,137,276
4557,108,109,217
4557,228,241,469
4557,165,161,326
4557,123,112,235
4557,90,93,183
4557,116,123,239
4557,103,110,213
4557,130,127,257
4557,137,163,300
4557,241,227,468
4558,108,117,225
4558,116,125,241
4558,105,103,208
4558,102,109,211
4558,148,170,318
4558,113,102,215
4558,227,230,457
4558,116,99,215
4558,242,236,478
4558,110,130,240
4558,232,227,459
4558,115,94,209
4558,120,110,230
4558,150,134,284
4558,159,168,327
4558,151,173,324
4558,128,122,250
4558,150,116,266
4558,105,152,257
4558,90,92,182
4558,138,157,295
4558,121,133,254
4558,157,184,341
4558,129,154,283
4558,165,165,330
4558,180,155,335
4558,137,158,295
4558,120,141,261
4558,149,134,283
4558,224,209,433
4558,141,141,282
4558,126,124,250
4558,113,102,215
4558,161,137,298
4558,102,109,211
4558,138,137,275
4558,149,134,283
4558,176,179,355
4558,127,107,234
4559,227,230,457
4559,150,133,283
4559,257,234,491
4559,118,99,217
4559,102,100,202
4559,190,145,335
4559,150,179,329
4559,114,95,209
4559,92,100,192
4559,128,148,276
4559,117,125,242
4559,137,124,261
4559,109,104,213
4559,129,127,256
4559,162,139,301
4559,157,181,338
4559,227,236,463
4559,130,124,254
4559,146,136,282
4559,150,133,283
4559,110,117,227
4559,148,170,318
4559,118,100,218
4559,177,181,358
4559,102,100,202
4559,108,121,229
4559,127,124,251
4559,118,100,218
4559,119,110,229
4559,147,116,263
4559,180,158,338
4559,137,162,299
4559,140,162,302
4559,126,144,270
4559,131,107,238
4559,119,130,249
4559,158,164,322
4559,224,207,431
4559,141,133,274
4560,174,149,323
4560,151,183,334
4560,249,234,483
4560,140,159,299
4560,127,116,243
4560,132,130,262
4560,161,139,300
4560,150,134,284
4560,109,117,226
4560,108,101,209
4560,185,144,329
4560,140,173,313
4560,108,121,229
4560,119,127,246
4560,132,145,277
4560,119,130,249
4560,158,182,340
4560,123,139,262
4560,158,137,295
4560,113,94,207
4560,123,101,224
4560,185,161,346
4560,133,115,248
4560,101,98,199
4560,216,206,422
4560,130,122,252
4560,151,116,267
4560,223,223,446
4560,124,125,249
4560,131,161,292
4560,224,236,460
4560,101,98,199
4560,87,87,174
4560,113,107,220
4560,123,139,262
4560,118,103,221
4560,175,179,354
4560,160,172,332
4560,150,134,284
4561,111,130,241
4561,124,98,222
4561,102,104,206
4561,119,131,250
4561,231,259,490
4561,121,126,247
4561,110,106,216
4561,134,113,247
4561,130,162,292
4561,175,156,331
4561,202,233,435
4561,131,131,262
4561,150,133,283
4561,220,223,443
4561,161,175,336
4561,126,123,249
4561,151,115,266
4561,112,109,221
4561,148,145,293
4561,126,117,243
4561,102,104,206
4561,119,131,250
4561,173,161,334
4561,138,158,296
4561,134,154,288
4561,176,176,352
4561,119,133,252
4561,109,104,213
4561,136,164,300
4561,131,144,275
4561,223,231,454
4561,150,133,283
4561,123,141,264
4561,118,102,220
4561,159,183,342
4561,161,140,301
4561,88,86,174
4561,165,165,330
4561,111,129,240
4562,193,145,338
4562,134,156,290
4562,170,144,314
4562,203,228,431
4562,126,120,246
4562,88,87,175
4562,174,170,344
4562,159,179,338
4562,126,98,224
4562,132,144,276
4562,125,127,252
4562,236,235,471
4562,110,121,231
4562,132,109,241
4562,102,106,208
4562,141,131,272
4562,120,104,224
4562,141,131,272
4562,156,116,272
4562,102,106,208
4562,112,132,244
4562,227,246,473
4562,113,113,226
4562,112,108,220
4562,149,145,294
4562,127,154,281
4562,176,161,337
4562,120,137,257
4562,160,183,343
4562,113,113,226
4562,114,119,233
4562,103,149,252
4562,159,171,330
4562,235,224,459
4562,137,158,295
4562,134,131,265
4562,118,125,243
4562,136,156,292
4562,114,109,223
4563,103,108,211
4563,89,85,174
4563,142,131,273
4563,157,176,333
4563,124,148,272
4563,113,121,234
4563,133,108,241
4563,107,125,232
4563,108,107,215
4563,111,134,245
4563,155,171,326
4563,112,106,218
4563,231,212,443
4563,234,224,458
4563,121,132,253
4563,135,150,285
4563,147,144,291
4563,112,111,223
4563,174,161,335
4563,133,145,278
4563,128,134,262
4563,104,149,253
4563,123,120,243
4563,123,104,227
4563,164,168,332
4563,137,164,301
4563,249,239,488
4563,147,114,261
4563,103,108,211
4563,106,111,217
4563,156,158,314
4563,146,134,280
4563,146,134,280
4563,112,106,218
4563,254,232,486
4563,140,155,295
4563,179,184,363
4563,129,155,284
4563,139,165,304
4564,147,147,294
4564,143,132,275
4564,136,110,246
4564,160,157,317
4564,89,86,175
4564,232,233,465
4564,102,107,209
4564,136,162,298
4564,143,132,275
4564,228,245,473
4564,145,115,260
4564,135,107,242
4564,141,166,307
4564,132,163,295
4564,178,180,358
4564,130,142,272
4564,129,133,262
4564,107,125,232
4564,114,113,227
4564,154,188,342
4564,114,113,227
4564,102,107,209
4564,133,120,253
4564,174,154,328
4564,110,108,218
4564,116,118,234
4564,111,118,229
4564,228,210,438
4564,224,221,445
4564,141,159,300
4564,116,118,234
4564,120,133,253
4564,131,125,256
4564,150,135,285
4564,105,121,226
4564,136,145,281
4564,120,129,249
4564,155,163,318
4564,161,159,320
4565,142,109,251
4565,121,137,258
4565,147,116,263
4565,114,109,223
4565,221,206,427
4565,232,254,486
4565,161,159,320
4565,132,162,294
4565,178,187,365
4565,120,132,252
4565,224,223,447
4565,130,141,271
4565,235,232,467
4565,137,152,289
4565,120,132,252
4565,151,184,335
4565,119,130,249
4565,130,127,257
4565,158,148,306
4565,174,154,328
4565,151,134,285
4565,136,131,267
4565,144,162,306
4565,100,101,201
4565,106,120,226
4565,100,101,201
4565,114,121,235
4565,128,132,260
4565,142,175,317
4565,138,126,264
4565,108,111,219
4565,160,156,316
4565,88,86,174
4565,107,124,231
4565,156,166,322
4565,136,131,267
4565,136,119,255
4565,133,153,286
4565,121,113,234
4566,169,160,329
4566,99,95,194
4566,120,133,253
4566,153,167,320
4566,131,152,283
4566,142,162,304
4566,128,127,255
4566,148,133,281
4566,226,222,448
4566,116,124,240
4566,112,110,222
4566,116,124,240
4566,209,203,412
4566,111,114,225
4566,106,105,211
4566,132,120,252
4566,121,130,251
4566,137,155,292
4566,134,106,240
4566,128,135,263
4566,128,127,255
4566,176,180,356
4566,114,119,233
4566,121,145,266
4566,107,119,226
4566,128,126,254
4566,87,86,173
4566,231,250,481
4566,163,163,326
4566,134,117,251
4566,131,162,293
4566,159,183,342
4566,99,95,194
4566,218,223,441
4566,152,142,294
4566,104,115,219
4566,141,168,309
4566,181,163,344
4566,143,113,256
4567,111,114,225
4567,118,133,251
4567,119,139,258
4567,145,173,318
4567,131,127,258
4567,106,121,227
4567,86,88,174
4567,145,168,313
4567,99,92,191
4567,259,232,491
4567,135,160,295
4567,118,133,251
4567,217,224,441
4567,167,158,325
4567,99,92,191
4567,146,116,262
4567,126,129,255
4567,163,161,324
4567,121,125,246
4567,148,157,305
4567,121,125,246
4567,111,110,221
4567,157,175,332
4567,129,118,247
4567,115,118,233
4567,139,108,247
4567,137,154,291
4567,104,115,219
4567,175,177,352
4567,148,132,280
4567,230,224,454
4567,131,158,289
4567,158,158,316
4567,220,206,426
4567,172,151,323
4567,135,114,249
4567,107,105,212
4567,120,133,253
4567,129,135,264
4568,104,116,220
4568,118,128,246
4568,100,96,196
4568,100,96,196
4568,150,131,281
4568,120,127,247
4568,111,114,225
4568,110,109,219
4568,136,121,257
4568,171,145,316
4568,250,231,481
4568,120,127,247
4568,158,178,336
4568,145,183,328
4568,178,178,356
4568,135,168,303
4568,158,164,322
4568,109,106,215
4568,128,119,247
4568,86,87,173
4568,182,158,340
4568,171,159,330
4568,120,141,261
4568,254,238,492
4568,129,131,260
4568,148,117,265
4568,105,153,258
4568,125,142,267
4568,140,157,297
4568,120,132,252
4568,136,163,299
4568,141,108,249
4568,151,167,318
4568,113,117,230
4568,195,147,342
4568,106,119,225
4568,222,223,445
4568,205,201,406
4568,120,141,261
4569,154,169,323
4569,119,129,248
4569,254,237,491
4569,199,200,399
4569,162,145,307
4569,184,159,343
4569,227,224,451
4569,177,180,357
4569,140,158,298
4569,155,161,316
4569,124,143,267
4569,105,117,222
4569,226,222,448
4569,140,132,272
4569,115,120,235
4569,100,94,194
4569,190,145,335
4569,103,117,220
4569,129,129,258
4569,139,106,245
4569,100,94,194
4569,144,156,300
4569,135,159,294
4569,125,117,242
4569,132,143,275
4569,162,157,319
4569,110,110,220
4569,112,110,222
4569,119,129,248
4569,89,87,176
4569,139,154,293
4569,139,127,266
4569,124,143,267
4569,120,131,251
4569,154,120,274
4569,105,151,256
4569,130,137,267
4569,146,184,330
4569,101,103,204
4570,125,119,244
4570,117,125,242
4570,146,185,331
4570,104,148,252
4570,248,236,484
4570,180,186,366
4570,122,125,247
4570,132,130,262
4570,147,155,302
4570,119,133,252
4570,151,162,313
4570,184,144,328
4570,150,118,268
4570,144,175,319
4570,120,133,253
4570,188,160,348
4570,90,87,177
4570,109,108,217
4570,190,198,388
4570,141,157,298
4570,123,128,251
4570,123,128,251
4570,227,223,450
4570,119,133,252
4570,163,145,308
4570,117,132,249
4570,134,155,289
4570,129,134,263
4570,101,104,205
4570,103,114,217
4570,100,94,194
4570,145,146,291
4570,101,107,208
4570,100,94,194
4570,156,159,315
4570,112,123,235
4570,165,156,321
4570,127,141,268
4570,224,224,448
4571,103,110,213
4571,121,137,258
4571,141,169,310
4571,239,226,465
4571,178,156,334
4571,102,111,213
4571,87,85,172
4571,130,137,267
4571,112,112,224
4571,120,134,254
4571,145,127,272
4571,189,197,386
4571,156,160,316
4571,146,118,264
4571,119,127,246
4571,172,145,317
4571,119,127,246
4571,133,155,288
4571,134,170,304
4571,177,140,317
4571,124,138,262
4571,121,138,259
4571,130,141,271
4571,146,184,330
4571,105,150,255
4571,143,141,284
4571,250,234,484
4571,184,197,381
4571,116,127,243
4571,156,151,307
4571,102,100,202
4571,240,225,465
4571,121,137,258
4571,146,151,297
4571,102,100,202
4571,124,119,243
4571,133,141,274
4571,105,116,221
4571,147,148,295
4572,246,229,475
4572,146,114,260
4572,103,100,203
4572,125,119,244
4572,147,147,294
4572,148,192,340
4572,158,154,312
4572,119,130,249
4572,148,116,264
4572,142,166,308
4572,141,127,268
4572,144,168,312
4572,150,140,290
4572,102,144,246
4572,226,228,454
4572,122,139,261
4572,182,199,381
4572,133,136,269
4572,139,133,272
4572,103,111,214
4572,146,114,260
4572,148,147,295
4572,155,160,315
4572,178,142,320
4572,117,120,237
4572,103,100,203
4572,227,222,449
4572,135,160,295
4572,92,95,187
4572,132,140,272
4572,110,105,215
4572,162,151,313
4572,103,112,215
4572,194,205,399
4572,113,126,239
4572,123,127,250
4572,105,118,223
4572,123,127,250
4572,119,137,256
4573,139,128,267
4573,104,104,208
4573,134,143,277
4573,123,125,248
4573,146,169,315
4573,169,140,309
4573,132,121,253
4573,111,115,226
4573,226,232,458
4573,161,155,316
4573,110,121,231
4573,155,118,273
4573,116,116,232
4573,103,112,215
4573,140,163,303
4573,137,124,261
4573,209,178,387
4573,235,231,466
4573,104,145,249
4573,241,225,466
4573,190,197,387
4573,146,139,285
4573,118,128,246
4573,143,114,257
4573,133,131,264
4573,105,120,225
4573,143,114,257
4573,119,137,256
4573,103,111,214
4573,130,142,272
4573,132,153,285
4573,90,92,182
4573,179,157,336
4573,156,148,304
4573,104,104,208
4573,156,146,302
4573,169,169,338
4573,157,163,320
4573,133,131,264
4574,135,111,246
4574,131,135,266
4574,255,236,491
4574,211,179,390
4574,175,142,317
4574,153,147,300
4574,130,122,252
4574,105,114,219
4574,112,111,223
4574,102,143,245
4574,116,115,231
4574,140,123,263
4574,119,138,257
4574,101,110,211
4574,155,161,316
4574,104,104,208
4574,130,149,279
4574,133,131,264
4574,149,140,289
4574,107,121,228
4574,135,111,246
4574,140,160,300
4574,226,234,460
4574,115,123,238
4574,166,122,288
4574,165,169,334
4574,238,226,464
4574,143,160,303
4574,135,131,266
4574,133,122,255
4574,154,146,300
4574,135,131,266
4574,104,104,208
4574,110,117,227
4574,189,197,386
4574,126,131,257
4574,176,155,331
4574,89,87,176
4574,162,156,318
4575,104,106,210
4575,104,106,210
4575,141,160,301
4575,137,162,299
4575,129,143,272
4575,105,119,224
4575,165,147,312
4575,113,114,227
4575,120,123,243
4575,168,158,326
4575,101,141,242
4575,120,133,253
4575,158,119,277
4575,239,227,466
4575,226,251,477
4575,127,109,236
4575,109,114,223
4575,186,146,332
4575,191,197,388
4575,146,145,291
4575,141,132,273
4575,87,86,173
4575,127,130,257
4575,127,125,252
4575,127,109,236
4575,162,168,330
4575,164,160,324
4575,134,129,263
4575,134,129,263
4575,100,109,209
4575,122,120,242
4575,131,121,252
4575,177,155,332
4575,107,125,232
4575,129,130,259
4575,164,145,309
4575,209,179,388
4575,143,161,304
4575,227,241,468
4576,156,164,320
4576,110,111,221
4576,230,255,485
4576,105,103,208
4576,145,169,314
4576,110,118,228
4576,135,124,259
4576,128,128,256
4576,164,155,319
4576,165,121,286
4576,131,129,260
4576,122,121,243
4576,137,105,242
4576,142,166,308
4576,102,113,215
4576,101,138,239
4576,139,143,282
4576,133,166,299
4576,180,201,381
4576,246,231,477
4576,111,104,215
4576,152,145,297
4576,90,87,177
4576,181,159,340
4576,135,160,295
4576,190,200,390
4576,132,131,263
4576,243,226,469
4576,132,131,263
4576,147,110,257
4576,185,144,329
4576,164,162,326
4576,111,104,215
4576,149,144,293
4576,105,116,221
4576,105,103,208
4576,143,138,281
4576,141,129,270
4576,119,127,246
4577,101,103,204
4577,134,142,276
4577,162,166,328
4577,181,194,375
4577,113,118,231
4577,233,258,491
4577,121,119,240
4577,248,232,480
4577,134,114,248
4577,131,122,253
4577,128,123,251
4577,107,115,222
4577,143,165,308
4577,146,168,314
4577,119,123,242
4577,147,145,292
4577,189,197,386
4577,133,147,280
4577,129,131,260
4577,129,131,260
4577,106,110,216
4577,85,85,170
4577,181,142,323
4577,140,126,266
4577,168,164,332
4577,135,104,239
4577,145,110,255
4577,142,133,275
4577,143,136,279
4577,100,105,205
4577,134,114,248
4577,98,130,228
4577,172,156,328
4577,168,157,325
4577,246,225,471
4577,106,110,216
4577,133,161,294
4577,147,151,298
4577,151,118,269
4578,180,192,372
4578,130,131,261
4578,167,165,332
4578,127,127,254
4578,130,131,261
4578,105,109,214
4578,148,145,293
4578,190,195,385
4578,105,109,214
4578,121,119,240
4578,99,104,203
4578,88,94,182
4578,143,130,273
4578,166,155,321
4578,144,166,310
4578,128,111,239
4578,176,140,316
4578,147,112,259
4578,102,105,207
4578,232,259,491
4578,101,136,237
4578,133,103,236
4578,145,124,269
4578,165,145,310
4578,128,111,239
4578,106,110,216
4578,243,224,467
4578,146,144,290
4578,142,129,271
4578,116,122,238
4578,149,155,304
4578,232,230,462
4578,135,155,290
4578,162,167,329
4578,133,143,276
4578,131,121,252
4578,171,143,314
4578,121,129,250
4578,168,154,322
4579,150,112,262
4579,144,172,316
4579,127,128,255
4579,170,169,339
4579,128,124,252
4579,114,105,219
4579,103,104,207
4579,145,141,286
4579,246,225,471
4579,133,153,286
4579,127,128,255
4579,92,104,196
4579,166,145,311
4579,150,146,296
4579,133,120,253
4579,225,227,452
4579,142,127,269
4579,114,120,234
4579,125,139,264
4579,133,165,298
4579,109,129,238
4579,151,116,267
4579,102,141,243
4579,245,231,476
4579,167,138,305
4579,102,102,204
4579,103,102,205
4579,114,105,219
4579,120,126,246
4579,172,167,339
4579,170,158,328
4579,177,192,369
4579,131,122,253
4579,151,132,283
4579,194,210,404
4579,177,158,335
4579,104,103,207
4579,104,103,207
4579,151,146,297
4580,92,104,196
4580,129,138,267
4580,99,103,202
4580,103,144,247
4580,195,208,403
4580,111,106,217
4580,132,103,235
4580,132,165,297
4580,117,143,260
4580,240,222,462
4580,103,104,207
4580,245,231,476
4580,125,129,254
4580,174,178,352
4580,165,152,317
4580,185,160,345
4580,145,187,332
4580,125,129,254
4580,147,130,277
4580,103,104,207
4580,118,119,237
4580,157,151,308
4580,115,135,250
4580,158,188,346
4580,151,148,299
4580,156,137,293
4580,142,123,265
4580,146,142,288
4580,140,127,267
4580,131,121,252
4580,115,128,243
4580,101,103,204
4580,144,169,313
4580,105,106,211
4580,166,138,304
4580,150,113,263
4580,157,118,275
4580,254,233,487
4580,111,106,217
4581,140,103,243
4581,141,130,271
4581,118,142,260
4581,170,167,337
4581,105,105,210
4581,115,113,228
4581,243,230,473
4581,103,144,247
4581,159,152,311
4581,117,119,236
4581,133,164,297
4581,157,117,274
4581,241,233,474
4581,151,125,276
4581,160,192,352
4581,101,101,202
4581,157,131,288
4581,103,102,205
4581,103,101,204
4581,143,135,278
4581,175,158,333
4581,173,140,313
4581,113,130,243
4581,146,144,290
4581,103,101,204
4581,109,129,238
4581,127,130,257
4581,143,164,307
4581,153,156,309
4581,242,224,466
4581,127,130,257
4581,93,106,199
4581,160,165,325
4581,127,120,247
4581,151,113,264
4581,159,149,308
4581,117,119,236
4581,130,142,272
4581,201,220,421
4582,174,122,296
4582,127,131,258
4582,160,145,305
4582,250,232,482
4582,142,166,308
4582,119,106,225
4582,117,125,242
4582,240,223,463
4582,102,99,201
4582,159,180,339
4582,127,149,276
4582,105,112,217
4582,111,106,217
4582,170,138,308
4582,105,151,256
4582,104,107,211
4582,140,123,263
4582,131,132,263
4582,158,165,323
4582,157,148,305
4582,145,132,277
4582,118,155,273
4582,130,142,272
4582,179,157,336
4582,229,207,436
4582,173,176,349
4582,118,118,236
4582,104,107,211
4582,173,122,295
4582,171,156,327
4582,111,123,234
4582,157,138,295
4582,156,160,316
4582,119,106,225
4582,131,132,263
4582,253,231,484
4582,109,131,240
4582,90,100,190
4582,146,112,258
4583,158,179,337
4583,119,159,278
4583,127,128,255
4583,107,104,211
4583,105,110,215
4583,134,105,239
4583,134,132,266
4583,133,145,278
4583,126,142,268
4583,176,120,296
4583,116,117,233
4583,169,120,289
4583,105,99,204
4583,141,124,265
4583,167,156,323
4583,137,129,266
4583,156,162,318
4583,113,129,242
4583,144,164,308
4583,122,135,257
4583,234,221,455
4583,134,132,266
4583,218,203,421
4583,145,147,292
4583,155,178,333
4583,172,169,341
4583,141,114,255
4583,229,226,455
4583,132,157,289
4583,104,149,253
4583,176,141,317
4583,153,165,318
4583,105,116,221
4583,91,99,190
4583,141,114,255
4583,114,122,236
4583,167,142,309
4583,105,110,215
4583,249,232,481
4584,238,221,459
4584,162,156,318
4584,112,116,228
4584,141,136,277
4584,120,158,278
4584,107,109,216
4584,151,147,298
4584,170,141,311
4584,183,157,340
4584,103,102,205
4584,196,216,412
4584,154,165,319
4584,113,111,224
4584,104,112,216
4584,172,163,335
4584,244,231,475
4584,120,138,258
4584,125,138,263
4584,141,124,265
4584,143,161,304
4584,129,136,265
4584,229,223,452
4584,150,153,303
4584,108,129,237
4584,111,127,238
4584,103,102,205
4584,141,136,277
4584,120,138,258
4584,168,120,288
4584,135,127,262
4584,159,184,343
4584,89,95,184
4584,129,137,266
4584,143,162,305
4584,123,136,259
4584,151,162,313
4584,113,109,222
4584,105,150,255
4584,134,164,298
4585,123,135,258
4585,120,162,282
4585,133,129,262
4585,105,97,202
4585,158,183,341
4585,170,120,290
4585,109,113,222
4585,108,127,235
4585,150,120,270
4585,113,129,242
4585,245,230,475
4585,180,141,321
4585,103,98,201
4585,143,128,271
4585,168,153,321
4585,104,146,250
4585,129,132,261
4585,114,109,223
4585,90,96,186
4585,102,105,207
4585,150,120,270
4585,119,110,229
4585,103,98,201
4585,127,144,271
4585,121,131,252
4585,197,214,411
4585,175,174,349
4585,164,155,319
4585,137,122,259
4585,154,167,321
4585,142,157,299
4585,143,160,303
4585,227,226,453
4585,129,132,261
4585,242,230,472
4585,132,143,275
4585,159,166,325
4585,130,141,271
4585,148,154,302
4586,165,119,284
4586,146,118,264
4586,259,235,494
4586,115,117,232
4586,157,180,337
4586,123,129,252
4586,106,151,257
4586,106,104,210
4586,115,132,247
4586,150,111,261
4586,106,123,229
4586,148,155,303
4586,132,130,262
4586,129,135,264
4586,124,135,259
4586,143,158,301
4586,133,149,282
4586,131,120,251
4586,146,118,264
4586,104,104,208
4586,142,125,267
4586,258,235,493
4586,108,111,219
4586,125,135,260
4586,234,254,488
4586,185,145,330
4586,90,99,189
4586,162,166,328
4586,164,151,315
4586,176,161,337
4586,122,164,286
4586,156,179,335
4586,106,104,210
4586,176,176,352
4586,107,95,202
4586,123,129,252
4586,199,212,411
4586,120,109,229
4586,146,166,312
4587,158,185,343
4587,123,162,285
4587,134,132,266
4587,113,123,236
4587,126,128,254
4587,142,123,265
4587,235,259,494
4587,144,159,303
4587,150,155,305
4587,176,158,334
4587,133,143,276
4587,125,123,248
4587,106,109,215
4587,177,183,360
4587,143,116,259
4587,245,227,472
4587,135,113,248
4587,124,137,261
4587,180,159,339
4587,103,117,220
4587,106,149,255
4587,203,221,424
4587,143,116,259
4587,120,127,247
4587,242,230,472
4587,148,111,259
4587,171,120,291
4587,92,103,195
4587,109,104,213
4587,109,114,223
4587,159,166,325
4587,120,127,247
4587,190,147,337
4587,117,122,239
4587,161,150,311
4587,169,148,317
4587,106,109,215
4587,114,132,246
4587,127,141,268
4588,147,137,284
4588,155,174,329
4588,158,181,339
4588,247,227,474
4588,137,113,250
4588,205,228,433
4588,145,109,254
4588,106,127,233
4588,151,165,316
4588,135,156,291
4588,117,121,238
4588,105,109,214
4588,169,120,289
4588,110,109,219
4588,161,144,305
4588,179,162,341
4588,124,130,254
4588,105,109,214
4588,165,169,334
4588,121,124,245
4588,130,141,271
4588,232,246,478
4588,111,116,227
4588,166,168,334
4588,91,100,191
4588,139,114,253
4588,145,168,313
4588,108,104,212
4588,156,159,315
4588,124,130,254
4588,134,130,264
4588,130,150,280
4588,115,131,246
4588,226,253,479
4588,106,150,256
4588,177,182,359
4588,122,165,287
4588,137,113,250
4588,125,124,249
4589,183,159,342
4589,111,104,215
4589,107,151,258
4589,171,119,290
4589,134,158,292
4589,185,144,329
4589,89,97,186
4589,131,142,273
4589,148,139,287
4589,140,150,290
4589,148,157,305
4589,148,192,340
4589,131,132,263
4589,106,125,231
4589,199,214,413
4589,132,147,279
4589,116,132,248
4589,149,117,266
4589,131,132,263
4589,116,123,239
4589,225,250,475
4589,153,165,318
4589,170,148,318
4589,111,116,227
4589,154,153,307
4589,119,124,243
4589,138,108,246
4589,231,239,470
4589,224,219,443
4589,162,152,314
4589,179,179,358
4589,149,117,266
4589,121,162,283
4589,106,105,211
4589,111,136,247
4589,131,121,252
4589,145,164,309
4589,106,105,211
4589,109,102,211
4590,200,218,418
4590,146,169,315
4590,125,102,227
4590,138,108,246
4590,112,122,234
4590,149,134,283
4590,116,136,252
4590,112,122,234
4590,104,105,209
4590,134,132,266
4590,177,179,356
4590,114,111,225
4590,135,164,299
4590,174,169,343
4590,258,227,485
4590,153,164,317
4590,167,120,287
4590,109,127,236
4590,134,132,266
4590,255,232,487
4590,103,105,208
4590,153,161,314
4590,157,157,314
4590,111,124,235
4590,121,125,246
4590,170,144,314
4590,114,114,228
4590,183,143,326
4590,104,105,209
4590,124,167,291
4590,90,97,187
4590,132,140,272
4590,232,244,476
4590,136,124,260
4590,140,147,287
4590,155,172,327
4590,105,148,253
4590,132,148,280
4590,156,152,308
4591,116,117,233
4591,130,131,261
4591,110,118,228
4591,163,119,282
4591,152,149,301
4591,169,165,334
4591,105,144,249
4591,105,101,206
4591,183,194,377
4591,123,170,293
4591,152,149,301
4591,144,116,260
4591,150,146,296
4591,231,244,475
4591,136,106,242
4591,136,164,300
4591,198,215,413
4591,182,143,325
4591,116,116,232
4591,156,171,327
4591,109,129,238
4591,108,129,237
4591,104,107,211
4591,130,131,261
4591,118,144,262
4591,105,101,206
4591,170,147,317
4591,131,141,272
4591,220,218,438
4591,176,142,318
4591,126,121,247
4591,126,124,250
4591,90,98,188
4591,144,116,260
4591,143,148,291
4591,154,169,323
4591,151,168,319
4591,230,242,472
4591,130,143,273
4592,109,127,236
4592,184,146,330
4592,102,105,207
4592,113,113,226
4592,154,173,327
4592,118,128,246
4592,173,144,317
4592,89,97,186
4592,221,240,461
4592,131,142,273
4592,234,246,480
4592,208,178,386
4592,156,176,332
4592,105,107,212
4592,134,113,247
4592,133,107,240
4592,133,123,256
4592,234,252,486
4592,128,123,251
4592,148,149,297
4592,152,147,299
4592,105,107,212
4592,156,168,324
4592,132,143,275
4592,108,131,239
4592,113,124,237
4592,158,155,313
4592,148,191,339
4592,115,114,229
4592,118,128,246
4592,168,147,315
4592,117,139,256
4592,134,113,247
4592,137,164,301
4592,104,146,250
4592,199,222,421
4592,135,126,261
4592,167,124,291
4592,162,119,281
4593,136,127,263
4593,113,122,235
4593,207,176,383
4593,154,115,269
4593,134,150,284
4593,161,145,306
4593,148,117,265
4593,162,165,327
4593,218,233,451
4593,120,132,252
4593,100,102,202
4593,106,110,216
4593,130,138,268
4593,139,122,261
4593,144,128,272
4593,151,153,304
4593,148,192,340
4593,147,151,298
4593,150,146,296
4593,115,108,223
4593,134,110,244
4593,187,159,346
4593,230,243,473
4593,189,146,335
4593,131,109,240
4593,227,209,436
4593,87,98,185
4593,109,128,237
4593,134,110,244
4593,116,139,255
4593,135,107,242
4593,157,143,300
4593,106,110,216
4593,235,252,487
4593,152,136,288
4593,113,111,224
4593,191,172,363
4593,120,132,252
4593,103,142,245
4594,107,111,218
4594,200,175,375
4594,218,225,443
4594,136,122,258
4594,172,171,343
4594,172,123,295
4594,146,118,264
4594,157,117,274
4594,107,111,218
4594,120,166,286
4594,263,234,497
4594,134,109,243
4594,131,133,264
4594,137,170,307
4594,229,240,469
4594,177,157,334
4594,146,118,264
4594,119,132,251
4594,192,172,364
4594,185,145,330
4594,143,129,272
4594,110,133,243
4594,222,208,430
4594,90,102,192
4594,109,106,215
4594,149,138,287
4594,113,128,241
4594,119,142,261
4594,131,144,275
4594,166,147,313
4594,156,156,312
4594,103,101,204
4594,152,130,282
4594,111,104,215
4594,149,148,297
4594,119,132,251
4594,153,158,311
4594,100,137,237
4594,134,105,239
4595,134,164,298
4595,155,166,321
4595,171,149,320
4595,145,125,270
4595,197,176,373
4595,129,133,262
4595,217,224,441
4595,101,137,238
4595,120,146,266
4595,138,127,265
4595,153,176,329
4595,153,149,302
4595,130,138,268
4595,122,102,224
4595,161,142,303
4595,126,133,259
4595,151,131,282
4595,119,136,255
4595,242,226,468
4595,92,108,200
4595,174,124,298
4595,168,169,337
4595,112,99,211
4595,106,112,218
4595,146,145,291
4595,227,231,458
4595,149,156,305
4595,106,102,208
4595,154,151,305
4595,113,125,238
4595,109,103,212
4595,182,142,324
4595,129,133,262
4595,156,171,327
4595,119,136,255
4595,224,208,432
4595,108,130,238
4595,106,112,218
4595,138,108,246
4596,157,170,327
4596,117,126,243
4596,163,143,306
4596,253,227,480
4596,152,133,285
4596,128,139,267
4596,118,101,219
4596,169,145,314
4596,144,129,273
4596,120,144,264
4596,128,133,261
4596,179,127,306
4596,163,120,283
4596,162,166,328
4596,110,131,241
4596,149,127,276
4596,128,133,261
4596,176,141,317
4596,110,107,217
4596,145,111,256
4596,152,147,299
4596,159,153,312
4596,108,121,229
4596,183,170,353
4596,108,121,229
4596,157,165,322
4596,171,146,317
4596,131,137,268
4596,111,99,210
4596,103,103,206
4596,91,107,198
4596,151,169,320
4596,140,143,283
4596,137,107,244
4596,102,137,239
4596,213,204,417
4596,231,239,470
4596,217,222,439
4596,117,126,243
4597,236,220,456
4597,131,139,270
4597,172,141,313
4597,159,128,287
4597,129,138,267
4597,174,146,320
4597,109,128,237
4597,138,142,280
4597,109,99,208
4597,108,104,212
4597,124,154,278
4597,113,122,235
4597,136,98,234
4597,205,200,405
4597,147,131,278
4597,113,122,235
4597,228,232,460
4597,158,141,299
4597,161,154,315
4597,136,98,234
4597,179,170,349
4597,189,158,347
4597,104,145,249
4597,164,145,309
4597,117,100,217
4597,163,150,313
4597,130,132,262
4597,222,223,445
4597,163,119,282
4597,130,132,262
4597,160,166,326
4597,120,142,262
4597,104,100,204
4597,149,154,303
4597,134,107,241
4597,171,124,295
4597,89,103,192
4597,115,121,236
4597,155,169,324
4598,158,129,287
4598,176,153,329
4598,129,95,224
4598,164,139,303
4598,234,245,479
4598,119,142,261
4598,104,106,210
4598,108,110,218
4598,144,142,286
4598,167,144,311
4598,221,229,450
4598,106,97,203
4598,130,137,267
4598,161,139,300
4598,167,125,292
4598,162,154,316
4598,167,122,289
4598,157,176,333
4598,124,133,257
4598,161,144,305
4598,160,167,327
4598,148,150,298
4598,133,107,240
4598,90,102,192
4598,110,112,222
4598,185,171,356
4598,119,100,219
4598,107,122,229
4598,112,109,221
4598,164,145,309
4598,122,148,270
4598,150,150,300
4598,106,146,252
4598,129,95,224
4598,228,224,452
4598,110,112,222
4598,124,133,257
4598,132,148,280
4598,191,197,388
4599,109,130,239
4599,110,107,217
4599,125,94,219
4599,161,137,298
4599,164,153,317
4599,159,121,280
4599,142,141,283
4599,128,131,259
4599,149,151,300
4599,93,107,200
4599,120,102,222
4599,136,156,292
4599,113,113,226
4599,118,140,258
4599,199,199,398
4599,228,221,449
4599,110,107,217
4599,154,128,282
4599,168,142,310
4599,108,99,207
4599,109,113,222
4599,170,145,315
4599,118,136,254
4599,226,255,481
4599,239,260,499
4599,128,131,259
4599,152,166,318
4599,190,171,361
4599,154,151,305
4599,163,143,306
4599,182,154,336
4599,104,105,209
4599,129,137,266
4599,155,157,312
4599,136,157,293
4599,127,104,231
4599,125,94,219
4599,136,149,285
4599,108,151,259
4600,122,92,214
4600,112,119,231
4600,135,156,291
4600,122,92,214
4600,103,104,207
4600,243,233,476
4600,92,109,201
4600,148,138,286
4600,154,148,302
4600,116,133,249
4600,173,152,325
4600,156,129,285
4600,108,123,231
4600,231,227,458
4600,112,105,217
4600,162,138,300
4600,119,142,261
4600,121,134,255
4600,199,176,375
4600,144,164,308
4600,224,246,470
4600,114,110,224
4600,114,124,238
4600,164,142,306
4600,202,200,402
4600,120,101,221
4600,169,169,338
4600,118,131,249
4600,118,131,249
4600,129,105,234
4600,135,151,286
4600,152,158,310
4600,179,126,305
4600,134,161,295
4600,152,152,304
4600,154,149,303
4600,143,148,291
4600,112,105,217
4600,131,126,257
4601,234,243,477
4601,108,90,198
4601,160,129,289
4601,174,153,327
4601,153,156,309
4601,137,119,256
4601,164,150,314
4601,118,139,257
4601,163,154,317
4601,117,135,252
4601,120,134,254
4601,172,124,296
4601,207,178,385
4601,225,240,465
4601,115,118,233
4601,134,126,260
4601,143,156,299
4601,155,167,322
4601,153,139,292
4601,120,134,254
4601,145,137,282
4601,128,105,233
4601,127,137,264
4601,110,129,239
4601,176,128,304
4601,121,145,266
4601,109,102,211
4601,134,150,284
4601,134,154,288
4601,112,118,230
4601,240,233,473
4601,137,119,256
4601,133,149,282
4601,93,112,205
4601,156,151,307
4601,213,202,415
4601,117,101,218
4601,108,90,198
4601,150,146,296
4602,136,158,294
4602,146,162,308
4602,153,134,287
4602,109,155,264
4602,109,112,221
4602,110,107,217
4602,122,103,225
4602,207,178,385
4602,146,138,284
4602,152,166,318
4602,122,140,262
4602,153,150,303
4602,124,135,259
4602,171,146,317
4602,164,155,319
4602,129,115,244
4602,236,244,480
4602,95,116,211
4602,159,129,288
4602,178,129,307
4602,208,202,410
4602,129,106,235
4602,117,130,247
4602,142,145,287
4602,122,147,269
4602,181,161,342
4602,122,140,262
4602,117,137,254
4602,248,232,480
4602,114,91,205
4602,129,115,244
4602,114,91,205
4602,228,244,472
4602,129,136,265
4602,172,153,325
4602,139,112,251
4602,156,170,326
4602,108,101,209
4602,168,155,323
4603,144,147,291
4603,114,111,225
4603,106,100,206
4603,129,128,257
4603,158,148,306
4603,206,178,384
4603,117,110,227
4603,126,136,262
4603,240,230,470
4603,171,143,314
4603,177,127,304
4603,132,107,239
4603,117,110,227
4603,157,127,284
4603,119,91,210
4603,159,184,343
4603,118,139,257
4603,127,104,231
4603,161,140,301
4603,95,114,209
4603,108,153,261
4603,119,91,210
4603,124,153,277
4603,149,141,290
4603,114,123,237
4603,142,163,305
4603,117,133,250
4603,139,163,302
4603,173,141,314
4603,256,231,487
4603,160,137,297
4603,154,169,323
4603,165,149,314
4603,135,111,246
4603,127,154,281
4603,166,153,319
4603,127,154,281
4603,204,201,405
4603,253,225,478
4604,151,146,297
4604,163,141,304
4604,133,124,257
4604,114,91,205
4604,128,137,265
4604,142,111,253
4604,149,140,289
4604,126,115,241
4604,206,202,408
4604,161,152,313
4604,137,113,250
4604,121,144,265
4604,177,128,305
4604,162,143,305
4604,172,143,315
4604,159,181,340
4604,114,91,205
4604,140,135,275
4604,114,124,238
4604,121,140,261
4604,137,163,300
4604,147,163,310
4604,249,231,480
4604,158,174,332
4604,121,140,261
4604,240,221,461
4604,107,102,209
4604,114,113,227
4604,135,160,295
4604,91,109,200
4604,109,151,260
4604,141,110,251
4604,197,174,371
4604,169,151,320
4604,126,115,241
4604,229,232,461
4604,122,103,225
4604,118,139,257
4604,154,127,281
4605,114,105,219
4605,199,200,399
4605,107,149,256
4605,140,112,252
4605,123,103,226
4605,135,159,294
4605,237,232,469
4605,139,114,253
4605,116,92,208
4605,122,145,267
4605,116,130,246
4605,231,215,446
4605,136,108,244
4605,159,151,310
4605,147,166,313
4605,180,158,338
4605,129,151,280
4605,141,140,281
4605,139,147,286
4605,129,151,280
4605,236,230,466
4605,159,180,339
4605,198,173,371
4605,116,119,235
4605,130,117,247
4605,92,110,202
4605,153,128,281
4605,120,136,256
4605,187,159,346
4605,163,142,305
4605,150,167,317
4605,130,117,247
4605,153,150,303
4605,116,92,208
4605,129,139,268
4605,128,122,250
4605,178,128,306
4605,157,139,296
4605,152,143,295
4606,115,104,219
4606,132,108,240
4606,174,157,331
4606,132,164,296
4606,163,142,305
4606,134,124,258
4606,132,164,296
4606,116,111,227
4606,236,244,480
4606,117,101,218
4606,144,134,278
4606,140,129,269
4606,159,149,308
4606,247,233,480
4606,116,111,227
4606,160,143,303
4606,131,139,270
4606,119,135,254
4606,151,125,276
4606,154,143,297
4606,114,90,204
4606,116,121,237
4606,166,152,318
4606,158,176,334
4606,195,172,367
4606,160,179,339
4606,94,110,204
4606,243,228,471
4606,146,164,310
4606,110,137,247
4606,109,151,260
4606,143,110,253
4606,120,146,266
4606,138,133,271
4606,177,145,322
4606,112,121,233
4606,114,90,204
4606,212,204,416
4606,136,159,295
4607,119,112,231
4607,164,150,314
4607,148,164,312
4607,160,182,342
4607,183,159,342
4607,154,127,281
4607,234,225,459
4607,112,121,233
4607,132,170,302
4607,102,86,188
4607,182,167,349
4607,160,173,333
4607,139,140,279
4607,133,118,251
4607,177,130,307
4607,132,170,302
4607,102,86,188
4607,119,112,231
4607,147,111,258
4607,236,255,491
4607,121,144,265
4607,208,203,411
4607,135,127,262
4607,236,240,476
4607,132,107,239
4607,111,104,215
4607,150,167,317
4607,164,136,300
4607,164,142,306
4607,157,148,305
4607,141,125,266
4607,94,114,208
4607,168,148,316
4607,132,140,272
4607,113,120,233
4607,121,143,264
4607,181,157,338
4607,106,128,234
4607,112,99,211
4608,234,221,455
4608,148,165,313
4608,174,143,317
4608,148,141,289
4608,157,143,300
4608,236,240,476
4608,159,183,342
4608,179,156,335
4608,142,142,284
4608,159,135,294
4608,119,135,254
4608,124,135,259
4608,150,144,294
4608,185,188,373
4608,114,104,218
4608,120,114,234
4608,105,125,230
4608,120,114,234
4608,93,114,207
4608,122,150,272
4608,106,87,193
4608,157,143,300
4608,116,99,215
4608,111,108,219
4608,172,150,322
4608,139,111,250
4608,126,124,250
4608,187,160,347
4608,115,124,239
4608,138,127,265
4608,163,152,315
4608,209,201,410
4608,106,87,193
4608,171,164,335
4608,160,130,290
4608,163,189,352
4608,150,112,262
4608,232,249,481
4608,152,128,280
4609,146,124,270
4609,126,114,240
4609,233,242,475
4609,134,126,260
4609,111,98,209
4609,170,159,329
4609,116,134,250
4609,155,146,301
4609,145,136,281
4609,159,176,335
4609,181,177,358
4609,170,148,318
4609,129,139,268
4609,107,102,209
4609,151,140,291
4609,111,119,230
4609,230,238,468
4609,126,114,240
4609,119,141,260
4609,111,88,199
4609,93,112,205
4609,112,106,218
4609,104,119,223
4609,217,220,437
4609,206,202,408
4609,121,140,261
4609,171,155,326
4609,144,154,298
4609,149,112,261
4609,153,128,281
4609,135,156,291
4609,179,156,335
4609,111,88,199
4609,147,165,312
4609,138,139,277
4609,161,179,340
4609,141,138,279
4609,151,140,291
4609,147,139,286
4610,230,227,457
4610,205,200,405
4610,102,111,213
4610,110,97,207
4610,227,236,463
4610,109,102,211
4610,184,159,343
4610,142,146,288
4610,179,169,348
4610,93,113,206
4610,231,226,457
4610,160,147,307
4610,117,131,248
4610,176,154,330
4610,107,86,193
4610,146,137,283
4610,141,139,280
4610,107,86,193
4610,130,119,249
4610,169,161,330
4610,115,130,245
4610,128,124,252
4610,125,158,283
4610,149,140,289
4610,114,120,234
4610,140,130,270
4610,149,140,289
4610,140,162,302
4610,109,103,212
4610,146,111,257
4610,136,136,272
4610,135,150,285
4610,144,125,269
4610,168,153,321
4610,163,183,346
4610,128,139,267
4610,151,127,278
4610,183,156,339
4610,130,119,249
4611,108,103,211
4611,148,132,280
4611,161,152,313
4611,100,84,184
4611,236,245,481
4611,147,139,286
4611,115,105,220
4611,160,178,338
4611,114,99,213
4611,120,144,264
4611,153,151,304
4611,113,125,238
4611,130,126,256
4611,94,116,210
4611,145,124,269
4611,156,183,339
4611,133,146,279
4611,138,123,261
4611,218,203,421
4611,111,118,229
4611,158,145,303
4611,171,153,324
4611,130,139,269
4611,147,161,308
4611,228,224,452
4611,104,116,220
4611,179,170,349
4611,135,134,269
4611,142,109,251
4611,100,84,184
4611,242,228,470
4611,147,139,286
4611,140,137,277
4611,145,132,277
4611,142,164,306
4611,165,186,351
4611,138,133,271
4611,145,124,269
4611,139,123,262
4612,123,151,274
4612,109,153,262
4612,146,137,283
4612,172,145,317
4612,142,124,266
4612,143,124,267
4612,139,130,269
4612,158,171,329
4612,164,150,314
4612,105,122,227
4612,133,148,281
4612,164,191,355
4612,212,204,416
4612,146,137,283
4612,154,166,320
4612,140,153,293
4612,111,103,214
4612,125,118,243
4612,160,144,304
4612,114,125,239
4612,119,137,256
4612,102,84,186
4612,177,153,330
4612,112,98,210
4612,180,158,338
4612,115,127,242
4612,229,221,450
4612,102,84,186
4612,146,139,285
4612,90,108,198
4612,120,133,253
4612,137,109,246
4612,240,258,498
4612,149,140,289
4612,107,93,200
4612,125,118,243
4612,238,226,464
4612,161,137,298
4612,183,168,351
4613,100,84,184
4613,100,84,184
4613,120,116,236
4613,141,157,298
4613,201,200,401
4613,220,224,444
4613,231,256,487
4613,135,154,289
4613,106,124,230
4613,119,140,259
4613,172,141,313
4613,160,177,337
4613,111,104,215
4613,146,125,271
4613,90,105,195
4613,150,138,288
4613,142,163,305
4613,125,155,280
4613,106,96,202
4613,146,125,271
4613,108,150,258
4613,168,152,320
4613,137,126,263
4613,233,243,476
4613,119,133,252
4613,158,144,302
4613,149,138,287
4613,120,116,236
4613,176,168,344
4613,163,182,345
4613,156,144,300
4613,167,144,311
4613,114,134,248
4613,118,131,249
4613,152,152,304
4613,112,97,209
4613,179,132,311
4613,149,138,287
4613,131,107,238
4614,88,104,192
4614,154,158,312
4614,105,125,230
4614,113,97,210
4614,140,161,301
4614,159,140,299
4614,231,255,486
4614,156,142,298
4614,104,95,199
4614,154,140,294
4614,177,141,318
4614,158,148,306
4614,116,135,251
4614,160,140,300
4614,117,131,248
4614,100,85,185
4614,155,154,309
4614,234,247,481
4614,100,85,185
4614,179,165,344
4614,151,126,277
4614,154,140,294
4614,132,106,238
4614,173,127,300
4614,128,118,246
4614,117,132,249
4614,125,151,276
4614,107,146,253
4614,128,118,246
4614,102,102,204
4614,216,231,447
4614,156,129,285
4614,139,157,296
4614,137,123,260
4614,198,197,395
4614,159,173,332
4614,120,137,257
4614,161,180,341
4614,172,140,312
4615,177,141,318
4615,167,139,306
4615,170,145,315
4615,163,171,334
4615,180,172,352
4615,229,254,483
4615,144,123,267
4615,195,203,398
4615,100,102,202
4615,264,233,497
4615,149,112,261
4615,100,85,185
4615,125,116,241
4615,150,138,288
4615,141,110,251
4615,158,131,289
4615,192,163,355
4615,120,138,258
4615,168,153,321
4615,87,100,187
4615,140,131,271
4615,165,198,363
4615,119,135,254
4615,106,126,232
4615,156,140,296
4615,114,96,210
4615,107,95,202
4615,159,129,288
4615,149,148,297
4615,145,126,271
4615,139,166,305
4615,106,144,250
4615,100,85,185
4615,149,152,301
4615,136,109,245
4615,159,142,301
4615,217,229,446
4615,156,140,296
4615,125,116,241
4616,152,139,291
4616,139,123,262
4616,108,152,260
4616,148,124,272
4616,120,127,247
4616,101,86,187
4616,174,127,301
4616,156,140,296
4616,234,252,486
4616,164,135,299
4616,157,159,316
4616,120,100,220
4616,117,133,250
4616,134,107,241
4616,152,139,291
4616,127,154,281
4616,177,127,304
4616,109,134,243
4616,105,95,200
4616,135,150,285
4616,144,163,307
4616,220,241,461
4616,101,86,187
4616,87,99,186
4616,116,133,249
4616,161,180,341
4616,151,148,299
4616,177,170,347
4616,169,143,312
4616,104,112,216
4616,192,199,391
4616,118,137,255
4616,139,123,262
4616,168,139,307
4616,159,151,310
4616,142,165,307
4616,159,142,301
4616,227,253,480
4616,186,160,346
4617,249,231,480
4617,107,135,242
4617,144,137,281
4617,250,229,479
4617,175,126,301
4617,153,152,305
4617,108,149,257
4617,165,138,303
4617,171,141,312
4617,178,161,339
4617,144,113,257
4617,154,159,313
4617,162,141,303
4617,124,151,275
4617,168,127,295
4617,189,170,359
4617,101,95,196
4617,138,164,302
4617,105,115,220
4617,88,102,190
4617,120,100,220
4617,113,138,251
4617,174,146,320
4617,105,85,190
4617,105,85,190
4617,162,141,303
4617,113,138,251
4617,115,133,248
4617,162,166,328
4617,161,145,306
4617,194,204,398
4617,141,123,264
4617,231,240,471
4617,117,132,249
4617,163,134,297
4617,121,136,257
4617,171,154,325
4617,114,126,240
4617,163,130,293
4618,106,111,217
4618,180,162,342
4618,132,139,271
4618,159,131,290
4618,190,172,362
4618,122,137,259
4618,150,133,283
4618,251,231,482
4618,108,134,242
4618,83,95,178
4618,152,139,291
4618,163,149,312
4618,116,129,245
4618,140,135,275
4618,170,146,316
4618,160,159,319
4618,109,149,258
4618,113,143,256
4618,152,138,290
4618,140,166,306
4618,151,113,264
4618,169,125,294
4618,192,202,394
4618,139,123,262
4618,103,95,198
4618,107,111,218
4618,151,128,279
4618,153,155,308
4618,121,101,222
4618,177,144,321
4618,231,243,474
4618,152,138,290
4618,169,126,295
4618,119,139,258
4618,240,223,463
4618,103,85,188
4618,103,85,188
4618,158,169,327
4618,113,143,256
4619,107,108,215
4619,113,143,256
4619,157,148,305
4619,160,164,324
4619,194,173,367
4619,112,99,211
4619,121,138,259
4619,161,142,303
4619,226,233,459
4619,113,143,256
4619,148,114,262
4619,187,146,333
4619,147,125,272
4619,139,165,304
4619,159,131,290
4619,122,100,222
4619,91,113,204
4619,184,161,345
4619,167,127,294
4619,118,134,252
4619,110,89,199
4619,109,124,233
4619,113,113,226
4619,194,201,395
4619,151,128,279
4619,252,232,484
4619,134,135,269
4619,110,139,249
4619,145,135,280
4619,156,142,298
4619,134,135,269
4619,230,221,451
4619,117,135,252
4619,156,161,317
4619,154,118,272
4619,158,137,295
4619,158,164,322
4619,110,89,199
4619,107,146,253
4620,164,136,300
4620,246,231,477
4620,180,131,311
4620,155,142,297
4620,107,95,202
4620,134,135,269
4620,115,125,240
4620,166,134,300
4620,116,149,265
4620,153,151,304
4620,121,139,260
4620,181,161,342
4620,134,135,269
4620,142,124,266
4620,119,133,252
4620,215,218,433
4620,143,140,283
4620,115,127,242
4620,104,95,199
4620,205,176,381
4620,138,163,301
4620,106,120,226
4620,162,173,335
4620,105,140,245
4620,116,149,265
4620,161,179,340
4620,195,202,397
4620,90,108,198
4620,225,221,446
4620,140,132,272
4620,120,136,256
4620,107,109,216
4620,118,91,209
4620,165,143,308
4620,118,91,209
4620,169,154,323
4620,107,134,241
4620,162,121,283
4620,158,128,286
4621,122,136,258
4621,106,118,224
4621,114,88,202
4621,171,156,327
4621,136,150,286
4621,147,164,311
4621,147,140,287
4621,138,165,303
4621,141,136,277
4621,114,88,202
4621,201,174,375
4621,170,143,313
4621,156,150,306
4621,251,225,476
4621,199,215,414
4621,106,105,211
4621,110,133,243
4621,155,121,276
4621,103,98,201
4621,121,136,257
4621,147,140,287
4621,154,128,282
4621,150,150,300
4621,131,143,274
4621,255,233,488
4621,121,136,257
4621,212,224,436
4621,173,154,327
4621,109,95,204
4621,164,190,354
4621,116,129,245
4621,163,139,302
4621,110,139,249
4621,146,134,280
4621,103,131,234
4621,110,133,243
4621,91,109,200
4621,166,126,292
4621,114,123,237
4622,111,87,198
4622,148,148,296
4622,181,169,350
4622,103,123,226
4622,145,125,270
4622,167,125,292
4622,120,137,257
4622,101,95,196
4622,175,143,318
4622,111,87,198
4622,157,151,308
4622,120,142,262
4622,135,149,284
4622,168,152,320
4622,212,224,436
4622,113,139,252
4622,118,135,253
4622,177,146,323
4622,118,134,252
4622,151,140,291
4622,148,135,283
4622,106,142,248
4622,104,112,216
4622,113,139,252
4622,151,140,291
4622,142,161,303
4622,251,231,482
4622,158,153,311
4622,165,190,355
4622,160,152,312
4622,123,148,271
4622,107,101,208
4622,133,153,286
4622,197,209,406
4622,223,234,457
4622,145,146,291
4622,105,102,207
4622,130,136,266
4622,89,107,196
4623,177,157,334
4623,195,173,368
4623,222,233,455
4623,110,98,208
4623,127,138,265
4623,215,244,459
4623,105,138,243
4623,142,113,255
4623,153,141,294
4623,196,205,401
4623,108,106,214
4623,156,150,306
4623,186,171,357
4623,111,86,197
4623,175,128,303
4623,150,154,304
4623,111,86,197
4623,94,113,207
4623,118,96,214
4623,167,154,321
4623,106,121,227
4623,249,231,480
4623,122,142,264
4623,140,167,307
4623,136,164,300
4623,153,141,294
4623,143,143,286
4623,171,126,297
4623,126,127,253
4623,110,137,247
4623,119,129,248
4623,110,137,247
4623,136,154,290
4623,121,145,266
4623,100,110,210
4623,171,142,313
4623,182,144,326
4623,147,126,273
4623,154,137,291
4624,110,135,245
4624,169,125,294
4624,101,109,210
4624,255,233,488
4624,104,85,189
4624,185,171,356
4624,110,135,245
4624,150,151,301
4624,250,225,475
4624,152,139,291
4624,131,139,270
4624,145,146,291
4624,104,119,223
4624,187,172,359
4624,136,166,302
4624,124,145,269
4624,176,142,318
4624,144,125,269
4624,162,140,302
4624,119,141,260
4624,104,85,189
4624,104,132,236
4624,160,144,304
4624,120,136,256
4624,142,170,312
4624,176,129,305
4624,117,102,219
4624,140,112,252
4624,162,153,315
4624,198,207,405
4624,136,150,286
4624,183,158,341
4624,112,97,209
4624,109,112,221
4624,160,144,304
4624,164,147,311
4624,215,235,450
4624,89,105,194
4624,134,127,261
4625,147,151,298
4625,167,142,309
4625,116,96,212
4625,162,143,305
4625,157,138,295
4625,115,140,255
4625,100,103,203
4625,198,203,401
4625,162,143,305
4625,214,239,453
4625,129,143,272
4625,111,119,230
4625,159,153,312
4625,136,146,282
4625,158,183,341
4625,105,124,229
4625,148,147,295
4625,127,105,232
4625,120,135,255
4625,120,137,257
4625,157,147,304
4625,146,181,327
4625,177,143,320
4625,129,122,251
4625,179,167,346
4625,115,129,244
4625,161,158,319
4625,91,109,200
4625,155,128,283
4625,115,132,247
4625,140,110,250
4625,105,135,240
4625,107,85,192
4625,107,85,192
4625,231,209,440
4625,229,257,486
4625,149,156,305
4625,176,168,344
4625,115,140,255
4626,175,171,346
4626,151,137,288
4626,121,139,260
4626,149,195,344
4626,149,158,307
4626,136,162,298
4626,167,141,308
4626,128,128,256
4626,141,123,264
4626,178,145,323
4626,226,248,474
4626,161,123,284
4626,150,152,302
4626,109,96,205
4626,116,132,248
4626,103,83,186
4626,164,165,329
4626,117,139,256
4626,93,114,207
4626,159,140,299
4626,119,134,253
4626,118,144,262
4626,101,101,202
4626,211,229,440
4626,168,150,318
4626,107,137,244
4626,105,129,234
4626,156,178,334
4626,112,122,234
4626,179,169,348
4626,159,140,299
4626,143,110,253
4626,117,139,256
4626,205,230,435
4626,137,151,288
4626,147,153,300
4626,115,100,215
4626,103,83,186
4627,136,149,285
4627,118,142,260
4627,149,166,315
4627,102,103,205
4627,174,168,342
4627,92,119,211
4627,108,84,192
4627,203,225,428
4627,166,173,339
4627,118,136,254
4627,138,123,261
4627,134,139,273
4627,169,139,308
4627,119,130,249
4627,121,142,263
4627,112,99,211
4627,146,143,289
4627,134,109,243
4627,104,123,227
4627,158,182,340
4627,176,153,329
4627,109,95,204
4627,178,176,354
4627,109,111,220
4627,229,255,484
4627,131,146,277
4627,156,140,296
4627,155,140,295
4627,155,140,295
4627,210,221,431
4627,108,143,251
4627,149,194,343
4627,170,124,294
4627,116,136,252
4627,150,159,309
4627,108,84,192
4627,116,136,252
4627,155,169,324
4628,171,168,339
4628,99,82,181
4628,108,101,209
4628,105,121,226
4628,120,128,248
4628,141,166,307
4628,169,125,294
4628,137,150,287
4628,100,102,202
4628,140,133,273
4628,115,124,239
4628,146,158,304
4628,118,133,251
4628,151,162,313
4628,131,138,269
4628,168,152,320
4628,101,99,200
4628,176,141,317
4628,137,111,248
4628,99,82,181
4628,150,138,288
4628,130,142,272
4628,161,157,318
4628,227,252,479
4628,106,96,202
4628,111,127,238
4628,109,146,255
4628,156,152,308
4628,163,175,338
4628,207,232,439
4628,120,151,271
4628,211,228,439
4628,150,194,344
4628,123,103,226
4628,145,125,270
4628,150,138,288
4628,177,175,352
4628,111,127,238
4629,255,232,487
4629,172,138,310
4629,128,108,236
4629,121,154,275
4629,172,126,298
4629,107,105,212
4629,161,149,310
4629,136,123,259
4629,112,128,240
4629,166,172,338
4629,148,153,301
4629,168,144,312
4629,99,103,202
4629,118,102,220
4629,163,129,292
4629,202,217,419
4629,122,134,256
4629,164,154,318
4629,210,221,431
4629,128,141,269
4629,173,168,341
4629,106,126,232
4629,170,143,313
4629,128,105,233
4629,137,122,259
4629,162,174,336
4629,118,123,241
4629,176,168,344
4629,112,128,240
4629,108,145,253
4629,101,97,198
4629,227,220,447
4629,133,141,274
4629,119,138,257
4629,145,179,324
4629,144,138,282
4629,99,87,186
4629,99,87,186
4629,144,138,282
4630,236,224,460
4630,114,142,256
4630,167,153,320
4630,108,141,249
4630,118,134,252
4630,135,138,273
4630,139,136,275
4630,147,183,330
4630,115,131,246
4630,202,218,420
4630,117,102,219
4630,180,170,350
4630,136,130,266
4630,115,131,246
4630,217,219,436
4630,161,176,337
4630,162,172,334
4630,138,105,243
4630,140,163,303
4630,139,136,275
4630,106,107,213
4630,98,85,183
4630,132,111,243
4630,166,145,311
4630,98,85,183
4630,222,228,450
4630,176,156,332
4630,169,183,352
4630,104,98,202
4630,120,138,258
4630,159,118,277
4630,132,136,268
4630,113,121,234
4630,157,142,299
4630,100,110,210
4630,136,121,257
4630,161,130,291
4630,102,116,218
4630,150,157,307
4631,156,162,318
4631,136,141,277
4631,112,100,212
4631,109,109,218
4631,153,166,319
4631,168,141,309
4631,194,173,367
4631,161,168,329
4631,142,139,281
4631,116,137,253
4631,152,139,291
4631,113,139,252
4631,108,100,208
4631,132,134,266
4631,132,134,266
4631,245,227,472
4631,98,83,181
4631,143,176,319
4631,148,145,293
4631,154,127,281
4631,163,172,335
4631,162,136,298
4631,204,225,429
4631,116,126,242
4631,98,83,181
4631,213,222,435
4631,106,140,246
4631,128,103,231
4631,218,230,448
4631,100,109,209
4631,117,129,246
4631,148,117,265
4631,154,152,306
4631,135,130,265
4631,116,137,253
4631,119,132,251
4631,134,113,247
4631,174,154,328
4631,102,105,207
4632,168,141,309
4632,200,224,424
4632,169,188,357
4632,101,83,184
4632,171,136,307
4632,122,100,222
4632,165,172,337
4632,167,132,299
4632,156,119,275
4632,116,132,248
4632,137,151,288
4632,110,110,220
4632,105,136,241
4632,142,114,256
4632,101,83,184
4632,188,173,361
4632,219,229,448
4632,157,162,319
4632,139,137,276
4632,109,100,209
4632,114,115,229
4632,133,131,264
4632,115,142,257
4632,145,140,285
4632,104,106,210
4632,245,230,475
4632,172,156,328
4632,215,225,440
4632,153,165,318
4632,121,142,263
4632,175,130,305
4632,112,99,211
4632,139,137,276
4632,100,110,210
4632,156,161,317
4632,116,132,248
4632,144,174,318
4632,149,137,286
4632,114,117,231
4633,103,84,187
4633,183,172,355
4633,120,138,258
4633,125,143,268
4633,151,137,288
4633,151,144,295
4633,132,150,282
4633,153,142,295
4633,132,150,282
4633,113,102,215
4633,141,164,305
4633,103,84,187
4633,219,245,464
4633,100,125,225
4633,138,113,251
4633,102,114,216
4633,187,156,343
4633,102,115,217
4633,117,123,240
4633,133,128,261
4633,153,117,270
4633,215,231,446
4633,119,136,255
4633,150,150,300
4633,165,177,342
4633,167,141,308
4633,119,136,255
4633,245,225,470
4633,149,160,309
4633,132,103,235
4633,114,117,231
4633,114,118,232
4633,201,213,414
4633,164,164,328
4633,171,142,313
4633,145,150,295
4633,110,98,208
4633,160,132,292
4633,137,154,291
4634,114,116,230
4634,163,120,283
4634,131,146,277
4634,165,173,338
4634,123,99,222
4634,99,122,221
4634,116,102,218
4634,144,114,258
4634,131,132,263
4634,196,208,404
4634,145,174,319
4634,111,135,246
4634,218,226,444
4634,148,156,304
4634,111,99,210
4634,118,138,256
4634,118,138,256
4634,236,223,459
4634,169,183,352
4634,131,146,277
4634,164,130,294
4634,109,89,198
4634,102,112,214
4634,120,135,255
4634,221,256,477
4634,158,152,310
4634,144,143,287
4634,180,140,320
4634,98,104,202
4634,121,134,255
4634,116,121,237
4634,149,132,281
4634,188,175,363
4634,143,140,283
4634,133,124,257
4634,154,147,301
4634,153,129,282
4634,109,89,198
4634,151,142,293
4635,141,141,282
4635,102,111,213
4635,122,141,263
4635,122,146,268
4635,162,151,313
4635,174,125,299
4635,229,214,443
4635,132,129,261
4635,114,116,230
4635,144,116,260
4635,119,97,216
4635,102,133,235
4635,184,172,356
4635,112,112,224
4635,145,164,309
4635,234,220,454
4635,137,151,288
4635,122,141,263
4635,219,250,469
4635,186,141,327
4635,120,92,212
4635,117,102,219
4635,149,134,283
4635,141,131,272
4635,157,130,287
4635,156,158,314
4635,165,156,321
4635,100,102,202
4635,129,139,268
4635,131,132,263
4635,120,92,212
4635,122,146,268
4635,171,195,366
4635,143,145,288
4635,201,201,402
4635,121,103,224
4635,129,139,268
4635,121,135,256
4635,168,174,342
4636,116,138,254
4636,119,135,254
4636,141,137,278
4636,200,199,399
4636,133,131,264
4636,146,132,278
4636,171,171,342
4636,113,110,223
4636,234,209,443
4636,114,89,203
4636,190,174,364
4636,139,138,277
4636,119,133,252
4636,153,165,318
4636,117,134,251
4636,127,135,262
4636,120,104,224
4636,142,138,280
4636,162,157,319
4636,140,120,260
4636,193,158,351
4636,123,102,225
4636,114,89,203
4636,190,147,337
4636,222,255,477
4636,166,129,295
4636,166,135,301
4636,113,113,226
4636,239,223,462
4636,177,159,336
4636,100,104,204
4636,133,111,244
4636,116,138,254
4636,99,108,207
4636,114,97,211
4636,100,130,230
4636,127,135,262
4636,144,146,290
4636,169,154,323
4637,95,128,223
4637,197,145,342
4637,199,198,397
4637,104,115,219
4637,139,155,294
4637,167,126,293
4637,118,91,209
4637,206,181,387
4637,126,134,260
4637,175,173,348
4637,139,140,279
4637,173,155,328
4637,98,124,222
4637,130,120,250
4637,246,222,468
4637,150,165,315
4637,187,161,348
4637,174,162,336
4637,172,151,323
4637,149,124,273
4637,146,134,280
4637,140,155,295
4637,115,121,236
4637,114,121,235
4637,125,109,234
4637,158,143,301
4637,154,142,296
4637,245,232,477
4637,126,129,255
4637,102,106,208
4637,114,134,248
4637,119,98,217
4637,126,129,255
4637,233,212,445
4637,118,91,209
4637,120,140,260
4637,126,134,260
4637,116,130,246
4637,112,103,215
4638,148,139,287
4638,119,132,251
4638,115,117,232
4638,169,125,294
4638,170,131,301
4638,166,154,320
4638,194,145,339
4638,121,139,260
4638,101,105,206
4638,139,157,296
4638,110,97,207
4638,122,106,228
4638,237,228,465
4638,137,146,283
4638,243,224,467
4638,115,141,256
4638,108,100,208
4638,138,139,277
4638,103,86,189
4638,117,102,219
4638,164,148,312
4638,173,171,344
4638,192,166,358
4638,114,120,234
4638,108,130,238
4638,128,129,257
4638,128,129,257
4638,153,137,290
4638,203,200,403
4638,131,149,280
4638,150,139,289
4638,131,149,280
4638,233,213,446
4638,186,203,389
4638,99,122,221
4638,103,86,189
4638,152,168,320
4638,136,122,258
4638,161,170,331
4639,106,86,192
4639,113,104,217
4639,188,163,351
4639,138,150,288
4639,121,140,261
4639,239,229,468
4639,243,206,449
4639,115,137,252
4639,120,126,246
4639,120,104,224
4639,141,134,275
4639,140,136,276
4639,106,86,192
4639,194,202,396
4639,175,126,301
4639,116,101,217
4639,154,175,329
4639,161,151,312
4639,175,170,345
4639,231,224,455
4639,158,140,298
4639,116,98,214
4639,137,155,292
4639,109,129,238
4639,184,199,383
4639,100,133,233
4639,124,136,260
4639,165,130,295
4639,112,113,225
4639,143,165,308
4639,124,136,260
4639,122,141,263
4639,189,142,331
4639,157,142,299
4639,120,126,246
4639,137,122,259
4639,102,107,209
4639,119,134,253
4639,165,153,318
4640,118,136,254
4640,168,130,298
4640,110,87,197
4640,168,182,350
4640,200,200,400
4640,127,133,260
4640,158,144,302
4640,181,190,371
4640,136,137,273
4640,185,164,349
4640,111,111,222
4640,139,152,291
4640,110,87,197
4640,145,182,327
4640,243,232,475
4640,138,154,292
4640,122,132,254
4640,117,96,213
4640,114,101,215
4640,158,181,339
4640,163,149,312
4640,113,135,248
4640,121,142,263
4640,165,153,318
4640,101,134,235
4640,119,105,224
4640,101,102,203
4640,145,147,292
4640,110,100,210
4640,235,225,460
4640,122,142,264
4640,137,123,260
4640,148,134,282
4640,136,137,273
4640,141,138,279
4640,198,146,344
4640,117,144,261
4640,252,195,447
4640,122,132,254
4641,222,254,476
4641,144,176,320
4641,105,111,216
4641,116,138,254
4641,140,151,291
4641,113,135,248
4641,124,99,223
4641,117,90,207
4641,143,125,268
4641,136,149,285
4641,117,133,250
4641,119,131,250
4641,250,194,444
4641,163,155,318
4641,115,126,241
4641,116,128,244
4641,137,143,280
4641,179,181,360
4641,171,155,326
4641,128,147,275
4641,137,139,276
4641,143,147,290
4641,111,101,212
4641,114,104,218
4641,137,139,276
4641,102,132,234
4641,236,226,462
4641,183,158,341
4641,173,149,322
4641,164,154,318
4641,134,129,263
4641,160,182,342
4641,117,90,207
4641,167,177,344
4641,137,133,270
4641,208,201,409
4641,141,139,280
4641,137,133,270
4641,114,100,214
4642,114,120,234
4642,253,193,446
4642,156,144,300
4642,212,204,416
4642,103,138,241
4642,114,128,242
4642,137,141,278
4642,135,169,304
4642,149,129,278
4642,163,161,324
4642,137,141,278
4642,114,91,205
4642,154,176,330
4642,118,129,247
4642,118,129,247
4642,144,175,319
4642,134,135,269
4642,144,154,298
4642,113,138,251
4642,114,91,205
4642,148,151,299
4642,185,160,345
4642,183,194,377
4642,157,131,288
4642,115,137,252
4642,107,112,219
4642,221,254,475
4642,115,103,218
4642,115,102,217
4642,111,93,204
4642,157,174,331
4642,164,168,332
4642,121,143,264
4642,141,139,280
4642,132,146,278
4642,109,99,208
4642,164,153,317
4642,226,222,448
4642,114,122,236
4643,152,155,307
4643,124,157,281
4643,160,185,345
4643,167,167,334
4643,133,138,271
4643,116,106,222
4643,161,144,305
4643,135,128,263
4643,160,144,304
4643,134,134,268
4643,222,224,446
4643,111,95,206
4643,100,86,186
4643,133,138,271
4643,221,207,428
4643,110,99,209
4643,103,137,240
4643,144,152,296
4643,106,98,204
4643,123,126,249
4643,139,111,250
4643,254,191,445
4643,138,111,249
4643,163,149,312
4643,130,130,260
4643,116,130,246
4643,123,153,276
4643,188,177,365
4643,157,131,288
4643,100,86,186
4643,109,118,227
4643,147,161,308
4643,116,135,251
4643,145,176,321
4643,158,130,288
4643,184,195,379
4643,243,231,474
4643,124,157,281
4643,160,128,288
4644,157,143,300
4644,133,103,236
4644,158,183,341
4644,131,116,247
4644,124,140,264
4644,179,173,352
4644,222,206,428
4644,185,194,379
4644,144,144,288
4644,164,152,316
4644,114,123,237
4644,135,137,272
4644,157,166,323
4644,136,148,284
4644,127,154,281
4644,226,232,458
4644,128,137,265
4644,255,192,447
4644,127,154,281
4644,132,112,244
4644,153,128,281
4644,128,137,265
4644,152,167,319
4644,146,110,256
4644,117,133,250
4644,96,86,182
4644,108,146,254
4644,169,178,347
4644,106,98,204
4644,245,234,479
4644,118,114,232
4644,111,122,233
4644,152,124,276
4644,148,183,331
4644,120,136,256
4644,160,147,307
4644,148,127,275
4644,96,86,182
4644,99,99,198
4645,114,111,225
4645,220,204,424
4645,123,121,244
4645,110,99,209
4645,98,91,189
4645,262,190,452
4645,133,144,277
4645,128,145,273
4645,120,134,254
4645,117,128,245
4645,110,150,260
4645,166,158,324
4645,218,252,470
4645,106,99,205
4645,198,180,378
4645,151,130,281
4645,183,161,344
4645,98,91,189
4645,178,149,327
4645,130,118,248
4645,136,137,273
4645,168,169,337
4645,143,171,314
4645,151,125,276
4645,151,127,278
4645,128,145,273
4645,211,178,389
4645,146,110,256
4645,121,128,249
4645,138,105,243
4645,113,140,253
4645,133,133,266
4645,160,179,339
4645,226,231,457
4645,117,137,254
4645,140,136,276
4645,123,121,244
4645,157,180,337
4645,112,126,238
4646,163,143,306
4646,150,113,263
4646,108,114,222
4646,133,137,270
4646,119,103,222
4646,124,137,261
4646,115,133,248
4646,221,248,469
4646,128,131,259
4646,115,115,230
4646,264,187,451
4646,116,106,222
4646,98,94,192
4646,148,124,272
4646,163,155,318
4646,146,175,321
4646,152,124,276
4646,150,127,277
4646,210,180,390
4646,119,132,251
4646,150,134,284
4646,162,177,339
4646,233,257,490
4646,144,137,281
4646,131,107,238
4646,127,110,237
4646,183,161,344
4646,106,100,206
4646,119,134,253
4646,98,94,192
4646,165,155,320
4646,154,130,284
4646,125,145,270
4646,172,198,370
4646,202,200,402
4646,115,115,230
4646,107,145,252
4646,124,137,261
4646,156,149,305
4647,118,103,221
4647,111,115,226
4647,131,142,273
4647,121,116,237
4647,139,141,280
4647,162,141,303
4647,154,166,320
4647,233,251,484
4647,149,138,287
4647,135,113,248
4647,160,130,290
4647,108,146,254
4647,114,136,250
4647,263,188,451
4647,149,132,281
4647,156,137,293
4647,158,146,304
4647,116,131,247
4647,103,99,202
4647,119,107,226
4647,222,252,474
4647,135,127,262
4647,144,111,255
4647,113,129,242
4647,114,136,250
4647,139,141,280
4647,98,92,190
4647,150,127,277
4647,157,184,341
4647,172,200,372
4647,148,180,328
4647,159,149,308
4647,149,123,272
4647,180,163,343
4647,144,106,250
4647,159,126,285
4647,193,199,392
4647,98,92,190
4647,195,174,369
4648,128,153,281
4648,119,115,234
4648,100,94,194
4648,116,139,255
4648,197,177,374
4648,114,104,218
4648,192,196,388
4648,142,141,283
4648,127,101,228
4648,252,232,484
4648,110,99,209
4648,117,135,252
4648,139,129,268
4648,113,120,233
4648,160,148,308
4648,101,102,203
4648,136,148,284
4648,158,130,288
4648,176,157,333
4648,145,126,271
4648,152,137,289
4648,149,193,342
4648,158,170,328
4648,258,233,491
4648,187,163,350
4648,155,140,295
4648,254,199,453
4648,111,140,251
4648,129,137,266
4648,142,141,283
4648,147,127,274
4648,157,140,297
4648,180,159,339
4648,107,146,253
4648,134,120,254
4648,134,120,254
4648,197,178,375
4648,100,94,194
4648,147,111,258
4649,151,144,295
4649,161,149,310
4649,157,133,290
4649,115,130,245
4649,171,154,325
4649,114,104,218
4649,164,154,318
4649,182,173,355
4649,99,91,190
4649,229,243,472
4649,146,133,279
4649,119,132,251
4649,133,149,282
4649,209,180,389
4649,144,125,269
4649,251,200,451
4649,236,228,464
4649,109,99,208
4649,193,197,390
4649,122,133,255
4649,109,148,257
4649,159,175,334
4649,143,156,299
4649,151,144,295
4649,140,124,264
4649,144,115,259
4649,137,145,282
4649,149,189,338
4649,150,128,278
4649,175,160,335
4649,99,91,190
4649,121,151,272
4649,117,134,251
4649,101,100,201
4649,164,144,308
4649,168,142,310
4649,107,133,240
4649,140,124,264
4649,133,127,260
4650,164,152,316
4650,120,133,253
4650,97,85,182
4650,110,114,224
4650,249,200,449
4650,166,141,307
4650,140,130,270
4650,130,124,254
4650,201,200,401
4650,163,154,317
4650,208,180,388
4650,138,125,263
4650,134,136,270
4650,104,117,221
4650,190,174,364
4650,146,126,272
4650,159,142,301
4650,133,136,269
4650,235,252,487
4650,127,120,247
4650,124,146,270
4650,185,159,344
4650,114,136,250
4650,149,190,339
4650,127,120,247
4650,143,115,258
4650,153,146,299
4650,117,123,240
4650,117,113,230
4650,97,85,182
4650,114,101,215
4650,154,129,283
4650,153,146,299
4650,183,164,347
4650,156,141,297
4650,120,156,276
4650,228,225,453
4650,104,110,214
4650,132,129,261
4651,199,178,377
4651,130,121,251
4651,146,111,257
4651,135,112,247
4651,143,160,303
4651,247,230,477
4651,166,183,349
4651,177,171,348
4651,106,122,228
4651,225,223,448
4651,142,126,268
4651,148,145,293
4651,172,146,318
4651,160,138,298
4651,135,140,275
4651,121,116,237
4651,191,198,389
4651,174,160,334
4651,122,157,279
4651,97,86,183
4651,158,165,323
4651,126,143,269
4651,148,159,307
4651,108,119,227
4651,97,86,183
4651,108,107,215
4651,115,133,248
4651,148,145,293
4651,173,154,327
4651,252,199,451
4651,113,105,218
4651,130,138,268
4651,121,116,237
4651,132,128,260
4651,130,124,254
4651,119,103,222
4651,119,130,249
4651,149,185,334
4651,144,141,285
4652,225,221,446
4652,142,132,274
4652,130,131,261
4652,250,201,451
4652,142,126,268
4652,161,145,306
4652,151,144,295
4652,130,121,251
4652,137,115,252
4652,143,113,256
4652,245,234,479
4652,131,140,271
4652,118,105,223
4652,104,109,213
4652,117,145,262
4652,99,95,194
4652,120,132,252
4652,130,121,251
4652,129,124,253
4652,185,161,346
4652,135,124,259
4652,117,137,254
4652,159,170,329
4652,154,203,357
4652,170,147,317
4652,106,102,208
4652,151,144,295
4652,115,132,247
4652,109,98,207
4652,121,128,249
4652,181,158,339
4652,197,200,397
4652,99,95,194
4652,180,174,354
4652,132,137,269
4652,135,144,279
4652,161,170,331
4652,188,205,393
4652,142,140,282
4653,226,222,448
4653,118,150,268
4653,101,99,200
4653,154,157,311
4653,145,127,272
4653,119,124,243
4653,147,152,299
4653,121,139,260
4653,186,161,347
4653,150,128,278
4653,107,97,204
4653,126,119,245
4653,120,120,240
4653,170,159,329
4653,138,113,251
4653,180,175,355
4653,168,129,297
4653,195,198,393
4653,180,175,355
4653,249,199,448
4653,151,143,294
4653,110,126,236
4653,114,105,219
4653,164,145,309
4653,112,98,210
4653,134,109,243
4653,151,143,294
4653,140,114,254
4653,134,130,264
4653,170,135,305
4653,246,233,479
4653,115,132,247
4653,132,149,281
4653,129,136,265
4653,169,188,357
4653,165,155,320
4653,149,192,341
4653,101,99,200
4653,126,119,245
4654,128,137,265
4654,157,146,303
4654,163,156,319
4654,120,117,237
4654,111,153,264
4654,163,149,312
4654,120,117,237
4654,157,181,338
4654,142,115,257
4654,110,122,232
4654,118,116,234
4654,121,134,255
4654,157,146,303
4654,138,128,266
4654,118,149,267
4654,112,109,221
4654,143,147,290
4654,120,126,246
4654,226,225,451
4654,114,133,247
4654,126,107,233
4654,244,203,447
4654,105,98,203
4654,102,101,203
4654,217,180,397
4654,147,188,335
4654,102,101,203
4654,158,161,319
4654,173,171,344
4654,172,134,306
4654,194,206,400
4654,150,126,276
4654,160,144,304
4654,171,191,362
4654,139,151,290
4654,228,230,458
4654,145,128,273
4654,117,138,255
4654,148,132,280
4655,219,225,444
4655,126,106,232
4655,254,215,469
4655,111,123,234
4655,162,127,289
4655,155,158,313
4655,180,201,381
4655,149,133,282
4655,106,113,219
4655,99,95,194
4655,99,95,194
4655,145,143,288
4655,151,145,296
4655,113,108,221
4655,119,151,270
4655,161,146,307
4655,124,148,272
4655,158,132,290
4655,138,130,268
4655,126,126,252
4655,147,184,331
4655,107,99,206
4655,215,183,398
4655,161,153,314
4655,139,112,251
4655,165,157,322
4655,192,165,357
4655,114,117,231
4655,151,145,296
4655,126,123,249
4655,142,156,298
4655,144,150,294
4655,128,138,266
4655,124,118,242
4655,228,233,461
4655,193,205,398
4655,144,117,261
4655,145,125,270
4655,124,118,242
4656,129,122,251
4656,164,157,321
4656,225,223,448
4656,203,226,429
4656,110,125,235
4656,115,108,223
4656,144,168,312
4656,110,122,232
4656,174,149,323
4656,148,144,292
4656,117,144,261
4656,148,144,292
4656,140,129,269
4656,116,101,217
4656,130,131,261
4656,222,225,447
4656,104,105,209
4656,130,141,271
4656,115,112,227
4656,126,125,251
4656,149,131,280
4656,185,211,396
4656,129,122,251
4656,133,126,259
4656,149,124,273
4656,162,179,341
4656,111,128,239
4656,154,166,320
4656,186,200,386
4656,253,215,468
4656,121,146,267
4656,114,113,227
4656,104,105,209
4656,167,156,323
4656,145,141,286
4656,162,127,289
4656,191,162,353
4656,123,146,269
4656,120,154,274
4657,116,115,231
4657,113,124,237
4657,230,234,464
4657,184,189,373
4657,167,179,346
4657,205,236,441
4657,107,111,218
4657,187,159,346
4657,121,106,227
4657,144,121,265
4657,109,121,230
4657,133,122,255
4657,115,100,215
4657,111,152,263
4657,131,122,253
4657,147,122,269
4657,122,117,239
4657,149,129,278
4657,149,159,308
4657,178,162,340
4657,135,132,267
4657,151,144,295
4657,173,148,321
4657,151,187,338
4657,155,125,280
4657,118,155,273
4657,128,126,254
4657,152,152,304
4657,98,90,188
4657,151,144,295
4657,98,90,188
4657,121,145,266
4657,160,147,307
4657,122,117,239
4657,223,223,446
4657,203,186,389
4657,239,227,466
4657,116,120,236
4657,134,150,284
4658,131,122,253
4658,107,145,252
4658,142,143,285
4658,137,121,258
4658,128,125,253
4658,99,90,189
4658,180,160,340
4658,157,125,282
4658,168,148,316
4658,142,143,285
4658,99,90,189
4658,131,122,253
4658,249,219,468
4658,198,184,382
4658,139,132,271
4658,203,228,431
4658,144,120,264
4658,114,100,214
4658,135,150,285
4658,221,228,449
4658,161,145,306
4658,124,156,280
4658,139,130,269
4658,113,128,241
4658,152,131,283
4658,150,165,315
4658,121,132,253
4658,114,111,225
4658,113,106,219
4658,153,171,324
4658,118,149,267
4658,135,152,287
4658,230,231,461
4658,165,182,347
4658,151,189,340
4658,184,183,367
4658,102,108,210
4658,154,153,307
4658,110,121,231
4659,193,161,354
4659,251,216,467
4659,174,149,323
4659,167,127,294
4659,101,95,196
4659,112,115,227
4659,150,166,316
4659,162,146,308
4659,105,104,209
4659,124,160,284
4659,140,162,302
4659,112,121,233
4659,112,115,227
4659,120,142,262
4659,234,227,461
4659,156,146,302
4659,109,99,208
4659,189,191,380
4659,135,122,257
4659,151,151,302
4659,229,219,448
4659,152,167,319
4659,113,107,220
4659,132,103,235
4659,132,132,264
4659,132,129,261
4659,156,146,302
4659,149,134,283
4659,156,130,286
4659,116,135,251
4659,173,158,331
4659,129,137,266
4659,153,189,342
4659,204,187,391
4659,108,142,250
4659,117,107,224
4659,101,95,196
4659,134,117,251
4659,224,208,432
4660,137,156,293
4660,113,114,227
4660,145,156,301
4660,165,157,322
4660,128,119,247
4660,122,109,231
4660,126,169,295
4660,131,106,237
4660,139,150,289
4660,154,176,330
4660,111,129,240
4660,109,148,257
4660,114,110,224
4660,158,145,303
4660,229,218,447
4660,127,115,242
4660,135,105,240
4660,133,133,266
4660,108,105,213
4660,222,208,430
4660,141,122,263
4660,164,159,323
4660,133,153,286
4660,172,164,336
4660,211,189,400
4660,148,134,282
4660,235,229,464
4660,158,145,303
4660,106,98,204
4660,154,132,286
4660,247,221,468
4660,173,150,323
4660,146,129,275
4660,189,193,382
4660,171,153,324
4660,113,114,227
4660,102,98,200
4660,178,173,351
4660,102,98,200
4661,227,255,482
4661,106,117,223
4661,144,110,254
4661,125,114,239
4661,235,221,456
4661,136,130,266
4661,103,103,206
4661,108,104,212
4661,106,146,252
4661,131,126,257
4661,154,143,297
4661,156,145,301
4661,129,109,238
4661,101,97,198
4661,129,121,250
4661,187,191,378
4661,175,158,333
4661,103,103,206
4661,117,115,232
4661,122,152,274
4661,115,135,250
4661,142,154,296
4661,161,134,295
4661,213,190,403
4661,168,163,331
4661,150,142,292
4661,154,195,349
4661,156,144,300
4661,114,131,245
4661,222,208,430
4661,243,226,469
4661,156,145,301
4661,144,153,297
4661,132,134,266
4661,106,117,223
4661,168,164,332
4661,132,142,274
4661,175,160,335
4661,149,129,278
4662,104,103,207
4662,97,89,186
4662,186,157,343
4662,167,157,324
4662,168,162,330
4662,180,169,349
4662,127,132,259
4662,123,149,272
4662,106,117,223
4662,165,133,298
4662,164,157,321
4662,97,89,186
4662,151,141,292
4662,129,123,252
4662,145,142,287
4662,246,224,470
4662,89,92,181
4662,180,177,357
4662,134,138,272
4662,225,222,447
4662,133,107,240
4662,134,129,263
4662,106,117,223
4662,253,226,479
4662,207,199,406
4662,116,115,231
4662,145,142,287
4662,138,113,251
4662,137,147,284
4662,133,106,239
4662,167,147,314
4662,131,117,248
4662,117,144,261
4662,109,153,262
4662,191,181,372
4662,149,153,302
4662,127,117,244
4662,119,108,227
4662,158,133,291
4663,184,183,367
4663,253,234,487
4663,232,250,482
4663,162,184,346
4663,132,129,261
4663,139,157,296
4663,88,92,180
4663,244,225,469
4663,129,143,272
4663,162,148,310
4663,122,108,230
4663,135,117,252
4663,108,152,260
4663,103,104,207
4663,135,140,275
4663,99,86,185
4663,121,139,260
4663,135,121,256
4663,112,105,217
4663,173,175,348
4663,142,108,250
4663,171,169,340
4663,170,172,342
4663,132,121,253
4663,163,135,298
4663,127,102,229
4663,208,215,423
4663,140,148,288
4663,161,156,317
4663,158,144,302
4663,152,140,292
4663,144,142,286
4663,144,142,286
4663,131,112,243
4663,99,86,185
4663,108,124,232
4663,148,131,279
4663,108,124,232
4663,181,177,358
4664,130,158,288
4664,162,131,293
4664,104,104,208
4664,157,139,296
4664,176,184,360
4664,109,119,228
4664,130,158,288
4664,161,133,294
4664,153,150,303
4664,200,148,348
4664,174,180,354
4664,162,171,333
4664,162,133,295
4664,184,185,369
4664,221,249,470
4664,211,221,432
4664,149,140,289
4664,133,111,244
4664,135,119,254
4664,107,146,253
4664,102,86,188
4664,102,86,188
4664,238,230,468
4664,139,108,247
4664,155,145,300
4664,187,161,348
4664,90,98,188
4664,190,167,357
4664,130,107,237
4664,114,109,223
4664,149,142,291
4664,103,102,205
4664,230,253,483
4664,135,125,260
4664,137,159,296
4664,124,148,272
4664,109,119,228
4664,120,112,232
4664,138,141,279
4665,108,113,221
4665,161,189,350
4665,111,122,233
4665,143,128,271
4665,196,212,408
4665,132,145,277
4665,204,207,411
4665,219,241,460
4665,196,162,358
4665,178,168,346
4665,142,139,281
4665,126,111,237
4665,122,145,267
4665,131,114,245
4665,152,136,288
4665,104,140,244
4665,99,91,190
4665,99,91,190
4665,93,110,203
4665,149,165,314
4665,147,129,276
4665,156,145,301
4665,127,148,275
4665,119,107,226
4665,247,231,478
4665,134,131,265
4665,116,113,229
4665,118,127,245
4665,127,148,275
4665,170,140,310
4665,149,142,291
4665,172,161,333
4665,239,229,468
4665,157,159,316
4665,150,154,304
4665,108,113,221
4665,193,148,341
4665,120,121,241
4665,114,107,221
4666,118,124,242
4666,108,148,256
4666,99,96,195
4666,112,104,216
4666,148,140,288
4666,139,131,270
4666,129,113,242
4666,99,96,195
4666,150,166,316
4666,188,171,359
4666,125,112,237
4666,121,116,237
4666,208,205,413
4666,150,146,296
4666,151,127,278
4666,133,133,266
4666,134,146,280
4666,134,119,253
4666,183,176,359
4666,175,178,353
4666,94,110,204
4666,152,150,302
4666,184,150,334
4666,158,145,303
4666,106,116,222
4666,124,148,272
4666,129,110,239
4666,161,146,307
4666,250,228,478
4666,222,245,467
4666,108,115,223
4666,152,163,315
4666,151,133,284
4666,175,185,360
4666,136,151,287
4666,108,115,223
4666,119,120,239
4666,235,231,466
4666,124,148,272
4667,148,141,289
4667,112,125,237
4667,134,131,265
4667,125,146,271
4667,131,128,259
4667,112,143,255
4667,174,182,356
4667,146,132,278
4667,127,115,242
4667,149,167,316
4667,253,234,487
4667,161,143,304
4667,107,114,221
4667,187,179,366
4667,134,144,278
4667,120,133,253
4667,125,146,271
4667,130,124,254
4667,169,167,336
4667,200,176,376
4667,119,123,242
4667,119,106,225
4667,129,125,254
4667,98,87,185
4667,98,87,185
4667,111,103,214
4667,138,158,296
4667,92,105,197
4667,116,116,232
4667,107,114,221
4667,146,141,287
4667,155,129,284
4667,247,227,474
4667,240,230,470
4667,155,152,307
4667,219,210,429
4667,155,168,323
4667,164,145,309
4667,137,141,278
4668,119,122,241
4668,109,137,246
4668,118,127,245
4668,99,90,189
4668,186,194,380
4668,107,111,218
4668,237,233,470
4668,109,115,224
4668,158,138,296
4668,151,166,317
4668,95,109,204
4668,245,228,473
4668,165,156,321
4668,130,127,257
4668,159,147,306
4668,149,145,294
4668,202,168,370
4668,167,143,310
4668,121,134,255
4668,128,119,247
4668,112,130,242
4668,173,173,346
4668,159,144,303
4668,151,171,322
4668,194,169,363
4668,141,147,288
4668,160,129,289
4668,118,121,239
4668,118,118,236
4668,130,116,246
4668,123,149,272
4668,136,150,286
4668,218,208,426
4668,238,233,471
4668,172,146,318
4668,121,134,255
4668,99,90,189
4668,112,130,242
4668,131,127,258
4669,114,117,231
4669,132,135,267
4669,155,171,326
4669,168,146,314
4669,154,148,302
4669,205,237,442
4669,117,135,252
4669,164,147,311
4669,123,123,246
4669,130,118,248
4669,236,225,461
4669,92,103,195
4669,159,139,298
4669,119,122,241
4669,117,135,252
4669,108,114,222
4669,101,94,195
4669,150,126,276
4669,170,130,300
4669,180,160,340
4669,152,129,281
4669,174,176,350
4669,191,167,358
4669,154,191,345
4669,175,142,317
4669,137,138,275
4669,138,153,291
4669,250,227,477
4669,104,103,207
4669,101,94,195
4669,120,132,252
4669,198,184,382
4669,155,143,298
4669,107,133,240
4669,226,229,455
4669,118,123,241
4669,121,113,234
4669,132,135,267
4669,182,166,348
4670,124,131,255
4670,150,122,272
4670,142,143,285
4670,106,111,217
4670,135,137,272
4670,250,229,479
4670,135,137,272
4670,143,125,268
4670,179,171,350
4670,134,165,299
4670,140,144,284
4670,103,101,204
4670,142,125,267
4670,145,122,267
4670,105,125,230
4670,180,149,329
4670,153,170,323
4670,116,121,237
4670,119,119,238
4670,145,122,267
4670,191,163,354
4670,189,198,387
4670,144,146,290
4670,252,223,475
4670,171,140,311
4670,129,117,246
4670,117,108,225
4670,167,158,325
4670,117,119,236
4670,92,103,195
4670,219,209,428
4670,224,239,463
4670,161,139,300
4670,165,133,298
4670,104,111,215
4670,167,176,343
4670,103,101,204
4670,173,159,332
4670,125,114,239
4671,116,109,225
4671,118,145,263
4671,253,223,476
4671,118,128,246
4671,180,161,341
4671,252,236,488
4671,139,138,277
4671,150,148,298
4671,157,141,298
4671,171,142,313
4671,164,154,318
4671,169,178,347
4671,137,154,291
4671,203,177,380
4671,133,124,257
4671,119,112,231
4671,187,152,339
4671,118,145,263
4671,111,109,220
4671,133,123,256
4671,104,116,220
4671,202,202,404
4671,126,137,263
4671,103,99,202
4671,102,96,198
4671,144,140,284
4671,109,134,243
4671,190,201,391
4671,143,133,276
4671,169,157,326
4671,130,125,255
4671,144,140,284
4671,89,95,184
4671,252,226,478
4671,151,168,319
4671,146,129,275
4671,102,96,198
4671,106,104,210
4671,135,161,296
4672,206,181,387
4672,117,111,228
4672,128,154,282
4672,118,110,228
4672,160,128,288
4672,131,151,282
4672,173,143,316
4672,132,141,273
4672,129,131,260
4672,105,121,226
4672,113,135,248
4672,133,126,259
4672,173,180,353
4672,103,117,220
4672,90,98,188
4672,243,225,468
4672,233,210,443
4672,101,92,193
4672,158,156,314
4672,130,141,271
4672,111,101,212
4672,111,106,217
4672,113,135,248
4672,132,121,253
4672,136,138,274
4672,186,158,344
4672,159,144,303
4672,158,183,341
4672,127,173,300
4672,136,140,276
4672,199,169,368
4672,115,119,234
4672,155,150,305
4672,250,226,476
4672,136,138,274
4672,212,188,400
4672,117,118,235
4672,249,238,487
4672,101,92,193
4673,129,122,251
4673,161,144,305
4673,215,187,402
4673,116,117,233
4673,131,135,266
4673,105,99,204
4673,91,103,194
4673,106,123,229
4673,135,129,264
4673,155,174,329
4673,123,133,256
4673,153,151,304
4673,202,226,428
4673,183,145,328
4673,99,86,185
4673,211,173,384
4673,163,172,335
4673,120,150,270
4673,99,86,185
4673,232,259,491
4673,133,139,272
4673,113,105,218
4673,133,149,282
4673,149,123,272
4673,182,197,379
4673,181,164,345
4673,120,150,270
4673,192,163,355
4673,114,110,224
4673,120,122,242
4673,234,223,457
4673,128,145,273
4673,133,139,272
4673,119,129,248
4673,119,109,228
4673,128,169,297
4673,252,226,478
4673,133,125,258
4673,112,105,217
4674,124,129,253
4674,225,236,461
4674,195,167,362
4674,128,168,296
4674,112,106,218
4674,175,141,316
4674,147,132,279
4674,110,133,243
4674,132,116,248
4674,123,150,273
4674,114,111,225
4674,185,161,346
4674,139,138,277
4674,114,102,216
4674,198,218,416
4674,157,170,327
4674,117,121,238
4674,141,166,307
4674,203,175,378
4674,139,138,277
4674,169,149,318
4674,194,185,379
4674,119,120,239
4674,179,163,342
4674,139,128,267
4674,223,222,445
4674,129,125,254
4674,145,127,272
4674,103,88,191
4674,110,120,230
4674,253,226,479
4674,107,112,219
4674,123,150,273
4674,107,104,211
4674,158,168,326
4674,103,88,191
4674,160,167,327
4674,133,150,283
4674,97,113,210
4675,114,105,219
4675,192,186,378
4675,97,112,209
4675,139,129,268
4675,167,131,298
4675,161,143,304
4675,109,102,211
4675,156,176,332
4675,255,224,479
4675,155,155,310
4675,136,126,262
4675,141,114,255
4675,107,89,196
4675,224,225,449
4675,133,116,249
4675,170,137,307
4675,232,255,487
4675,202,172,374
4675,131,151,282
4675,155,148,303
4675,136,168,304
4675,172,159,331
4675,134,146,280
4675,117,109,226
4675,117,122,239
4675,198,209,407
4675,131,151,282
4675,155,155,310
4675,103,115,218
4675,120,132,252
4675,110,117,227
4675,114,146,260
4675,187,168,355
4675,169,181,350
4675,123,137,260
4675,148,127,275
4675,107,89,196
4675,114,146,260
4675,111,119,230
4676,111,124,235
4676,196,168,364
4676,137,168,305
4676,127,107,234
4676,160,173,333
4676,125,139,264
4676,187,170,357
4676,150,141,291
4676,140,124,264
4676,165,138,303
4676,194,203,397
4676,136,128,264
4676,113,130,243
4676,161,136,297
4676,111,105,216
4676,123,131,254
4676,95,114,209
4676,113,92,205
4676,228,248,476
4676,154,155,309
4676,120,134,254
4676,133,137,270
4676,107,116,223
4676,159,143,302
4676,156,148,304
4676,164,171,335
4676,109,100,209
4676,198,212,410
4676,125,139,264
4676,121,120,241
4676,129,120,249
4676,133,123,256
4676,113,92,205
4676,154,175,329
4676,119,136,255
4676,129,120,249
4676,161,173,334
4676,224,223,447
4676,229,245,474
4677,223,226,449
4677,111,120,231
4677,196,200,396
4677,101,122,223
4677,182,190,372
4677,162,154,316
4677,187,190,377
4677,140,144,284
4677,160,146,306
4677,141,129,270
4677,180,180,360
4677,121,139,260
4677,258,243,501
4677,114,134,248
4677,186,183,369
4677,110,90,200
4677,163,181,344
4677,110,90,200
4677,134,139,273
4677,171,140,311
4677,114,115,229
4677,124,132,256
4677,116,134,250
4677,150,146,296
4677,120,134,254
4677,129,119,248
4677,127,142,269
4677,133,129,262
4677,129,119,248
4677,129,171,300
4677,125,138,263
4677,225,230,455
4677,163,176,339
4677,135,126,261
4677,127,142,269
4677,134,155,289
4677,157,171,328
4677,108,101,209
4677,132,110,242
4678,194,209,403
4678,135,128,263
4678,130,164,294
4678,100,125,225
4678,136,140,276
4678,104,113,217
4678,132,137,269
4678,126,133,259
4678,121,135,256
4678,161,156,317
4678,191,164,355
4678,123,142,265
4678,183,191,374
4678,143,109,252
4678,137,124,261
4678,170,135,305
4678,146,121,267
4678,178,150,328
4678,117,93,210
4678,162,173,335
4678,204,230,434
4678,122,121,243
4678,114,122,236
4678,115,115,230
4678,115,115,230
4678,168,146,314
4678,143,143,286
4678,122,138,260
4678,107,115,222
4678,145,138,283
4678,126,133,259
4678,225,236,461
4678,232,256,488
4678,158,190,348
4678,228,228,456
4678,178,177,355
4678,135,111,246
4678,117,93,210
4678,165,175,340
4679,167,146,313
4679,131,143,274
4679,170,130,300
4679,130,136,266
4679,115,129,244
4679,192,165,357
4679,232,213,445
4679,144,114,258
4679,141,138,279
4679,129,162,291
4679,113,137,250
4679,116,127,243
4679,113,92,205
4679,176,167,343
4679,161,145,306
4679,182,184,366
4679,147,160,307
4679,166,178,344
4679,225,233,458
4679,109,99,208
4679,148,120,268
4679,189,198,387
4679,168,148,316
4679,171,186,357
4679,119,120,239
4679,227,212,439
4679,97,112,209
4679,119,123,242
4679,142,152,294
4679,119,123,242
4679,134,138,272
4679,225,247,472
4679,113,92,205
4679,141,138,279
4679,162,132,294
4679,122,133,255
4679,156,135,291
4679,107,109,216
4679,159,197,356
4680,144,142,286
4680,166,139,305
4680,176,176,352
4680,115,114,229
4680,169,137,306
4680,117,126,243
4680,170,185,355
4680,224,210,434
4680,133,135,268
4680,107,116,223
4680,137,155,292
4680,202,223,425
4680,194,164,358
4680,143,146,289
4680,232,259,491
4680,123,122,245
4680,191,189,380
4680,93,100,193
4680,110,125,235
4680,105,89,194
4680,168,176,344
4680,113,121,234
4680,135,136,271
4680,161,174,335
4680,245,231,476
4680,105,89,194
4680,134,126,260
4680,130,165,295
4680,117,126,243
4680,156,133,289
4680,158,187,345
4680,154,137,291
4680,162,145,307
4680,135,136,271
4680,176,163,339
4680,143,123,266
4680,121,102,223
4680,133,148,281
4680,110,122,232
4681,108,105,213
4681,118,146,264
4681,141,157,298
4681,126,123,249
4681,221,219,440
4681,150,144,294
4681,162,135,297
4681,99,90,189
4681,177,139,316
4681,207,226,433
4681,175,158,333
4681,116,124,240
4681,149,141,290
4681,184,181,365
4681,165,140,305
4681,167,177,344
4681,229,232,461
4681,148,177,325
4681,135,120,255
4681,109,124,233
4681,110,102,212
4681,154,127,281
4681,118,146,264
4681,149,140,289
4681,165,160,325
4681,229,243,472
4681,99,90,189
4681,99,110,209
4681,156,165,321
4681,185,168,353
4681,143,127,270
4681,172,147,319
4681,118,140,258
4681,106,105,211
4681,116,115,231
4681,149,140,289
4681,137,120,257
4681,210,194,404
4681,137,130,267
4682,186,170,356
4682,242,233,475
4682,179,152,331
4682,109,102,211
4682,101,99,200
4682,142,137,279
4682,139,142,281
4682,161,129,290
4682,105,121,226
4682,174,151,325
4682,149,129,278
4682,224,196,420
4682,181,178,359
4682,175,138,313
4682,185,164,349
4682,117,120,237
4682,126,140,266
4682,119,131,250
4682,143,133,276
4682,176,131,307
4682,142,137,279
4682,226,226,452
4682,134,135,269
4682,117,120,237
4682,203,221,424
4682,120,108,228
4682,163,168,331
4682,145,141,286
4682,101,99,200
4682,142,158,300
4682,137,127,264
4682,164,160,324
4682,223,222,445
4682,133,126,259
4682,124,110,234
4682,155,185,340
4682,106,115,221
4682,148,126,274
4682,115,122,237
4683,110,112,222
4683,120,133,253
4683,167,190,357
4683,181,169,350
4683,226,198,424
4683,107,125,232
4683,144,142,286
4683,101,101,202
4683,116,140,256
4683,135,126,261
4683,221,221,442
4683,187,164,351
4683,132,137,269
4683,159,156,315
4683,130,129,259
4683,120,133,253
4683,138,137,275
4683,125,119,244
4683,138,125,263
4683,125,110,235
4683,158,146,304
4683,248,234,482
4683,175,137,312
4683,117,102,219
4683,101,101,202
4683,134,123,257
4683,111,96,207
4683,198,200,398
4683,182,157,339
4683,138,137,275
4683,139,119,258
4683,233,216,449
4683,148,130,278
4683,116,129,245
4683,143,136,279
4683,166,176,342
4683,183,176,359
4683,161,140,301
4683,135,114,249
4684,116,109,225
4684,228,246,474
4684,135,127,262
4684,156,185,341
4684,174,168,342
4684,226,243,469
4684,147,120,267
4684,129,112,241
4684,192,163,355
4684,130,133,263
4684,140,158,298
4684,135,125,260
4684,131,116,247
4684,120,147,267
4684,163,165,328
4684,209,203,412
4684,152,144,296
4684,144,160,304
4684,132,155,287
4684,186,143,329
4684,172,145,317
4684,255,221,476
4684,101,100,201
4684,110,111,221
4684,110,98,208
4684,186,190,376
4684,115,100,215
4684,184,162,346
4684,152,144,296
4684,167,134,301
4684,148,146,294
4684,129,115,244
4684,131,136,267
4684,157,135,292
4684,158,162,320
4684,182,174,356
4684,131,116,247
4684,101,100,201
4684,125,100,225
4685,172,134,306
4685,105,109,214
4685,109,97,206
4685,163,168,331
4685,105,109,214
4685,159,154,313
4685,128,135,263
4685,112,110,222
4685,132,161,293
4685,204,214,418
4685,170,177,347
4685,182,149,331
4685,140,154,294
4685,121,126,247
4685,168,135,303
4685,132,161,293
4685,173,171,344
4685,137,117,254
4685,114,111,225
4685,175,171,346
4685,195,184,379
4685,100,98,198
4685,177,160,337
4685,123,97,220
4685,146,119,265
4685,237,230,467
4685,137,115,252
4685,125,114,239
4685,100,98,198
4685,132,144,276
4685,139,127,266
4685,226,217,443
4685,234,229,463
4685,154,148,302
4685,194,164,358
4685,196,215,411
4685,135,138,273
4685,162,133,295
4685,130,111,241
4686,237,263,500
4686,113,113,226
4686,157,131,288
4686,131,162,293
4686,148,145,293
4686,104,108,212
4686,118,130,248
4686,134,142,276
4686,150,130,280
4686,131,162,293
4686,171,138,309
4686,169,180,349
4686,128,124,252
4686,201,171,372
4686,115,102,217
4686,158,145,303
4686,164,171,335
4686,229,221,450
4686,97,89,186
4686,147,153,300
4686,209,233,442
4686,146,125,271
4686,155,166,321
4686,124,109,233
4686,128,133,261
4686,116,105,221
4686,190,195,385
4686,143,110,253
4686,184,162,346
4686,172,155,327
4686,104,108,212
4686,158,159,317
4686,131,123,254
4686,255,233,488
4686,145,135,280
4686,113,135,248
4686,187,199,386
4686,97,89,186
4686,120,98,218
4687,109,132,241
4687,235,222,457
4687,235,243,478
4687,98,88,186
4687,163,172,335
4687,133,132,265
4687,129,106,235
4687,116,135,251
4687,123,137,260
4687,176,174,350
4687,139,150,289
4687,136,125,261
4687,131,169,300
4687,142,117,259
4687,147,160,307
4687,192,199,391
4687,115,119,234
4687,134,126,260
4687,162,166,328
4687,130,140,270
4687,206,224,430
4687,131,169,300
4687,167,149,316
4687,226,256,482
4687,111,113,224
4687,150,158,308
4687,162,184,346
4687,155,138,293
4687,106,121,227
4687,166,164,330
4687,140,157,297
4687,171,135,306
4687,109,132,241
4687,113,111,224
4687,113,99,212
4687,98,88,186
4687,187,163,350
4687,143,128,271
4687,211,177,388
4688,149,143,292
4688,162,172,334
4688,164,142,306
4688,190,163,353
4688,142,123,265
4688,147,118,265
4688,138,164,302
4688,127,153,280
4688,158,126,284
4688,162,142,304
4688,133,109,242
4688,149,143,292
4688,188,181,369
4688,101,90,191
4688,170,147,317
4688,166,153,319
4688,121,139,260
4688,200,201,401
4688,118,132,250
4688,101,90,191
4688,118,112,230
4688,150,129,279
4688,134,124,258
4688,221,231,452
4688,163,164,327
4688,206,190,396
4688,116,121,237
4688,112,99,211
4688,102,110,212
4688,157,137,294
4688,179,151,330
4688,172,132,304
4688,231,238,469
4688,142,123,265
4688,113,137,250
4688,172,182,354
4688,143,146,289
4688,230,244,474
4688,163,136,299
4689,208,204,412
4689,109,122,231
4689,162,168,330
4689,147,152,299
4689,167,154,321
4689,167,158,325
4689,189,181,370
4689,129,154,283
4689,173,213,386
4689,213,175,388
4689,126,135,261
4689,166,126,292
4689,132,108,240
4689,101,91,192
4689,112,109,221
4689,98,111,209
4689,120,143,263
4689,144,122,266
4689,222,230,452
4689,144,126,270
4689,147,131,278
4689,137,154,291
4689,140,159,299
4689,145,131,276
4689,132,111,243
4689,205,205,410
4689,226,221,447
4689,167,178,345
4689,144,122,266
4689,139,168,307
4689,101,91,192
4689,126,135,261
4689,144,156,300
4689,160,145,305
4689,123,100,223
4689,191,148,339
4689,120,160,280
4689,252,232,484
4689,116,110,226
4690,112,126,238
4690,105,93,198
4690,140,141,281
4690,145,133,278
4690,97,99,196
4690,222,236,458
4690,163,162,325
4690,140,157,297
4690,220,208,428
4690,164,154,318
4690,133,152,285
4690,130,144,274
4690,121,129,250
4690,172,153,325
4690,186,187,373
4690,187,174,361
4690,124,105,229
4690,138,162,300
4690,225,241,466
4690,229,220,449
4690,125,132,257
4690,111,105,216
4690,105,93,198
4690,204,204,408
4690,156,143,299
4690,180,140,320
4690,118,150,268
4690,169,135,304
4690,162,150,312
4690,129,127,256
4690,120,172,292
4690,115,141,256
4690,160,155,315
4690,104,113,217
4690,183,179,362
4690,115,141,256
4690,116,112,228
4690,130,144,274
4690,138,114,252
4691,195,173,368
4691,125,118,243
4691,232,239,471
4691,138,111,249
4691,132,150,282
4691,122,112,234
4691,116,140,256
4691,242,204,446
4691,226,239,465
4691,125,118,243
4691,119,122,241
4691,94,101,195
4691,120,106,226
4691,135,142,277
4691,104,93,197
4691,104,93,197
4691,135,143,278
4691,165,121,286
4691,184,186,370
4691,104,107,211
4691,161,155,316
4691,154,140,294
4691,174,153,327
4691,217,237,454
4691,173,217,390
4691,140,163,303
4691,171,133,304
4691,205,218,423
4691,127,132,259
4691,133,135,268
4691,165,163,328
4691,118,104,222
4691,158,148,306
4691,147,135,282
4691,178,162,340
4691,146,133,279
4691,134,154,288
4691,140,163,303
4691,105,117,222
4692,215,221,436
4692,190,172,362
4692,140,138,278
4692,125,111,236
4692,106,118,224
4692,226,236,462
4692,110,115,225
4692,129,129,258
4692,194,142,336
4692,134,134,268
4692,191,159,350
4692,99,114,213
4692,180,163,343
4692,128,107,235
4692,115,120,235
4692,123,138,261
4692,136,154,290
4692,142,119,261
4692,133,158,291
4692,141,109,250
4692,160,153,313
4692,234,242,476
4692,115,140,255
4692,140,138,278
4692,126,107,233
4692,184,181,365
4692,101,93,194
4692,156,150,306
4692,203,192,395
4692,204,204,408
4692,143,153,296
4692,182,176,358
4692,147,127,274
4692,161,157,318
4692,108,105,213
4692,133,128,261
4692,101,93,194
4692,110,115,225
4692,182,194,376
4693,137,107,244
4693,174,145,319
4693,165,167,332
4693,111,120,231
4693,139,169,308
4693,217,208,425
4693,161,176,337
4693,154,150,304
4693,206,143,349
4693,213,230,443
4693,129,106,235
4693,98,94,192
4693,185,135,320
4693,122,141,263
4693,237,243,480
4693,101,129,230
4693,98,94,192
4693,160,141,301
4693,200,177,377
4693,132,122,254
4693,181,169,350
4693,109,128,237
4693,111,120,231
4693,253,232,485
4693,208,179,387
4693,118,148,266
4693,145,154,299
4693,184,196,380
4693,136,124,260
4693,137,155,292
4693,134,143,277
4693,110,102,212
4693,141,156,297
4693,123,108,231
4693,144,121,265
4693,129,112,241
4693,173,140,313
4693,140,159,299
4693,139,169,308
4694,140,141,281
4694,144,127,271
4694,152,138,290
4694,104,95,199
4694,108,159,267
4694,127,138,265
4694,124,114,238
4694,232,234,466
4694,121,139,260
4694,144,125,269
4694,108,159,267
4694,189,138,327
4694,165,140,305
4694,184,183,367
4694,104,95,199
4694,175,190,365
4694,183,175,358
4694,113,135,248
4694,219,231,450
4694,138,140,278
4694,129,131,260
4694,171,146,317
4694,103,105,208
4694,127,138,265
4694,180,145,325
4694,116,107,223
4694,172,135,307
4694,257,233,490
4694,125,108,233
4694,143,107,250
4694,164,167,331
4694,160,145,305
4694,162,168,330
4694,105,142,247
4694,179,157,336
4694,213,175,388
4694,127,158,285
4694,230,212,442
4694,185,138,323
4695,195,171,366
4695,219,209,428
4695,126,120,246
4695,72,167,239
4695,119,103,222
4695,243,221,464
4695,162,154,316
4695,173,156,329
4695,152,135,287
4695,104,110,214
4695,173,157,330
4695,148,125,273
4695,106,104,210
4695,160,160,320
4695,177,185,362
4695,157,137,294
4695,222,260,482
4695,190,162,352
4695,112,117,229
4695,102,111,213
4695,118,125,243
4695,147,139,286
4695,136,152,288
4695,119,103,222
4695,141,162,303
4695,257,235,492
4695,72,167,239
4695,147,139,286
4695,134,134,268
4695,124,131,255
4695,172,145,317
4695,157,164,321
4695,161,166,327
4695,156,130,286
4695,144,148,292
4695,121,144,265
4695,129,112,241
4695,131,124,255
4695,111,106,217
7201,150,123,273
7202,172,99,271
7203,182,99,281
7204,180,98,278
7205,175,101,276
7206,168,100,268
7207,160,97,257
7208,157,94,251
7209,160,94,254
7210,160,95,255
7211,163,94,257
7212,158,94,252
7213,161,93,254
7214,159,91,250
7215,146,89,235
7216,142,102,244
7217,143,95,238
7218,141,95,236
7219,145,104,249
7220,143,92,235
7221,143,92,235
7222,148,93,241
7223,165,94,259
7224,147,93,240
7225,146,91,237
7226,165,98,263
7227,161,97,258
7228,185,101,286
7229,157,115,272
7230,155,117,272
7231,155,105,260
7232,150,97,247
7233,152,91,243
7234,154,99,253
7235,154,104,258
7236,154,96,250
7237,154,92,246
7238,153,87,240
7239,153,91,244
7240,153,87,240
7241,153,86,239
7242,157,103,260
7243,161,117,278
7244,159,111,270
7245,159,110,269
7246,160,117,277
7247,158,114,272
7248,157,108,265
7249,157,107,264
7250,160,112,272
7251,160,121,281
7252,159,112,271
7253,159,114,273
7254,158,101,259
7255,157,94,251
7256,160,114,274
7257,162,123,285
7258,158,113,271
7259,159,118,277
7260,155,102,257
7261,160,112,272
7262,158,118,276
7263,158,108,266
7264,154,101,255
7265,155,103,258
7266,155,104,259
7267,156,107,263
7268,160,115,275
7269,151,92,243
7270,154,95,249
7271,156,97,253
7272,155,106,261
7273,154,100,254
7274,153,104,257
7275,153,95,248
7276,165,99,264
7277,178,105,283
7278,163,98,261
7279,164,99,263
7280,167,100,267
7281,164,97,261
7282,160,93,253
7283,160,101,261
7284,159,114,273
7285,157,103,260
7286,155,102,257
7287,158,110,268
7288,158,112,270
7289,155,103,258
7290,158,117,275
7291,178,103,281
7292,161,99,260
7293,172,103,275
7294,174,102,276
7295,178,104,282
7296,170,99,269
7297,165,98,263
7298,154,95,249
7299,157,96,253
7300,149,96,245
7301,143,96,239
7302,144,101,245
7303,148,93,241
7304,152,93,245
7305,147,92,239
7306,144,94,238
7307,144,93,237
7308,143,99,242
7309,139,93,232
7310,148,94,242
7311,146,93,239
7312,144,96,240
7313,143,91,234
7314,145,95,240
7315,145,97,242
7316,153,127,280
7317,154,100,254
7318,151,98,249
7319,147,100,247
7320,153,102,255
7321,153,101,254
7322,144,100,244
7323,155,101,256
7324,145,98,243
7325,144,103,247
7326,142,101,243
7327,142,103,245
7328,147,102,249
7329,162,107,269
7330,150,103,253
7331,145,102,247
7332,141,105,246
7333,143,103,246
7334,139,101,240
7335,150,103,253
7336,149,100,249
7337,142,100,242
7338,146,102,248
7339,158,104,262
7340,159,103,262
7341,150,98,248
7342,148,100,248
7343,145,99,244
7344,145,117,262
7345,148,117,265
7346,149,125,274
7347,181,117,298
7348,151,131,282
7349,148,126,274
7350,148,133,281
7351,142,118,260
7352,144,121,265
7353,145,126,271
7354,144,122,266
7355,139,110,249
7356,147,105,252
7357,155,108,263
7358,165,109,274
7359,171,109,280
7360,156,108,264
7361,156,106,262
7362,156,106,262
7363,162,109,271
7364,156,107,263
7365,153,105,258
7366,163,107,270
7367,159,105,264
7368,160,106,266
7369,167,110,277
7370,174,109,283
7371,177,112,289
7372,171,108,279
7373,157,105,262
7374,148,101,249
7375,156,102,258
7376,146,105,251
7377,146,109,255
7378,143,100,243
7379,151,101,252
7380,149,100,249
7381,161,103,264
7382,165,105,270
7383,148,100,248
7384,158,102,260
7385,164,106,270
7386,168,106,274
7387,176,109,285
7388,167,107,274
7389,160,105,265
7390,157,106,263
7391,167,105,272
7392,157,104,261
7393,150,109,259
7394,151,113,264
7395,150,110,260
7396,154,125,279
7397,154,131,285
7398,154,135,289
7399,175,115,290
7400,153,134,287
7401,154,133,287
7402,155,131,286
7403,152,123,275
7404,151,116,267
7405,157,133,290
7406,184,116,300
7407,178,114,292
7408,174,114,288
7409,176,114,290
7410,177,111,288
7411,155,109,264
7412,150,107,257
7413,158,110,268
7414,146,106,252
7415,146,117,263
7416,149,128,277
7417,150,132,282
7418,151,133,284
7419,149,129,278
7420,149,136,285
7421,151,138,289
7422,178,121,299
7423,176,121,297
7424,183,122,305
7425,178,121,299
7426,178,120,298
7427,174,120,294
7428,170,118,288
7429,171,118,289
7430,168,115,283
7431,174,116,290
7432,149,112,261
7433,154,113,267
7434,156,115,271
7435,158,115,273
7436,147,110,257
7437,151,113,264
7438,148,113,261
7439,153,113,266
7440,156,113,269
7441,148,115,263
7442,155,116,271
7443,157,117,274
7444,167,119,286
7445,156,117,273
7446,162,119,281
7447,171,122,293
7448,166,119,285
7449,162,118,280
7450,151,119,270
7451,158,119,277
7452,166,120,286
7453,161,117,278
7454,143,116,259
7455,143,117,260
7456,156,118,274
7457,161,122,283
7458,170,123,293
7459,174,126,300
7460,149,148,297
7461,147,141,288
7462,147,142,289
7463,145,146,291
7464,143,135,278
7465,143,131,274
7466,141,127,268
7467,143,132,275
7468,147,144,291
7469,142,129,271
7470,140,120,260
7471,139,117,256
7472,138,115,253
7473,142,125,267
7474,143,126,269
7475,144,126,270
7476,146,128,274
7477,147,138,285
7478,146,140,286
7479,146,134,280
7480,146,132,278
7481,148,137,285
7482,151,147,298
7483,151,150,301
7484,175,126,301
7485,179,127,306
7486,168,123,291
7487,176,126,302
7488,182,126,308
7489,162,124,286
7490,162,123,285
7491,168,123,291
7492,153,120,273
7493,143,125,268
7494,145,120,265
7495,148,119,267
7496,158,126,284
7497,151,125,276
7498,159,123,282
7499,152,150,302
7500,150,151,301
7501,170,126,296
7502,142,122,264
7503,143,121,264
7504,147,126,273
7505,149,131,280
7506,151,141,292
7507,146,134,280
7508,146,130,276
7509,150,123,273
7510,145,132,277
7511,143,134,277
7512,147,135,282
7513,154,126,280
7514,146,144,290
7515,140,126,266
7516,144,120,264
7517,145,120,265
7518,164,127,291
7519,161,127,288
7520,153,124,277
7521,143,122,265
7522,150,124,274
7523,148,120,268
7524,146,127,273
7525,176,134,310
7526,153,158,311
7527,150,145,295
7528,150,144,294
7529,150,141,291
7530,153,142,295
7531,151,150,301
7532,147,128,275
7533,147,130,277
7534,143,127,270
7535,145,131,276
7536,146,138,284
7537,151,129,280
7538,147,128,275
7539,165,136,301
7540,171,138,309
7541,171,137,308
7542,153,164,317
7543,152,166,318
7544,151,156,307
7545,150,156,306
7546,183,141,324
7547,177,140,317
7548,151,152,303
7549,147,144,291
7550,147,151,298
7551,154,166,320
7552,153,164,317
7553,181,142,323
7554,152,153,305
7555,156,164,320
7556,181,142,323
7557,184,143,327
7558,152,157,309
7559,154,159,313
7560,183,142,325
7561,157,166,323
7562,155,160,315
7563,152,154,306
7564,150,146,296
7565,148,140,288
7566,146,135,281
7567,149,134,283
7568,152,134,286
7569,151,135,286
7570,161,134,295
7571,174,139,313
7572,163,138,301
7573,166,141,307
7574,154,170,324
7575,142,140,282
8641,231,213,444
8641,164,191,355
8641,124,119,243
8641,170,169,339
8641,138,162,300
8641,143,173,316
8641,189,140,329
8641,134,127,261
8641,163,133,296
8641,141,108,249
8641,177,184,361
8641,120,130,250
8641,177,172,349
8641,135,130,265
8641,183,140,323
8641,178,160,338
8641,130,131,261
8641,152,130,282
8641,152,151,303
8641,144,152,296
8641,141,148,289
8641,130,103,233
8641,148,110,258
8641,152,151,303
8641,127,132,259
8641,163,150,313
8641,238,236,474
8641,186,176,362
8641,223,241,464
8641,152,147,299
8641,171,141,312
8641,134,119,253
8641,151,119,270
8641,261,224,485
8641,119,127,246
8641,127,132,259
8641,175,145,320
8641,151,119,270
8642,249,234,483
8642,176,156,332
8642,231,259,490
8642,132,116,248
8642,187,182,369
8642,154,125,279
8642,242,251,493
8642,127,128,255
8642,139,104,243
8642,191,146,337
8642,168,159,327
8642,153,133,286
8642,176,177,353
8642,185,139,324
8642,132,124,256
8642,142,148,290
8642,156,125,281
8642,133,105,238
8642,125,131,256
8642,162,147,309
8642,150,149,299
8642,174,143,317
8642,140,170,310
8642,205,126,331
8642,153,167,320
8642,125,131,256
8642,150,149,299
8642,134,129,263
8642,138,108,246
8642,168,138,306
8642,154,125,279
8642,223,210,433
8642,165,136,301
8642,182,157,339
8642,117,126,243
8642,131,123,254
8642,166,173,339
8642,153,147,300
8643,170,154,324
8643,143,107,250
8643,120,123,243
8643,196,149,345
8643,137,116,253
8643,228,258,486
8643,101,124,225
8643,156,145,301
8643,149,114,263
8643,150,141,291
8643,150,141,291
8643,172,164,336
8643,127,119,246
8643,171,139,310
8643,132,123,255
8643,165,128,293
8643,164,138,302
8643,156,164,320
8643,140,111,251
8643,222,212,434
8643,139,146,285
8643,150,169,319
8643,173,171,344
8643,138,171,309
8643,166,137,303
8643,120,123,243
8643,161,132,293
8643,147,172,319
8643,178,159,337
8643,204,127,331
8643,165,171,336
8643,256,240,496
8643,233,231,464
8643,161,132,293
8643,180,166,346
8643,120,121,241
8643,124,123,247
8643,180,176,356
8644,157,135,292
8644,141,174,315
8644,163,139,302
8644,137,117,254
8644,160,174,334
8644,219,213,432
8644,160,152,312
8644,122,123,245
8644,148,166,314
8644,169,140,309
8644,101,125,226
8644,122,123,245
8644,202,126,328
8644,142,174,316
8644,126,115,241
8644,165,136,301
8644,257,241,498
8644,182,176,358
8644,119,125,244
8644,202,151,353
8644,168,150,318
8644,139,147,286
8644,155,112,267
8644,160,129,289
8644,160,129,289
8644,144,107,251
8644,240,244,484
8644,125,132,257
8644,231,264,495
8644,155,143,298
8644,160,152,312
8644,169,162,331
8644,171,167,338
8644,184,163,347
8644,129,121,250
8644,155,130,285
8644,157,169,326
8644,138,115,253
8645,152,129,281
8645,171,165,336
8645,180,145,325
8645,128,117,245
8645,124,133,257
8645,158,170,328
8645,202,127,329
8645,204,154,358
8645,143,161,304
8645,163,178,341
8645,151,135,286
8645,138,116,254
8645,139,122,261
8645,159,146,305
8645,162,137,299
8645,171,163,334
8645,126,122,248
8645,243,247,490
8645,144,182,326
8645,165,135,300
8645,157,132,289
8645,190,159,349
8645,152,129,281
8645,240,264,504
8645,184,172,356
8645,158,146,304
8645,153,110,263
8645,145,104,249
8645,221,218,439
8645,159,146,305
8645,137,141,278
8645,123,123,246
8645,170,139,309
8645,102,129,231
8645,140,169,309
8645,113,121,234
8645,123,123,246
8645,258,243,501
8646,205,130,335
8646,175,140,315
8646,144,118,262
8646,145,188,333
8646,166,168,334
8646,148,143,291
8646,215,217,432
8646,145,104,249
8646,230,271,501
8646,218,152,370
8646,188,189,377
8646,140,128,268
8646,128,112,240
8646,164,149,313
8646,257,239,496
8646,248,259,507
8646,123,130,253
8646,123,135,258
8646,114,131,245
8646,168,163,331
8646,156,130,286
8646,154,113,267
8646,167,134,301
8646,132,121,253
8646,160,129,289
8646,164,186,350
8646,184,172,356
8646,138,135,273
8646,137,166,303
8646,146,169,315
8646,174,139,313
8646,101,127,228
8646,166,139,305
8646,163,139,302
8646,156,130,286
8646,148,143,291
8646,188,146,334
8646,123,130,253
8647,134,121,255
8647,146,164,310
8647,271,243,514
8647,144,181,325
8647,142,145,287
8647,159,151,310
8647,123,130,253
8647,123,135,258
8647,100,126,226
8647,169,165,334
8647,159,132,291
8647,159,132,291
8647,213,131,344
8647,247,250,497
8647,152,113,265
8647,157,168,325
8647,159,132,291
8647,136,132,268
8647,140,127,267
8647,139,159,298
8647,163,161,324
8647,158,129,287
8647,114,128,242
8647,127,111,238
8647,149,116,265
8647,163,181,344
8647,142,145,287
8647,172,155,327
8647,123,130,253
8647,223,215,438
8647,148,108,256
8647,161,139,300
8647,184,173,357
8647,229,261,490
8647,175,140,315
8647,202,149,351
8647,185,181,366
8647,169,163,332
8648,148,120,268
8648,155,129,284
8648,161,178,339
8648,222,214,436
8648,154,114,268
8648,156,127,283
8648,172,137,309
8648,158,148,306
8648,170,159,329
8648,161,131,292
8648,201,150,351
8648,136,160,296
8648,101,123,224
8648,208,126,334
8648,130,120,250
8648,135,133,268
8648,164,155,319
8648,140,147,287
8648,126,110,236
8648,140,147,287
8648,144,164,308
8648,171,163,334
8648,122,128,250
8648,142,169,311
8648,153,115,268
8648,184,175,359
8648,269,243,512
8648,251,263,514
8648,168,161,329
8648,156,127,283
8648,258,248,506
8648,139,124,263
8648,123,136,259
8648,122,128,250
8648,188,180,368
8648,112,126,238
8648,157,171,328
8648,145,181,326
8649,125,108,233
8649,157,168,325
8649,231,270,501
8649,159,130,289
8649,167,160,327
8649,191,188,379
8649,123,132,255
8649,145,183,328
8649,152,130,282
8649,165,138,303
8649,145,165,310
8649,135,158,293
8649,142,146,288
8649,163,185,348
8649,164,131,295
8649,126,136,262
8649,143,169,312
8649,100,119,219
8649,137,134,271
8649,142,146,288
8649,154,112,266
8649,126,136,262
8649,186,179,365
8649,250,240,490
8649,159,130,289
8649,116,126,242
8649,160,150,310
8649,221,217,438
8649,204,124,328
8649,133,120,253
8649,157,114,271
8649,186,169,355
8649,156,124,280
8649,173,165,338
8649,190,143,333
8649,172,156,328
8649,141,126,267
8649,253,262,515
8650,168,166,334
8650,139,147,286
8650,123,134,257
8650,160,115,275
8650,185,132,317
8650,157,131,288
8650,149,114,263
8650,190,191,381
8650,171,152,323
8650,249,239,488
8650,133,154,287
8650,122,133,255
8650,141,128,269
8650,159,148,307
8650,204,168,372
8650,165,121,286
8650,234,224,458
8650,128,113,241
8650,224,257,481
8650,137,133,270
8650,105,127,232
8650,195,121,316
8650,133,154,287
8650,131,125,256
8650,157,136,293
8650,160,137,297
8650,182,144,326
8650,150,189,339
8650,141,132,273
8650,186,151,337
8650,139,147,286
8650,271,239,510
8650,139,162,301
8650,149,114,263
8650,175,159,334
8650,142,154,296
8650,162,157,319
8650,164,190,354
8651,156,169,325
8651,119,124,243
8651,141,146,287
8651,123,104,227
8651,196,174,370
8651,124,139,263
8651,124,139,263
8651,141,146,287
8651,119,124,243
8651,165,140,305
8651,145,103,248
8651,131,134,265
8651,137,141,278
8651,141,147,288
8651,230,237,467
8651,185,119,304
8651,158,149,307
8651,191,181,372
8651,130,116,246
8651,188,191,379
8651,148,183,331
8651,160,117,277
8651,275,242,517
8651,156,142,298
8651,219,240,459
8651,151,132,283
8651,166,147,313
8651,148,153,301
8651,160,183,343
8651,154,129,283
8651,154,129,283
8651,229,218,447
8651,138,158,296
8651,173,159,332
8651,166,165,331
8651,162,137,299
8651,185,136,321
8651,101,120,221
8652,248,241,489
8652,170,161,331
8652,130,134,264
8652,183,119,302
8652,118,125,243
8652,144,152,296
8652,193,182,375
8652,151,170,321
8652,148,129,277
8652,139,142,281
8652,141,147,288
8652,147,106,253
8652,121,134,255
8652,101,124,225
8652,173,146,319
8652,139,128,267
8652,126,111,237
8652,219,231,450
8652,181,135,316
8652,136,149,285
8652,174,165,339
8652,123,132,255
8652,147,154,301
8652,222,217,439
8652,155,136,291
8652,136,138,274
8652,123,132,255
8652,148,129,277
8652,166,194,360
8652,149,189,338
8652,192,175,367
8652,158,159,317
8652,156,169,325
8652,131,118,249
8652,168,139,307
8652,144,152,296
8652,184,185,369
8652,248,264,512
8653,120,128,248
8653,126,113,239
8653,151,129,280
8653,186,181,367
8653,146,103,249
8653,166,151,317
8653,132,139,271
8653,233,221,454
8653,140,127,267
8653,179,120,299
8653,190,165,355
8653,178,138,316
8653,134,115,249
8653,116,123,239
8653,151,131,282
8653,121,130,251
8653,166,165,331
8653,151,129,280
8653,99,116,215
8653,165,196,361
8653,151,199,350
8653,130,135,265
8653,146,160,306
8653,199,166,365
8653,176,143,319
8653,168,162,330
8653,268,240,508
8653,227,255,482
8653,153,135,288
8653,148,165,313
8653,138,139,277
8653,148,165,313
8653,136,129,265
8653,265,250,515
8653,138,144,282
8653,155,167,322
8653,121,130,251
8653,149,166,315
8654,196,182,378
8654,152,172,324
8654,166,150,316
8654,139,130,269
8654,191,185,376
8654,139,126,265
8654,154,163,317
8654,124,123,247
8654,129,120,249
8654,124,123,247
8654,146,134,280
8654,266,236,502
8654,148,164,312
8654,133,115,248
8654,186,177,363
8654,229,219,448
8654,134,120,254
8654,134,120,254
8654,170,172,342
8654,135,139,274
8654,117,124,241
8654,157,107,264
8654,141,143,284
8654,161,167,328
8654,179,120,299
8654,238,236,474
8654,169,133,302
8654,153,180,333
8654,163,131,294
8654,115,122,237
8654,102,113,215
8654,129,134,263
8654,233,267,500
8654,160,186,346
8654,153,180,333
8654,177,174,351
8654,171,160,331
8654,138,141,279
8655,126,133,259
8655,175,175,350
8655,128,124,252
8655,122,129,251
8655,122,125,247
8655,157,161,318
8655,170,163,333
8655,128,124,252
8655,138,142,280
8655,153,200,353
8655,145,144,289
8655,173,134,307
8655,160,129,289
8655,154,156,310
8655,105,128,233
8655,173,150,323
8655,128,117,245
8655,232,268,500
8655,219,217,436
8655,245,238,483
8655,148,119,267
8655,213,166,379
8655,152,172,324
8655,140,124,264
8655,185,178,363
8655,122,129,251
8655,199,196,395
8655,148,164,312
8655,278,236,514
8655,137,137,274
8655,160,102,262
8655,183,122,305
8655,151,136,287
8655,151,176,327
8655,151,176,327
8655,112,115,227
8655,160,183,343
8655,140,129,269
8656,181,119,300
8656,164,130,294
8656,228,257,485
8656,145,142,287
8656,155,134,289
8656,118,115,233
8656,220,214,434
8656,152,177,329
8656,138,129,267
8656,132,124,256
8656,178,183,361
8656,177,152,329
8656,158,134,292
8656,155,150,305
8656,132,124,256
8656,184,194,378
8656,265,244,509
8656,141,143,284
8656,124,128,252
8656,159,175,334
8656,264,237,501
8656,145,143,288
8656,177,152,329
8656,129,124,253
8656,173,173,346
8656,187,180,367
8656,196,183,379
8656,163,140,303
8656,191,149,340
8656,153,156,309
8656,152,119,271
8656,144,134,278
8656,201,159,360
8656,138,130,268
8656,125,125,250
8656,124,138,262
8656,129,107,236
8656,124,138,262
8657,155,150,305
8657,140,127,267
8657,183,121,304
8657,123,141,264
8657,154,177,331
8657,132,128,260
8657,168,138,306
8657,124,118,242
8657,193,179,372
8657,257,238,495
8657,139,140,279
8657,137,123,260
8657,122,120,242
8657,153,173,326
8657,171,174,345
8657,216,213,429
8657,123,141,264
8657,129,126,255
8657,186,121,307
8657,183,198,381
8657,127,104,231
8657,140,143,283
8657,152,119,271
8657,122,115,237
8657,175,147,322
8657,154,177,331
8657,144,133,277
8657,178,188,366
8657,222,244,466
8657,162,133,295
8657,150,144,294
8657,157,130,287
8657,267,240,507
8657,157,168,325
8657,207,164,371
8657,179,153,332
8657,129,126,255
8657,198,192,390
8658,151,169,320
8658,138,136,274
8658,216,234,450
8658,137,123,260
8658,173,175,348
8658,183,194,377
8658,217,215,432
8658,155,138,293
8658,184,121,305
8658,150,176,326
8658,120,114,234
8658,139,137,276
8658,182,121,303
8658,151,169,320
8658,156,186,342
8658,119,111,230
8658,196,162,358
8658,193,178,371
8658,151,119,270
8658,271,240,511
8658,159,137,296
8658,160,122,282
8658,141,142,283
8658,130,104,234
8658,249,240,489
8658,151,119,270
8658,126,113,239
8658,173,143,316
8658,156,169,325
8658,131,124,255
8658,162,134,296
8658,169,129,298
8658,186,175,361
8658,128,129,257
8658,209,178,387
8658,128,129,257
8658,154,144,298
8658,149,144,293
8659,152,176,328
8659,252,241,493
8659,254,237,491
8659,154,151,305
8659,154,133,287
8659,221,245,466
8659,156,144,300
8659,180,120,300
8659,170,141,311
8659,193,171,364
8659,143,136,279
8659,124,103,227
8659,142,140,282
8659,148,118,266
8659,158,140,298
8659,209,175,384
8659,134,139,273
8659,136,120,256
8659,152,176,328
8659,138,143,281
8659,148,118,266
8659,232,218,450
8659,158,173,331
8659,123,111,234
8659,184,196,380
8659,128,128,256
8659,154,171,325
8659,192,161,353
8659,123,123,246
8659,127,116,243
8659,167,143,310
8659,135,130,265
8659,171,173,344
8659,185,182,367
8659,161,122,283
8659,134,139,273
8659,154,176,330
8659,138,144,282
8660,147,144,291
8660,171,139,310
8660,171,170,341
8660,174,154,328
8660,156,174,330
8660,222,252,474
8660,118,101,219
8660,157,136,293
8660,129,114,243
8660,234,219,453
8660,182,124,306
8660,151,118,269
8660,173,147,320
8660,123,114,237
8660,137,128,265
8660,138,148,286
8660,187,123,310
8660,199,173,372
8660,204,175,379
8660,146,168,314
8660,138,148,286
8660,256,238,494
8660,138,125,263
8660,195,162,357
8660,264,237,501
8660,151,118,269
8660,116,125,241
8660,163,136,299
8660,137,152,289
8660,186,150,336
8660,178,175,353
8660,174,154,328
8660,167,148,315
8660,129,135,264
8660,188,187,375
8660,169,124,293
8660,137,136,273
8660,155,148,303
8661,156,153,309
8661,153,146,299
8661,139,154,293
8661,132,115,247
8661,137,128,265
8661,142,135,277
8661,194,158,352
8661,204,175,379
8661,178,145,323
8661,173,140,313
8661,139,154,293
8661,183,148,331
8661,152,118,270
8661,188,123,311
8661,190,173,363
8661,115,112,227
8661,152,140,292
8661,152,118,270
8661,165,148,313
8661,259,243,502
8661,174,161,335
8661,176,174,350
8661,251,254,505
8661,167,139,306
8661,225,251,476
8661,156,144,300
8661,238,217,455
8661,117,100,217
8661,156,175,331
8661,153,146,299
8661,138,147,285
8661,118,128,246
8661,154,136,290
8661,153,115,268
8661,138,141,279
8661,133,125,258
8661,153,173,326
8661,184,180,364
8662,152,115,267
8662,161,139,300
8662,144,117,261
8662,119,131,250
8662,167,150,317
8662,208,173,381
8662,234,218,452
8662,144,136,280
8662,188,159,347
8662,114,101,215
8662,184,173,357
8662,139,128,267
8662,189,168,357
8662,152,141,293
8662,156,148,304
8662,138,146,284
8662,186,180,366
8662,267,245,512
8662,139,149,288
8662,222,242,464
8662,155,173,328
8662,168,174,342
8662,180,149,329
8662,137,142,279
8662,156,148,304
8662,152,139,291
8662,131,124,255
8662,116,113,229
8662,144,141,285
8662,164,134,298
8662,155,146,301
8662,195,126,321
8662,139,149,288
8662,166,145,311
8662,250,255,505
8662,128,114,242
8662,144,117,261
8662,176,134,310
8663,156,153,309
8663,203,187,390
8663,180,150,330
8663,108,98,206
8663,151,144,295
8663,138,146,284
8663,138,132,270
8663,243,243,486
8663,155,147,302
8663,241,257,498
8663,237,219,456
8663,157,171,328
8663,151,145,296
8663,183,121,304
8663,152,132,284
8663,122,139,261
8663,182,163,345
8663,219,179,398
8663,115,112,227
8663,188,123,311
8663,140,132,272
8663,152,115,267
8663,122,139,261
8663,137,161,298
8663,129,119,248
8663,182,167,349
8663,156,139,295
8663,162,147,309
8663,139,147,286
8663,128,111,239
8663,227,256,483
8663,136,148,284
8663,172,164,336
8663,168,172,340
8663,121,140,261
8663,139,147,286
8663,183,174,357
8663,155,147,302
8664,142,147,289
8664,193,125,318
8664,122,112,234
8664,145,145,290
8664,170,137,307
8664,170,137,307
8664,124,115,239
8664,126,111,237
8664,175,123,298
8664,178,172,350
8664,153,142,295
8664,196,169,365
8664,227,255,482
8664,112,100,212
8664,149,130,279
8664,202,185,387
8664,150,130,280
8664,151,139,290
8664,160,148,308
8664,183,149,332
8664,135,141,276
8664,179,173,352
8664,251,235,486
8664,138,149,287
8664,159,144,303
8664,160,148,308
8664,241,248,489
8664,198,189,387
8664,156,172,328
8664,181,163,344
8664,149,115,264
8664,119,138,257
8664,151,115,266
8664,170,177,347
8664,149,115,264
8664,234,217,451
8664,134,159,293
8664,155,137,292
8665,144,152,296
8665,237,241,478
8665,155,126,281
8665,124,115,239
8665,138,152,290
8665,146,154,300
8665,161,155,316
8665,143,157,300
8665,154,118,272
8665,141,139,280
8665,245,221,466
8665,119,132,251
8665,154,175,329
8665,262,238,500
8665,201,127,328
8665,144,114,258
8665,128,141,269
8665,145,148,293
8665,129,109,238
8665,205,174,379
8665,113,100,213
8665,164,145,309
8665,182,161,343
8665,228,258,486
8665,168,173,341
8665,197,185,382
8665,133,158,291
8665,153,135,288
8665,144,114,258
8665,135,141,276
8665,141,139,280
8665,200,197,397
8665,149,142,291
8665,196,175,371
8665,150,143,293
8665,143,157,300
8665,161,185,346
8665,128,115,243
8666,179,176,355
8666,137,111,248
8666,128,141,269
8666,162,145,307
8666,147,114,261
8666,163,147,310
8666,163,141,304
8666,154,147,301
8666,177,193,370
8666,161,185,346
8666,224,252,476
8666,142,114,256
8666,146,164,310
8666,273,244,517
8666,139,150,289
8666,225,240,465
8666,235,246,481
8666,205,175,380
8666,207,176,383
8666,204,187,391
8666,151,132,283
8666,133,143,276
8666,116,112,228
8666,168,127,295
8666,184,159,343
8666,146,164,310
8666,171,142,313
8666,165,134,299
8666,148,167,315
8666,186,148,334
8666,142,146,288
8666,117,131,248
8666,133,116,249
8666,126,103,229
8666,165,134,299
8666,138,148,286
8666,142,114,256
8666,175,141,316
8667,136,110,246
8667,207,190,397
8667,126,104,230
8667,179,154,333
8667,233,238,471
8667,139,154,293
8667,154,137,291
8667,195,173,368
8667,168,129,297
8667,159,126,285
8667,179,154,333
8667,257,266,523
8667,119,137,256
8667,125,138,263
8667,149,140,289
8667,153,194,347
8667,174,146,320
8667,151,150,301
8667,136,110,246
8667,126,114,240
8667,150,139,289
8667,134,142,276
8667,158,136,294
8667,142,115,257
8667,162,129,291
8667,197,169,366
8667,173,139,312
8667,225,251,476
8667,134,117,251
8667,151,146,297
8667,173,168,341
8667,228,217,445
8667,169,202,371
8667,162,129,291
8667,146,159,305
8667,186,164,350
8667,170,151,321
8667,124,108,232
8668,134,114,248
8668,219,213,432
8668,145,127,272
8668,158,136,294
8668,147,159,306
8668,185,177,362
8668,235,228,463
8668,152,141,293
8668,137,152,289
8668,140,152,292
8668,157,137,294
8668,206,174,380
8668,176,151,327
8668,175,148,323
8668,125,109,234
8668,180,187,367
8668,213,189,402
8668,187,158,345
8668,153,150,303
8668,152,179,331
8668,145,127,272
8668,279,244,523
8668,141,118,259
8668,125,138,263
8668,118,111,229
8668,126,148,274
8668,223,249,472
8668,159,148,307
8668,179,151,330
8668,124,110,234
8668,146,142,288
8668,173,182,355
8668,166,190,356
8668,125,109,234
8668,178,174,352
8668,123,103,226
8668,152,179,331
8668,166,127,293
8669,167,127,294
8669,181,125,306
8669,216,187,403
8669,151,144,295
8669,139,153,292
8669,193,180,373
8669,151,116,267
8669,149,184,333
8669,244,235,479
8669,129,157,286
8669,131,124,255
8669,273,247,520
8669,176,151,327
8669,155,150,305
8669,145,140,285
8669,218,214,432
8669,148,143,291
8669,179,170,349
8669,182,170,352
8669,135,112,247
8669,182,151,333
8669,125,108,233
8669,166,188,354
8669,129,115,244
8669,131,124,255
8669,143,123,266
8669,124,104,228
8669,129,110,239
8669,138,153,291
8669,164,150,314
8669,227,265,492
8669,148,141,289
8669,147,159,306
8669,162,138,300
8669,129,110,239
8669,149,184,333
8669,184,160,344
8669,189,178,367
8670,126,111,237
8670,154,166,320
8670,203,166,369
8670,153,128,281
8670,136,135,271
8670,172,149,321
8670,147,168,315
8670,156,146,302
8670,125,128,253
8670,139,143,282
8670,119,105,224
8670,119,105,224
8670,121,101,222
8670,136,135,271
8670,147,168,315
8670,159,161,320
8670,225,255,480
8670,218,231,449
8670,165,142,307
8670,133,135,268
8670,145,154,299
8670,156,154,310
8670,145,147,292
8670,158,137,295
8670,166,130,296
8670,210,185,395
8670,155,169,324
8670,167,173,340
8670,117,111,228
8670,144,148,292
8670,207,180,387
8670,172,127,299
8670,269,240,509
8670,266,243,509
8670,158,125,283
8670,168,183,351
8670,190,184,374
8670,141,112,253
8671,136,139,275
8671,218,215,433
8671,101,101,202
8671,128,133,261
8671,185,183,368
8671,118,117,235
8671,149,178,327
8671,162,174,336
8671,191,177,368
8671,277,248,525
8671,125,125,250
8671,220,236,456
8671,151,133,284
8671,137,138,275
8671,240,232,472
8671,187,158,345
8671,178,148,326
8671,182,201,383
8671,146,129,275
8671,168,114,282
8671,116,115,231
8671,165,170,335
8671,184,171,355
8671,188,132,320
8671,198,178,376
8671,173,148,321
8671,194,182,376
8671,176,150,326
8671,148,146,294
8671,189,146,335
8671,167,131,298
8671,149,178,327
8671,167,131,298
8671,125,113,238
8671,118,117,235
8671,176,154,330
8671,137,131,268
8671,135,132,267
8672,182,151,333
8672,165,130,295
8672,148,178,326
8672,223,250,473
8672,134,137,271
8672,148,162,310
8672,156,113,269
8672,116,118,234
8672,181,179,360
8672,195,177,372
8672,178,132,310
8672,182,144,326
8672,148,178,326
8672,144,132,276
8672,118,116,234
8672,174,154,328
8672,172,148,320
8672,237,217,454
8672,118,116,234
8672,253,270,523
8672,221,171,392
8672,124,123,247
8672,203,185,388
8672,145,131,276
8672,236,232,468
8672,147,133,280
8672,150,154,304
8672,128,137,265
8672,187,172,359
8672,103,106,209
8672,188,150,338
8672,173,172,345
8672,124,113,237
8672,134,133,267
8672,189,180,369
8672,133,132,265
8672,188,161,349
8672,165,130,295
8673,198,182,380
8673,118,119,237
8673,183,134,317
8673,221,246,467
8673,244,234,478
8673,137,145,282
8673,125,132,257
8673,128,135,263
8673,124,113,237
8673,171,155,326
8673,162,128,290
8673,178,151,329
8673,145,166,311
8673,180,171,351
8673,175,196,371
8673,195,191,386
8673,193,180,373
8673,160,164,324
8673,104,111,215
8673,151,155,306
8673,246,221,467
8673,115,116,231
8673,169,172,341
8673,146,132,278
8673,185,155,340
8673,137,135,272
8673,118,119,237
8673,177,150,327
8673,136,133,269
8673,156,167,323
8673,162,128,290
8673,249,258,507
8673,190,175,365
8673,145,166,311
8673,181,149,330
8673,138,138,276
8673,129,135,264
8673,147,109,256
8674,223,249,472
8674,157,125,282
8674,140,108,248
8674,140,138,278
8674,158,171,329
8674,252,262,514
8674,154,137,291
8674,120,121,241
8674,142,153,295
8674,120,121,241
8674,171,150,321
8674,118,114,232
8674,101,107,208
8674,246,222,468
8674,142,153,295
8674,136,126,262
8674,236,247,483
8674,173,154,327
8674,138,140,278
8674,164,149,313
8674,157,125,282
8674,174,170,344
8674,137,136,273
8674,177,145,322
8674,152,162,314
8674,129,114,243
8674,191,182,373
8674,182,136,318
8674,154,181,335
8674,181,174,355
8674,188,191,379
8674,192,183,375
8674,185,170,355
8674,187,173,360
8674,128,138,266
8674,155,143,298
8674,129,138,267
8674,137,152,289
8675,165,139,304
8675,143,143,286
8675,134,136,270
8675,187,139,326
8675,159,136,295
8675,175,170,345
8675,169,150,319
8675,137,132,269
8675,180,170,350
8675,143,156,299
8675,146,158,304
8675,143,122,265
8675,182,185,367
8675,118,118,236
8675,218,243,461
8675,172,149,321
8675,125,119,244
8675,121,132,253
8675,178,171,349
8675,242,217,459
8675,185,188,373
8675,254,238,492
8675,188,172,360
8675,204,187,391
8675,251,258,509
8675,165,150,315
8675,172,152,324
8675,155,116,271
8675,156,158,314
8675,136,140,276
8675,99,103,202
8675,143,122,265
8675,133,126,259
8675,144,110,254
8675,128,136,264
8675,121,132,253
8675,154,172,326
8675,146,158,304
8676,196,181,377
8676,202,180,382
8676,146,159,305
8676,178,155,333
8676,124,123,247
8676,262,242,504
8676,162,171,333
8676,185,155,340
8676,164,147,311
8676,138,129,267
8676,132,122,254
8676,116,112,228
8676,123,126,249
8676,157,177,334
8676,197,141,338
8676,147,111,258
8676,130,137,267
8676,122,135,257
8676,153,127,280
8676,139,147,286
8676,150,160,310
8676,165,138,303
8676,152,146,298
8676,170,167,337
8676,153,127,280
8676,152,114,266
8676,169,136,305
8676,231,216,447
8676,122,135,257
8676,239,243,482
8676,247,254,501
8676,146,159,305
8676,187,179,366
8676,186,175,361
8676,188,176,364
8676,136,140,276
8676,150,174,324
8676,101,96,197
8677,116,113,229
8677,149,112,261
8677,159,166,325
8677,123,127,250
8677,168,156,324
8677,153,127,280
8677,184,155,339
8677,124,117,241
8677,143,155,298
8677,131,143,274
8677,138,105,243
8677,185,169,354
8677,231,240,471
8677,135,123,258
8677,163,138,301
8677,230,214,444
8677,152,143,295
8677,119,132,251
8677,144,151,295
8677,178,140,318
8677,153,127,280
8677,191,204,395
8677,148,168,316
8677,119,132,251
8677,186,177,363
8677,175,188,363
8677,106,98,204
8677,157,171,328
8677,248,249,497
8677,171,152,323
8677,137,131,268
8677,135,128,263
8677,192,203,395
8677,262,240,502
8677,143,155,298
8677,175,152,327
8677,166,177,343
8677,176,148,324
8678,241,241,482
8678,125,101,226
8678,145,153,298
8678,187,169,356
8678,245,246,491
8678,159,136,295
8678,132,127,259
8678,235,260,495
8678,231,216,447
8678,178,151,329
8678,153,146,299
8678,120,124,244
8678,121,129,250
8678,164,151,315
8678,205,179,384
8678,159,134,293
8678,167,147,314
8678,191,199,390
8678,145,153,298
8678,167,183,350
8678,121,129,250
8678,124,123,247
8678,181,178,359
8678,166,153,319
8678,108,93,201
8678,158,127,285
8678,159,143,302
8678,190,202,392
8678,158,118,276
8678,157,174,331
8678,138,133,271
8678,159,165,324
8678,126,128,254
8678,144,125,269
8678,158,127,285
8678,146,112,258
8678,185,154,339
8678,145,147,292
8679,151,162,313
8679,164,146,310
8679,174,147,321
8679,147,165,312
8679,157,137,294
8679,177,195,372
8679,141,148,289
8679,165,137,302
8679,151,126,277
8679,220,184,404
8679,162,151,313
8679,141,125,266
8679,175,153,328
8679,125,140,265
8679,151,126,277
8679,151,162,313
8679,198,139,337
8679,142,139,281
8679,180,154,334
8679,133,125,258
8679,129,126,255
8679,100,93,193
8679,126,102,228
8679,156,167,323
8679,279,251,530
8679,131,139,270
8679,125,140,265
8679,190,198,388
8679,236,216,452
8679,124,125,249
8679,187,166,353
8679,157,159,316
8679,178,208,386
8679,246,244,490
8679,271,242,513
8679,117,116,233
8679,167,181,348
8679,149,113,262
8680,173,187,360
8680,157,152,309
8680,120,122,242
8680,146,124,270
8680,125,141,266
8680,246,237,483
8680,155,184,339
8680,193,200,393
8680,170,137,307
8680,102,96,198
8680,167,145,312
8680,199,181,380
8680,166,178,344
8680,131,140,271
8680,128,114,242
8680,125,141,266
8680,171,150,321
8680,231,267,498
8680,163,155,318
8680,150,115,265
8680,159,169,328
8680,184,159,343
8680,143,137,280
8680,134,107,241
8680,135,134,269
8680,148,160,308
8680,154,169,323
8680,124,124,248
8680,153,127,280
8680,175,152,327
8680,251,259,510
8680,154,169,323
8680,230,215,445
8680,141,151,292
8680,153,127,280
8680,196,140,336
8680,156,136,292
8680,178,201,379
8681,163,153,316
8681,151,171,322
8681,153,114,267
8681,161,148,309
8681,253,245,498
8681,191,187,378
8681,173,176,349
8681,124,138,262
8681,154,170,324
8681,168,136,304
8681,130,142,272
8681,249,253,502
8681,141,147,288
8681,224,212,436
8681,150,122,272
8681,124,138,262
8681,137,124,261
8681,157,128,285
8681,157,162,319
8681,123,127,250
8681,187,150,337
8681,140,128,268
8681,186,167,353
8681,267,244,511
8681,154,170,324
8681,137,108,245
8681,145,158,303
8681,150,160,310
8681,207,182,389
8681,135,127,262
8681,197,137,334
8681,196,179,375
8681,157,128,285
8681,106,106,212
8681,144,162,306
8681,165,175,340
8681,137,142,279
8681,175,153,328
8682,154,156,310
8682,170,141,311
8682,185,154,339
8682,132,123,255
8682,143,162,305
8682,221,214,435
8682,134,126,260
8682,150,165,315
8682,150,113,263
8682,123,132,255
8682,138,109,247
8682,245,242,487
8682,150,165,315
8682,155,127,282
8682,170,162,332
8682,122,132,254
8682,161,156,317
8682,153,164,317
8682,155,127,282
8682,240,240,480
8682,188,175,363
8682,188,180,368
8682,137,135,272
8682,155,161,316
8682,136,139,275
8682,130,146,276
8682,257,241,498
8682,150,165,315
8682,192,198,390
8682,157,132,289
8682,147,160,307
8682,168,135,303
8682,122,132,254
8682,162,170,332
8682,168,168,336
8682,130,139,269
8682,193,178,371
8682,102,97,199
8683,230,239,469
8683,118,116,234
8683,146,151,297
8683,128,125,253
8683,130,142,272
8683,131,126,257
8683,143,157,300
8683,158,160,318
8683,249,258,507
8683,157,118,275
8683,136,131,267
8683,102,98,200
8683,158,131,289
8683,261,241,502
8683,170,169,339
8683,120,124,244
8683,158,131,289
8683,144,152,296
8683,195,179,374
8683,232,216,448
8683,168,153,321
8683,156,137,293
8683,146,151,297
8683,178,159,337
8683,200,206,406
8683,147,112,259
8683,173,150,323
8683,177,187,364
8683,197,140,337
8683,160,165,325
8683,160,169,329
8683,146,152,298
8683,186,170,356
8683,147,169,316
8683,184,176,360
8683,160,138,298
8683,151,113,264
8683,120,124,244
8684,180,204,384
8684,189,137,326
8684,142,147,289
8684,184,160,344
8684,220,248,468
8684,156,128,284
8684,160,154,314
8684,198,214,412
8684,166,158,324
8684,171,171,342
8684,156,128,284
8684,142,134,276
8684,179,195,374
8684,149,112,261
8684,157,155,312
8684,167,142,309
8684,187,180,367
8684,144,145,289
8684,153,176,329
8684,240,265,505
8684,173,149,322
8684,148,116,264
8684,154,145,299
8684,145,162,307
8684,120,124,244
8684,165,135,300
8684,175,155,330
8684,233,216,449
8684,165,117,282
8684,102,95,197
8684,139,146,285
8684,155,122,277
8684,144,145,289
8684,120,124,244
8684,120,113,233
8684,142,128,270
8684,127,127,254
8684,246,234,480
8685,169,132,301
8685,188,149,337
8685,261,242,503
8685,168,143,311
8685,169,132,301
8685,141,152,293
8685,201,223,424
8685,132,125,257
8685,145,130,275
8685,154,178,332
8685,153,168,321
8685,203,181,384
8685,102,100,202
8685,153,168,321
8685,196,180,376
8685,128,120,248
8685,219,246,465
8685,152,173,325
8685,147,113,260
8685,117,112,229
8685,168,147,315
8685,121,128,249
8685,141,130,271
8685,248,220,468
8685,160,115,275
8685,148,120,268
8685,250,260,510
8685,117,112,229
8685,185,172,357
8685,190,160,350
8685,157,141,298
8685,195,180,375
8685,184,155,339
8685,146,154,300
8685,179,173,352
8685,159,116,275
8685,191,139,330
8685,137,142,279
8686,137,138,275
8686,203,181,384
8686,150,169,319
8686,144,119,263
8686,162,113,275
8686,147,132,279
8686,155,187,342
8686,238,217,455
8686,196,206,402
8686,119,121,240
8686,155,172,327
8686,157,113,270
8686,143,158,301
8686,117,114,231
8686,147,159,306
8686,139,114,253
8686,251,240,491
8686,165,128,293
8686,185,136,321
8686,124,126,250
8686,245,252,497
8686,188,182,370
8686,203,179,382
8686,165,128,293
8686,157,142,299
8686,147,164,311
8686,133,122,255
8686,155,173,328
8686,192,177,369
8686,194,158,352
8686,101,94,195
8686,133,133,266
8686,162,172,334
8686,169,144,313
8686,150,169,319
8686,221,267,488
8686,144,160,304
8686,117,114,231
8687,171,190,361
8687,152,112,264
8687,190,192,382
8687,137,113,250
8687,267,243,510
8687,141,120,261
8687,163,136,299
8687,103,95,198
8687,169,145,314
8687,163,128,291
8687,128,129,257
8687,176,153,329
8687,154,171,325
8687,173,194,367
8687,119,120,239
8687,163,128,291
8687,147,166,313
8687,134,140,274
8687,170,154,324
8687,247,257,504
8687,187,174,361
8687,139,146,285
8687,115,113,228
8687,115,113,228
8687,224,211,435
8687,146,158,304
8687,170,154,324
8687,145,165,310
8687,155,181,336
8687,172,167,339
8687,150,170,320
8687,179,204,383
8687,170,134,304
8687,155,172,327
8687,132,121,253
8687,219,260,479
8687,143,110,253
8687,186,174,360
8688,153,127,280
8688,113,96,209
8688,148,111,259
8688,120,118,238
8688,147,125,272
8688,184,155,339
8688,153,127,280
8688,170,144,314
8688,145,140,285
8688,185,182,367
8688,174,187,361
8688,162,136,298
8688,222,218,440
8688,115,110,225
8688,183,153,336
8688,154,178,332
8688,194,205,399
8688,254,241,495
8688,128,105,233
8688,185,181,366
8688,172,207,379
8688,153,150,303
8688,153,166,319
8688,136,113,249
8688,172,145,317
8688,220,257,477
8688,140,117,257
8688,142,155,297
8688,197,141,338
8688,153,150,303
8688,115,110,225
8688,131,139,270
8688,167,180,347
8688,250,256,506
8688,180,141,321
8688,137,140,277
8688,135,142,277
8688,150,173,323
8689,152,180,332
8689,150,147,297
8689,114,108,222
8689,147,161,308
8689,127,117,244
8689,254,277,531
8689,114,108,222
8689,150,162,312
8689,137,114,251
8689,224,233,457
8689,192,194,386
8689,145,110,255
8689,120,114,234
8689,155,125,280
8689,131,108,239
8689,193,141,334
8689,132,148,280
8689,176,172,348
8689,166,146,312
8689,149,125,274
8689,135,132,267
8689,119,96,215
8689,138,139,277
8689,185,154,339
8689,150,147,297
8689,147,148,295
8689,167,184,351
8689,190,188,378
8689,172,206,378
8689,172,184,356
8689,155,125,280
8689,146,159,305
8689,181,136,317
8689,154,133,287
8689,233,244,477
8689,223,267,490
8689,183,182,365
8689,140,155,295
8690,152,125,277
8690,145,124,269
8690,113,106,219
8690,138,144,282
8690,181,146,327
8690,189,177,366
8690,120,120,240
8690,190,175,365
8690,139,109,248
8690,120,96,216
8690,172,143,315
8690,179,138,317
8690,172,166,338
8690,138,114,252
8690,234,250,484
8690,158,149,307
8690,145,152,297
8690,136,136,272
8690,248,247,495
8690,151,163,314
8690,152,125,277
8690,177,193,370
8690,153,132,285
8690,130,145,275
8690,134,110,244
8690,153,178,331
8690,158,149,307
8690,113,106,219
8690,166,177,343
8690,171,202,373
8690,223,241,464
8690,184,181,365
8690,193,187,380
8690,131,119,250
8690,149,151,300
8690,139,151,290
8690,249,270,519
8690,161,142,303
8691,144,155,299
8691,137,143,280
8691,185,152,337
8691,136,141,277
8691,161,141,302
8691,132,146,278
8691,187,166,353
8691,157,126,283
8691,168,153,321
8691,153,146,299
8691,173,152,325
8691,153,146,299
8691,241,260,501
8691,144,122,266
8691,171,173,344
8691,113,104,217
8691,148,131,279
8691,173,138,311
8691,153,163,316
8691,222,230,452
8691,260,248,508
8691,181,149,330
8691,134,134,268
8691,172,196,368
8691,145,110,255
8691,113,104,217
8691,153,179,332
8691,148,112,260
8691,179,205,384
8691,135,120,255
8691,206,188,394
8691,157,126,283
8691,183,175,358
8691,119,96,215
8691,136,113,249
8691,237,245,482
8691,145,136,281
8691,118,118,236
8692,160,140,300
8692,173,149,322
8692,155,185,340
8692,113,95,208
8692,203,188,391
8692,173,207,380
8692,194,166,360
8692,133,119,252
8692,131,145,276
8692,146,148,294
8692,114,109,223
8692,135,142,277
8692,180,156,336
8692,279,255,534
8692,143,113,256
8692,139,153,292
8692,144,131,275
8692,157,127,284
8692,156,170,326
8692,233,243,476
8692,114,109,223
8692,223,225,448
8692,235,244,479
8692,173,145,318
8692,141,112,253
8692,142,126,268
8692,172,178,350
8692,153,148,301
8692,170,158,328
8692,145,143,288
8692,156,158,314
8692,175,196,371
8692,157,127,284
8692,125,114,239
8692,186,184,370
8692,138,112,250
8692,153,148,301
8692,134,141,275
8693,171,179,350
8693,151,113,264
8693,224,227,451
8693,161,127,288
8693,158,176,334
8693,152,177,329
8693,116,112,228
8693,227,235,462
8693,251,277,528
8693,116,112,228
8693,191,196,387
8693,132,133,265
8693,172,148,320
8693,148,146,294
8693,167,152,319
8693,143,136,279
8693,143,144,287
8693,148,146,294
8693,139,152,291
8693,191,179,370
8693,142,125,267
8693,196,185,381
8693,127,115,242
8693,104,93,197
8693,134,112,246
8693,144,112,256
8693,249,241,490
8693,145,125,270
8693,161,127,288
8693,163,138,301
8693,178,154,332
8693,209,191,400
8693,154,140,294
8693,129,137,266
8693,171,152,323
8693,203,167,370
8693,179,148,327
8693,146,139,285
8694,163,127,290
8694,157,148,305
8694,146,125,271
8694,171,202,373
8694,134,117,251
8694,134,131,265
8694,130,138,268
8694,138,132,270
8694,154,141,295
8694,159,131,290
8694,165,151,316
8694,145,124,269
8694,153,147,300
8694,207,190,397
8694,146,112,258
8694,225,225,450
8694,142,158,300
8694,205,181,386
8694,164,141,305
8694,223,190,413
8694,174,169,343
8694,193,165,358
8694,157,148,305
8694,231,240,471
8694,120,126,246
8694,149,111,260
8694,257,237,494
8694,120,126,246
8694,159,176,335
8694,161,130,291
8694,153,177,330
8694,130,112,242
8694,186,150,336
8694,161,130,291
8694,249,265,514
8694,143,146,289
8694,108,96,204
8694,175,155,330
8695,183,154,337
8695,142,120,262
8695,215,189,404
8695,147,145,292
8695,172,199,371
8695,190,196,386
8695,222,219,441
8695,159,149,308
8695,146,125,271
8695,141,146,287
8695,147,145,292
8695,180,154,334
8695,145,112,257
8695,179,146,325
8695,150,134,284
8695,123,140,263
8695,156,150,306
8695,129,136,265
8695,137,113,250
8695,165,131,296
8695,245,258,503
8695,191,167,358
8695,123,140,263
8695,167,152,319
8695,118,98,216
8695,146,164,310
8695,227,255,482
8695,133,135,268
8695,162,132,294
8695,140,122,262
8695,136,142,278
8695,165,131,296
8695,155,183,338
8695,167,127,294
8695,179,207,386
8695,153,115,268
8695,262,236,498
8695,172,171,343
8696,155,192,347
8696,177,154,331
8696,241,252,493
8696,237,248,485
8696,170,142,312
8696,174,149,323
8696,156,125,281
8696,135,140,275
8696,122,141,263
8696,171,172,343
8696,243,241,484
8696,153,112,265
8696,168,144,312
8696,156,125,281
8696,131,124,255
8696,134,132,266
8696,175,155,330
8696,138,116,254
8696,211,189,400
8696,157,123,280
8696,133,117,250
8696,140,134,274
8696,177,200,377
8696,153,165,318
8696,154,133,287
8696,222,228,450
8696,192,203,395
8696,153,165,318
8696,168,156,324
8696,122,141,263
8696,171,196,367
8696,117,97,214
8696,152,145,297
8696,136,132,268
8696,199,167,366
8696,129,136,265
8696,146,123,269
8696,152,115,267
8697,131,144,275
8697,126,142,268
8697,153,113,266
8697,211,187,398
8697,126,142,268
8697,236,223,459
8697,156,182,338
8697,241,241,482
8697,245,240,485
8697,148,160,308
8697,143,133,276
8697,168,157,325
8697,203,184,387
8697,148,160,308
8697,133,118,251
8697,149,121,270
8697,178,176,354
8697,255,228,483
8697,186,164,350
8697,164,145,309
8697,155,183,338
8697,132,119,251
8697,147,123,270
8697,131,128,259
8697,196,181,377
8697,143,132,275
8697,170,154,324
8697,142,159,301
8697,140,116,256
8697,147,123,270
8697,156,146,302
8697,134,141,275
8697,122,99,221
8697,165,146,311
8697,155,137,292
8697,159,117,276
8697,192,204,396
8697,143,153,296
8698,154,174,328
8698,143,156,299
8698,174,147,321
8698,130,101,231
8698,133,149,282
8698,173,199,372
8698,228,249,477
8698,123,143,266
8698,193,166,359
8698,152,124,276
8698,212,182,394
8698,140,117,257
8698,164,142,306
8698,167,147,314
8698,147,124,271
8698,198,183,381
8698,162,133,295
8698,154,174,328
8698,137,119,256
8698,249,272,521
8698,169,116,285
8698,192,202,394
8698,147,112,259
8698,137,147,284
8698,164,155,319
8698,168,175,343
8698,244,226,470
8698,149,168,317
8698,151,123,274
8698,131,124,255
8698,151,123,274
8698,155,137,292
8698,168,147,315
8698,152,134,286
8698,255,228,483
8698,123,143,266
8698,156,172,328
8698,140,151,291
8699,156,114,270
8699,138,148,286
8699,153,126,279
8699,121,142,263
8699,143,118,261
8699,159,125,284
8699,187,176,363
8699,171,185,356
8699,194,185,379
8699,165,118,283
8699,150,167,317
8699,129,127,256
8699,136,129,265
8699,163,152,315
8699,195,204,399
8699,225,240,465
8699,233,240,473
8699,160,132,292
8699,155,172,327
8699,189,167,356
8699,181,146,327
8699,128,138,266
8699,144,125,269
8699,167,161,328
8699,137,117,254
8699,121,142,263
8699,163,152,315
8699,178,143,321
8699,134,102,236
8699,168,150,318
8699,154,170,324
8699,190,179,369
8699,162,139,301
8699,140,142,282
8699,256,229,485
8699,144,125,269
8699,140,155,295
8699,240,252,492
8700,154,167,321
8700,197,179,376
8700,163,150,313
8700,161,139,300
8700,174,170,344
8700,140,150,290
8700,261,236,497
8700,159,114,273
8700,133,144,277
8700,160,178,338
8700,138,145,283
8700,191,184,375
8700,124,143,267
8700,254,227,481
8700,142,160,302
8700,143,128,271
8700,143,128,271
8700,179,179,358
8700,213,171,384
8700,154,176,330
8700,124,143,267
8700,138,151,289
8700,127,149,276
8700,133,102,235
8700,170,144,314
8700,153,169,322
8700,241,254,495
8700,159,116,275
8700,229,255,484
8700,158,138,296
8700,144,122,266
8700,153,162,315
8700,154,176,330
8700,139,148,287
8700,164,133,297
8700,130,122,252
8700,147,117,264
8700,174,208,382
8701,160,135,295
8701,155,113,268
8701,137,145,282
8701,126,100,226
8701,180,153,333
8701,167,142,309
8701,124,144,268
8701,152,130,282
8701,185,185,370
8701,174,191,365
8701,183,160,343
8701,150,151,301
8701,162,140,302
8701,186,180,366
8701,147,126,273
8701,276,256,532
8701,172,169,341
8701,153,162,315
8701,143,123,266
8701,158,124,282
8701,136,143,279
8701,164,141,305
8701,138,142,280
8701,225,236,461
8701,231,264,495
8701,124,144,268
8701,183,160,343
8701,170,173,343
8701,140,115,255
8701,127,139,266
8701,239,259,498
8701,160,116,276
8701,194,185,379
8701,132,128,260
8701,169,169,338
8701,147,126,273
8701,135,146,281
8701,209,169,378
8702,133,129,262
8702,151,128,279
8702,134,140,274
8702,205,187,392
8702,185,155,340
8702,172,140,312
8702,180,179,359
8702,153,163,316
8702,178,136,314
8702,161,143,304
8702,141,117,258
8702,153,115,268
8702,131,125,256
8702,173,170,343
8702,219,229,448
8702,165,148,313
8702,151,128,279
8702,142,123,265
8702,124,147,271
8702,136,138,274
8702,229,259,488
8702,186,155,341
8702,143,111,254
8702,268,239,507
8702,201,184,385
8702,158,183,341
8702,124,147,271
8702,158,183,341
8702,204,168,372
8702,188,180,368
8702,249,281,530
8702,120,96,216
8702,145,118,263
8702,136,146,282
8702,135,140,275
8702,161,140,301
8702,150,131,281
8702,180,174,354
8703,146,140,286
8703,149,135,284
8703,238,251,489
8703,156,115,271
8703,151,140,291
8703,162,144,306
8703,230,259,489
8703,145,125,270
8703,195,183,378
8703,162,140,302
8703,155,178,333
8703,219,216,435
8703,276,258,534
8703,124,117,241
8703,153,163,316
8703,188,180,368
8703,135,142,277
8703,202,187,389
8703,204,184,388
8703,168,174,342
8703,206,168,374
8703,142,110,252
8703,155,129,284
8703,155,178,333
8703,143,117,260
8703,124,141,265
8703,124,141,265
8703,188,156,344
8703,155,173,328
8703,189,158,347
8703,129,124,253
8703,138,127,265
8703,170,134,304
8703,118,98,216
8703,160,169,329
8703,135,141,276
8703,155,129,284
8703,140,141,281
8704,140,129,269
8704,174,167,341
8704,122,116,238
8704,263,234,497
8704,148,126,274
8704,156,137,293
8704,195,179,374
8704,239,249,488
8704,189,186,375
8704,157,183,340
8704,157,183,340
8704,150,121,271
8704,136,136,272
8704,231,260,491
8704,129,100,229
8704,174,205,379
8704,174,143,317
8704,136,148,284
8704,210,169,379
8704,148,124,272
8704,141,115,256
8704,150,121,271
8704,133,123,256
8704,161,143,304
8704,192,186,378
8704,168,142,310
8704,172,133,305
8704,155,112,267
8704,139,141,280
8704,183,155,338
8704,151,159,310
8704,221,211,432
8704,163,139,302
8704,154,161,315
8704,148,126,274
8704,143,110,253
8704,162,171,333
8704,185,179,364
8705,157,184,341
8705,138,122,260
8705,157,141,298
8705,123,100,223
8705,183,181,364
8705,152,154,306
8705,165,169,334
8705,230,245,475
8705,135,140,275
8705,126,110,236
8705,154,172,326
8705,270,248,518
8705,130,132,262
8705,150,115,265
8705,159,129,288
8705,206,186,392
8705,179,144,323
8705,158,177,335
8705,122,122,244
8705,178,174,352
8705,222,211,433
8705,159,129,288
8705,152,130,282
8705,132,130,262
8705,194,204,398
8705,200,164,364
8705,139,143,282
8705,157,172,329
8705,125,145,270
8705,125,145,270
8705,199,139,338
8705,157,184,341
8705,156,133,289
8705,165,139,304
8705,255,235,490
8705,138,108,246
8705,202,181,383
8705,175,205,380
8706,188,178,366
8706,164,128,292
8706,136,150,286
8706,144,122,266
8706,271,249,520
8706,132,147,279
8706,151,141,292
8706,162,153,315
8706,179,157,336
8706,131,136,267
8706,198,200,398
8706,178,176,354
8706,121,116,237
8706,148,129,277
8706,167,141,308
8706,141,109,250
8706,224,211,435
8706,164,128,292
8706,172,143,315
8706,156,170,326
8706,157,177,334
8706,164,148,312
8706,171,193,364
8706,123,141,264
8706,155,113,268
8706,154,173,327
8706,268,236,504
8706,186,167,353
8706,124,110,234
8706,179,157,336
8706,144,131,275
8706,169,207,376
8706,149,166,315
8706,190,196,386
8706,136,104,240
8706,123,141,264
8706,231,249,480
8706,136,137,273
8707,136,137,273
8707,170,154,324
8707,165,141,306
8707,189,173,362
8707,148,129,277
8707,198,218,416
8707,131,106,237
8707,112,128,240
8707,236,217,453
8707,157,168,325
8707,162,131,293
8707,167,158,325
8707,153,159,312
8707,126,143,269
8707,192,186,378
8707,165,143,308
8707,169,198,367
8707,181,175,356
8707,170,154,324
8707,163,119,282
8707,126,143,269
8707,150,161,311
8707,157,178,335
8707,144,123,267
8707,177,178,355
8707,136,148,284
8707,162,131,293
8707,267,250,517
8707,157,142,299
8707,231,246,477
8707,162,154,316
8707,121,115,236
8707,241,228,469
8707,201,185,386
8707,140,144,284
8707,123,130,253
8707,157,134,291
8707,130,131,261
8708,134,132,266
8708,187,162,349
8708,171,136,307
8708,142,117,259
8708,172,142,314
8708,166,140,306
8708,169,181,350
8708,168,195,363
8708,160,168,328
8708,190,185,375
8708,162,117,279
8708,265,245,510
8708,152,169,321
8708,145,122,267
8708,188,155,343
8708,121,110,231
8708,157,141,298
8708,151,153,304
8708,153,142,295
8708,160,129,289
8708,173,170,343
8708,193,199,392
8708,261,236,497
8708,173,188,361
8708,142,117,259
8708,167,140,307
8708,188,176,364
8708,124,134,258
8708,146,129,275
8708,260,239,499
8708,160,129,289
8708,137,139,276
8708,112,125,237
8708,187,162,349
8708,125,106,231
8708,167,163,330
8708,156,140,296
8708,237,215,452
8709,191,138,329
8709,190,194,384
8709,135,148,283
8709,147,171,318
8709,165,145,310
8709,179,155,334
8709,154,133,287
8709,149,149,298
8709,159,138,297
8709,173,120,293
8709,132,120,252
8709,168,193,361
8709,136,135,271
8709,123,141,264
8709,194,181,375
8709,185,169,354
8709,240,236,476
8709,147,146,293
8709,155,174,329
8709,139,103,242
8709,146,143,289
8709,126,112,238
8709,251,265,516
8709,134,137,271
8709,162,130,292
8709,201,183,384
8709,157,137,294
8709,123,141,264
8709,239,256,495
8709,123,105,228
8709,162,130,292
8709,155,174,329
8709,227,216,443
8709,193,185,378
8709,173,158,331
8709,131,120,251
8709,133,126,259
8709,146,155,301
8710,150,154,304
8710,152,143,295
8710,200,184,384
8710,178,156,334
8710,137,103,240
8710,156,169,325
8710,138,151,289
8710,159,180,339
8710,152,148,300
8710,203,186,389
8710,180,159,339
8710,223,234,457
8710,167,183,350
8710,131,118,249
8710,159,180,339
8710,125,113,238
8710,241,254,495
8710,182,135,317
8710,135,128,263
8710,168,133,301
8710,124,142,266
8710,192,194,386
8710,157,143,300
8710,168,141,309
8710,139,145,284
8710,174,149,323
8710,256,243,499
8710,124,142,266
8710,130,121,251
8710,132,141,273
8710,176,201,377
8710,169,142,311
8710,219,212,431
8710,168,133,301
8710,128,110,238
8710,144,141,285
8710,192,163,355
8710,151,160,311
8711,180,157,337
8711,141,105,246
8711,136,128,264
8711,172,133,305
8711,185,165,350
8711,141,146,287
8711,153,121,274
8711,197,185,382
8711,183,158,341
8711,197,183,380
8711,153,121,274
8711,127,120,247
8711,158,180,338
8711,173,147,320
8711,154,130,284
8711,223,222,445
8711,136,155,291
8711,151,154,305
8711,142,139,281
8711,121,109,230
8711,148,162,310
8711,122,116,238
8711,171,174,345
8711,251,260,511
8711,172,176,348
8711,158,145,303
8711,177,135,312
8711,158,180,338
8711,172,133,305
8711,230,235,465
8711,117,116,233
8711,155,135,290
8711,248,230,478
8711,133,133,266
8711,156,171,327
8711,166,152,318
8711,187,190,377
8711,140,131,271
8712,199,182,381
8712,182,159,341
8712,168,131,299
8712,180,179,359
8712,185,164,349
8712,222,213,435
8712,149,158,307
8712,173,118,291
8712,147,159,306
8712,128,122,250
8712,142,127,269
8712,250,247,497
8712,149,133,282
8712,158,180,338
8712,192,136,328
8712,158,180,338
8712,126,118,244
8712,148,120,268
8712,179,210,389
8712,148,120,268
8712,136,142,278
8712,158,183,341
8712,155,143,298
8712,153,174,327
8712,240,237,477
8712,255,230,485
8712,120,116,236
8712,154,138,292
8712,168,131,299
8712,139,142,281
8712,122,109,231
8712,137,158,295
8712,209,186,395
8712,140,130,270
8712,169,175,344
8712,197,213,410
8712,171,146,317
8712,115,128,243
8713,150,168,318
8713,189,160,349
8713,175,174,349
8713,157,178,335
8713,169,131,300
8713,190,181,371
8713,145,144,289
8713,128,120,248
8713,130,128,258
8713,185,159,344
8713,166,146,312
8713,170,119,289
8713,178,207,385
8713,227,214,441
8713,278,254,532
8713,113,126,239
8713,167,126,293
8713,238,236,474
8713,244,231,475
8713,194,209,403
8713,149,142,291
8713,173,185,358
8713,189,136,325
8713,143,118,261
8713,144,153,297
8713,150,154,304
8713,157,178,335
8713,149,134,283
8713,136,147,283
8713,169,131,300
8713,138,159,297
8713,224,188,412
8713,126,123,249
8713,143,118,261
8713,176,177,353
8713,153,134,287
8713,129,121,250
8713,126,109,235
8714,221,213,434
8714,162,117,279
8714,178,146,324
8714,190,177,367
8714,176,175,351
8714,173,130,303
8714,141,121,262
8714,132,111,243
8714,164,127,291
8714,198,164,362
8714,147,152,299
8714,153,136,289
8714,166,127,293
8714,141,121,262
8714,147,144,291
8714,138,150,288
8714,149,163,312
8714,124,106,230
8714,186,178,364
8714,149,132,281
8714,136,122,258
8714,149,163,312
8714,173,130,303
8714,120,117,237
8714,196,192,388
8714,275,254,529
8714,145,132,277
8714,182,149,331
8714,111,125,236
8714,140,132,272
8714,180,205,385
8714,167,171,338
8714,134,153,287
8714,155,175,330
8714,144,142,286
8714,238,235,473
8714,219,187,406
8714,266,237,503
8715,146,164,310
8715,156,176,332
8715,221,213,434
8715,178,133,311
8715,144,119,263
8715,196,182,378
8715,111,120,231
8715,136,120,256
8715,180,150,330
8715,272,235,507
8715,181,177,358
8715,145,168,313
8715,126,118,244
8715,159,136,295
8715,144,119,263
8715,141,140,281
8715,146,140,286
8715,135,135,270
8715,153,174,327
8715,197,208,405
8715,125,109,234
8715,230,235,465
8715,140,150,290
8715,124,129,253
8715,187,175,362
8715,151,133,284
8715,157,133,290
8715,248,260,508
8715,175,155,330
8715,190,179,369
8715,167,130,297
8715,148,161,309
8715,143,116,259
8715,197,203,400
8715,161,125,286
8715,172,144,316
8715,153,174,327
8715,167,130,297
8716,125,135,260
8716,168,141,309
8716,184,163,347
8716,141,134,275
8716,184,163,347
8716,166,127,293
8716,178,156,334
8716,137,142,279
8716,171,183,354
8716,248,257,505
8716,168,139,307
8716,149,133,282
8716,260,235,495
8716,158,127,285
8716,158,127,285
8716,121,116,237
8716,204,187,391
8716,196,196,392
8716,155,172,327
8716,195,194,389
8716,168,121,289
8716,219,236,455
8716,127,107,234
8716,223,231,454
8716,169,174,343
8716,194,138,332
8716,143,118,261
8716,179,175,354
8716,151,154,305
8716,111,114,225
8716,149,162,311
8716,124,109,233
8716,173,143,316
8716,143,118,261
8716,187,143,330
8716,178,148,326
8716,136,141,277
8716,194,206,400
8717,256,231,487
8717,198,199,397
8717,187,156,343
8717,193,177,370
8717,124,106,230
8717,111,116,227
8717,149,137,286
8717,170,121,291
8717,152,134,286
8717,221,233,454
8717,200,183,383
8717,122,111,233
8717,155,135,290
8717,159,178,337
8717,223,224,447
8717,196,201,397
8717,196,140,336
8717,122,118,240
8717,173,197,370
8717,158,128,286
8717,124,127,251
8717,167,146,313
8717,149,163,312
8717,159,178,337
8717,167,126,293
8717,159,136,295
8717,152,161,313
8717,249,243,492
8717,122,111,233
8717,139,160,299
8717,169,153,322
8717,145,140,285
8717,158,128,286
8717,182,172,354
8717,167,172,339
8717,138,148,286
8717,148,159,307
8717,132,108,240
8718,154,162,316
8718,162,130,292
8718,152,149,301
8718,144,156,300
8718,216,237,453
8718,247,254,501
8718,160,125,285
8718,183,157,340
8718,226,177,403
8718,154,165,319
8718,155,168,323
8718,142,142,284
8718,127,136,263
8718,123,109,232
8718,111,116,227
8718,191,175,366
8718,146,135,281
8718,194,192,386
8718,166,146,312
8718,168,173,341
8718,162,130,292
8718,143,140,283
8718,177,206,383
8718,190,177,367
8718,133,146,279
8718,115,113,228
8718,256,233,489
8718,137,147,284
8718,139,110,249
8718,127,120,247
8718,164,137,301
8718,150,134,284
8718,154,159,313
8718,166,148,314
8718,154,162,316
8718,224,223,447
8718,195,182,377
8718,115,113,228
8719,152,159,311
8719,139,109,248
8719,200,182,382
8719,161,133,294
8719,189,163,352
8719,130,131,261
8719,125,133,258
8719,255,244,499
8719,117,111,228
8719,146,121,267
8719,173,205,378
8719,144,164,308
8719,169,147,316
8719,198,199,397
8719,163,140,303
8719,157,178,335
8719,166,146,312
8719,184,159,343
8719,225,240,465
8719,194,184,378
8719,141,139,280
8719,158,129,287
8719,134,121,255
8719,117,111,228
8719,137,145,282
8719,209,174,383
8719,137,132,269
8719,125,114,239
8719,249,233,482
8719,156,161,317
8719,111,118,229
8719,158,129,287
8719,177,211,388
8719,155,134,289
8719,183,176,359
8719,225,258,483
8719,184,159,343
8719,151,143,294
8720,181,152,333
8720,258,233,491
8720,159,131,290
8720,153,155,308
8720,156,174,330
8720,160,126,286
8720,115,112,227
8720,133,138,271
8720,229,191,420
8720,152,158,310
8720,152,124,276
8720,132,139,271
8720,206,190,396
8720,123,118,241
8720,197,185,382
8720,150,154,304
8720,165,132,297
8720,221,241,462
8720,150,154,304
8720,134,110,244
8720,112,120,232
8720,204,179,383
8720,253,261,514
8720,158,168,326
8720,173,120,293
8720,228,246,474
8720,165,132,297
8720,172,136,308
8720,170,174,344
8720,140,153,293
8720,210,173,383
8720,115,112,227
8720,143,163,306
8720,148,132,280
8720,209,183,392
8720,178,145,323
8720,122,111,233
8720,175,184,359
8721,159,126,285
8721,273,235,508
8721,178,214,392
8721,152,170,322
8721,145,131,276
8721,179,176,355
8721,111,121,232
8721,166,132,298
8721,127,119,246
8721,169,182,351
8721,259,276,535
8721,222,187,409
8721,178,197,375
8721,158,133,291
8721,229,253,482
8721,153,162,315
8721,144,145,289
8721,148,138,286
8721,166,132,298
8721,189,157,346
8721,153,162,315
8721,152,129,281
8721,221,248,469
8721,128,110,238
8721,205,165,370
8721,155,171,326
8721,131,133,264
8721,150,153,303
8721,134,139,273
8721,208,171,379
8721,115,117,232
8721,140,146,286
8721,115,117,232
8721,137,111,248
8721,196,205,401
8721,185,151,336
8721,136,150,286
8721,171,130,301
8722,160,173,333
8722,134,141,275
8722,149,132,281
8722,152,157,309
8722,170,134,304
8722,136,141,277
8722,225,255,480
8722,143,144,287
8722,138,141,279
8722,152,157,309
8722,129,112,241
8722,115,118,233
8722,150,163,313
8722,216,185,401
8722,239,245,484
8722,134,143,277
8722,175,206,381
8722,139,112,251
8722,145,132,277
8722,175,175,350
8722,207,172,379
8722,170,134,304
8722,115,118,233
8722,152,169,321
8722,151,154,305
8722,128,118,246
8722,194,177,371
8722,168,129,297
8722,253,233,486
8722,195,199,394
8722,111,117,228
8722,166,169,335
8722,252,265,517
8722,163,128,291
8722,201,162,363
8722,140,126,266
8722,175,149,324
8722,166,136,302
8723,141,150,291
8723,135,132,267
8723,117,123,240
8723,150,150,300
8723,117,123,240
8723,197,168,365
8723,152,132,284
8723,157,134,291
8723,146,113,259
8723,132,140,272
8723,214,184,398
8723,247,250,497
8723,178,174,352
8723,233,236,469
8723,179,214,393
8723,166,128,294
8723,157,203,360
8723,130,119,249
8723,205,163,368
8723,254,232,486
8723,142,142,284
8723,151,158,309
8723,160,131,291
8723,149,156,305
8723,170,147,317
8723,135,115,250
8723,174,152,326
8723,180,132,312
8723,129,123,252
8723,135,138,273
8723,151,158,309
8723,177,145,322
8723,113,124,237
8723,160,131,291
8723,148,133,281
8723,199,213,412
8723,221,246,467
8723,190,175,365
8724,113,123,236
8724,168,128,296
8724,196,187,383
8724,205,184,389
8724,138,118,256
8724,153,190,343
8724,154,129,283
8724,139,142,281
8724,165,148,313
8724,130,126,256
8724,141,154,295
8724,137,144,281
8724,218,191,409
8724,118,121,239
8724,234,230,464
8724,180,146,326
8724,151,162,313
8724,152,157,309
8724,197,161,358
8724,170,185,355
8724,213,176,389
8724,148,131,279
8724,128,110,238
8724,175,131,306
8724,118,121,239
8724,154,176,330
8724,167,151,318
8724,121,117,238
8724,249,230,479
8724,143,143,286
8724,158,130,288
8724,224,248,472
8724,158,130,288
8724,174,172,346
8724,151,162,313
8724,145,160,305
8724,138,125,263
8724,252,262,514
8725,143,131,274
8725,117,124,241
8725,217,178,395
8725,176,183,359
8725,137,111,248
8725,117,124,241
8725,154,160,314
8725,149,152,301
8725,234,238,472
8725,154,154,308
8725,131,136,267
8725,157,131,288
8725,143,138,281
8725,141,150,291
8725,149,146,295
8725,173,134,307
8725,110,124,234
8725,201,213,414
8725,148,122,270
8725,139,123,262
8725,139,141,280
8725,155,179,334
8725,169,173,342
8725,157,131,288
8725,144,153,297
8725,224,237,461
8725,174,151,325
8725,147,158,305
8725,175,133,308
8725,234,226,460
8725,150,179,329
8725,167,174,341
8725,163,128,291
8725,198,183,381
8725,194,186,380
8725,274,252,526
8725,117,114,231
8725,154,154,308
8726,148,166,314
8726,222,182,404
8726,110,120,230
8726,195,186,381
8726,141,131,272
8726,177,150,327
8726,197,201,398
8726,237,232,469
8726,201,184,385
8726,154,130,284
8726,139,145,284
8726,159,150,309
8726,154,162,316
8726,149,121,270
8726,147,153,300
8726,163,127,290
8726,135,130,265
8726,175,154,329
8726,201,162,363
8726,120,130,250
8726,194,181,375
8726,147,153,300
8726,178,189,367
8726,130,125,255
8726,125,120,245
8726,221,231,452
8726,164,149,313
8726,242,229,471
8726,120,130,250
8726,126,107,233
8726,154,130,284
8726,154,183,337
8726,167,127,294
8726,259,246,505
8726,118,119,237
8726,149,133,282
8726,181,136,317
8726,145,154,299
8727,109,118,227
8727,142,135,277
8727,178,196,374
8727,159,139,298
8727,130,138,268
8727,146,150,296
8727,179,131,310
8727,161,152,313
8727,141,151,292
8727,174,155,329
8727,223,237,460
8727,161,177,338
8727,193,186,379
8727,116,116,232
8727,154,170,324
8727,153,178,331
8727,150,171,321
8727,194,189,383
8727,256,233,489
8727,130,130,260
8727,142,172,314
8727,139,111,250
8727,184,136,320
8727,150,132,282
8727,157,132,289
8727,141,128,269
8727,173,180,353
8727,240,249,489
8727,117,125,242
8727,161,125,286
8727,192,191,383
8727,179,199,378
8727,157,132,289
8727,260,241,501
8727,150,171,321
8727,117,125,242
8727,150,121,271
8727,216,186,402
8728,154,186,340
8728,155,125,280
8728,142,169,311
8728,165,152,317
8728,240,252,492
8728,175,135,310
8728,165,152,317
8728,138,130,268
8728,155,132,287
8728,183,132,315
8728,144,119,263
8728,226,241,467
8728,150,164,314
8728,125,126,251
8728,255,231,486
8728,136,127,263
8728,150,116,266
8728,141,131,272
8728,140,133,273
8728,192,201,393
8728,121,128,249
8728,179,197,376
8728,191,186,377
8728,111,119,230
8728,155,132,287
8728,121,128,249
8728,143,161,304
8728,152,167,319
8728,215,186,401
8728,183,200,383
8728,205,190,395
8728,174,180,354
8728,158,164,322
8728,150,164,314
8728,268,243,511
8728,158,139,297
8728,121,130,251
8728,176,144,320
8729,153,177,330
8729,162,151,313
8729,202,163,365
8729,150,152,302
8729,139,148,287
8729,166,171,337
8729,194,178,372
8729,116,121,237
8729,157,132,289
8729,142,118,260
8729,116,121,237
8729,130,143,273
8729,157,132,289
8729,212,184,396
8729,176,145,321
8729,173,208,381
8729,124,144,268
8729,191,207,398
8729,229,243,472
8729,229,265,494
8729,168,125,293
8729,162,119,281
8729,164,127,291
8729,143,129,272
8729,150,152,302
8729,169,147,316
8729,143,142,285
8729,167,154,321
8729,176,134,310
8729,110,115,225
8729,160,166,326
8729,262,240,502
8729,179,148,327
8729,148,133,281
8729,148,132,280
8729,141,126,267
8729,241,257,498
8729,191,182,373
8730,143,129,272
8730,128,131,259
8730,250,231,481
8730,154,132,286
8730,147,166,313
8730,111,115,226
8730,115,116,231
8730,173,172,345
8730,191,200,391
8730,173,204,377
8730,159,166,325
8730,236,260,496
8730,173,185,358
8730,153,131,284
8730,239,245,484
8730,151,133,284
8730,195,190,385
8730,225,250,475
8730,153,151,304
8730,161,134,295
8730,143,149,292
8730,149,120,269
8730,150,176,326
8730,125,151,276
8730,138,118,256
8730,161,134,295
8730,153,151,304
8730,164,128,292
8730,167,146,313
8730,138,148,286
8730,181,147,328
8730,154,149,303
8730,174,156,330
8730,219,187,406
8730,169,131,300
8730,115,116,231
8730,137,128,265
8730,173,172,345
8731,150,164,314
8731,155,187,342
8731,116,114,230
8731,123,142,265
8731,179,213,392
8731,197,201,398
8731,192,206,398
8731,169,154,323
8731,162,151,313
8731,166,133,299
8731,133,152,285
8731,169,128,297
8731,151,131,282
8731,150,164,314
8731,169,172,341
8731,148,122,270
8731,250,244,494
8731,161,133,294
8731,260,244,504
8731,154,128,282
8731,134,154,288
8731,137,138,275
8731,112,119,231
8731,168,171,339
8731,154,120,274
8731,150,133,283
8731,232,233,465
8731,170,147,317
8731,132,138,270
8731,116,114,230
8731,148,165,313
8731,155,157,312
8731,227,247,474
8731,177,190,367
8731,192,193,385
8731,151,131,282
8731,139,136,275
8731,157,131,288
8732,157,124,281
8732,145,130,275
8732,134,128,262
8732,162,128,290
8732,155,120,275
8732,172,145,317
8732,144,155,299
8732,157,183,340
8732,165,125,290
8732,115,111,226
8732,166,128,294
8732,137,126,263
8732,149,152,301
8732,148,130,278
8732,239,265,504
8732,165,131,296
8732,198,207,405
8732,182,173,355
8732,148,130,278
8732,146,128,274
8732,226,261,487
8732,134,158,292
8732,132,142,274
8732,203,163,366
8732,194,207,401
8732,115,111,226
8732,155,153,308
8732,181,197,378
8732,246,235,481
8732,192,188,380
8732,228,246,474
8732,159,150,309
8732,172,154,326
8732,122,141,263
8732,113,121,234
8732,223,182,405
8732,149,152,301
8732,149,129,278
8733,149,130,279
8733,135,129,264
8733,152,130,282
8733,136,128,264
8733,147,127,274
8733,163,132,295
8733,200,214,414
8733,182,176,358
8733,114,124,238
8733,117,117,234
8733,175,180,355
8733,256,237,493
8733,237,260,497
8733,158,128,286
8733,164,128,292
8733,225,253,478
8733,148,131,279
8733,136,162,298
8733,130,134,264
8733,216,187,403
8733,194,190,384
8733,171,156,327
8733,121,134,255
8733,159,164,323
8733,180,199,379
8733,160,186,346
8733,229,242,471
8733,151,119,270
8733,148,159,307
8733,150,154,304
8733,154,153,307
8733,117,117,234
8733,149,130,279
8733,164,128,292
8733,150,154,304
8733,165,143,308
8733,157,124,281
8733,223,182,405
8734,133,130,263
8734,151,150,301
8734,175,185,360
8734,146,116,262
8734,114,124,238
8734,156,137,293
8734,154,123,277
8734,154,158,312
8734,155,126,281
8734,179,172,351
8734,218,181,399
8734,218,187,405
8734,227,233,460
8734,150,165,315
8734,130,147,277
8734,227,192,419
8734,193,177,370
8734,168,146,314
8734,254,236,490
8734,122,136,258
8734,151,150,301
8734,228,263,491
8734,154,156,310
8734,200,191,391
8734,163,136,299
8734,132,143,275
8734,178,194,372
8734,243,271,514
8734,142,126,268
8734,118,121,239
8734,130,127,257
8734,118,121,239
8734,150,130,280
8734,156,130,286
8734,150,130,280
8734,140,126,266
8734,174,156,330
8734,162,146,308
8735,158,150,308
8735,206,176,382
8735,121,134,255
8735,221,179,400
8735,156,153,309
8735,167,137,304
8735,140,127,267
8735,144,117,261
8735,118,120,238
8735,118,120,238
8735,164,172,336
8735,197,194,391
8735,138,163,301
8735,138,158,296
8735,158,119,277
8735,154,131,285
8735,154,164,318
8735,180,194,374
8735,154,131,285
8735,168,139,307
8735,169,153,322
8735,145,127,272
8735,130,134,264
8735,227,192,419
8735,162,146,308
8735,223,188,411
8735,228,235,463
8735,154,154,308
8735,226,259,485
8735,171,143,314
8735,150,121,271
8735,253,237,490
8735,234,252,486
8735,156,153,309
8735,143,124,267
8735,160,127,287
8735,115,128,243
8735,199,161,360
8736,147,126,273
8736,158,126,284
8736,141,132,273
8736,251,229,480
8736,153,117,270
8736,238,256,494
8736,137,155,292
8736,112,117,229
8736,177,141,318
8736,164,145,309
8736,176,217,393
8736,136,158,294
8736,262,237,499
8736,143,126,269
8736,171,154,325
8736,173,180,353
8736,154,160,314
8736,154,131,285
8736,162,154,316
8736,194,174,368
8736,161,168,329
8736,167,130,297
8736,154,157,311
8736,140,127,267
8736,200,211,411
8736,170,142,312
8736,178,191,369
8736,180,172,352
8736,162,154,316
8736,119,121,240
8736,227,260,487
8736,119,121,240
8736,154,131,285
8736,151,117,268
8736,212,178,390
8736,120,128,248
8736,153,121,274
8736,220,188,408
8737,169,150,319
8737,223,192,415
8737,143,128,271
8737,149,133,282
8737,155,143,298
8737,192,207,399
8737,238,227,465
8737,165,155,320
8737,147,118,265
8737,160,161,321
8737,138,125,263
8737,162,152,314
8737,250,244,494
8737,148,128,276
8737,214,179,393
8737,148,128,276
8737,166,172,338
8737,193,175,368
8737,174,218,392
8737,134,127,261
8737,160,125,285
8737,163,135,298
8737,143,164,307
8737,154,154,308
8737,243,267,510
8737,172,182,354
8737,153,115,268
8737,174,145,319
8737,151,122,273
8737,239,228,467
8737,119,132,251
8737,122,132,254
8737,174,142,316
8737,153,155,308
8737,165,155,320
8737,177,191,368
8737,110,111,221
8737,122,132,254
8738,167,131,298
8738,126,147,273
8738,169,158,327
8738,225,263,488
8738,163,153,316
8738,126,147,273
8738,237,227,464
8738,158,150,308
8738,163,135,298
8738,141,156,297
8738,250,241,491
8738,168,127,295
8738,149,120,269
8738,109,110,219
8738,138,127,265
8738,148,155,303
8738,177,192,369
8738,222,193,415
8738,159,136,295
8738,220,179,399
8738,142,117,259
8738,154,152,306
8738,169,158,327
8738,136,138,274
8738,146,129,275
8738,163,146,309
8738,171,207,378
8738,119,133,252
8738,161,145,306
8738,177,171,348
8738,146,129,275
8738,240,228,468
8738,149,151,300
8738,151,114,265
8738,160,169,329
8738,167,171,338
8738,154,131,285
8738,191,201,392
8739,147,115,262
8739,157,148,305
8739,189,174,363
8739,125,148,273
8739,173,148,321
8739,139,134,273
8739,162,136,298
8739,158,151,309
8739,136,139,275
8739,147,129,276
8739,147,116,263
8739,142,154,296
8739,167,127,294
8739,157,159,316
8739,245,230,475
8739,168,172,340
8739,170,134,304
8739,147,129,276
8739,225,195,420
8739,144,144,288
8739,137,169,306
8739,170,200,370
8739,252,228,480
8739,135,161,296
8739,110,108,218
8739,221,179,400
8739,248,241,489
8739,177,154,331
8739,148,146,294
8739,133,148,281
8739,147,118,265
8739,119,139,258
8739,125,148,273
8739,176,157,333
8739,176,157,333
8739,189,194,383
8739,182,204,386
8739,247,243,490
8740,124,138,262
8740,140,133,273
8740,131,148,279
8740,155,132,287
8740,161,136,297
8740,223,180,403
8740,178,195,373
8740,156,124,280
8740,194,198,392
8740,141,117,258
8740,157,154,311
8740,136,156,292
8740,192,202,394
8740,140,128,268
8740,120,139,259
8740,157,154,311
8740,149,140,289
8740,127,130,257
8740,234,226,460
8740,172,153,325
8740,228,233,461
8740,171,204,375
8740,267,244,511
8740,106,100,206
8740,166,153,319
8740,164,199,363
8740,145,141,286
8740,173,147,320
8740,150,143,293
8740,150,114,264
8740,239,224,463
8740,176,168,344
8740,155,132,287
8740,169,126,295
8740,157,160,317
8740,142,163,305
8740,142,115,257
8740,124,138,262
8741,197,212,409
8741,193,207,400
8741,138,134,272
8741,171,152,323
8741,125,123,248
8741,170,149,319
8741,238,265,503
8741,154,116,270
8741,149,156,305
8741,124,146,270
8741,154,134,288
8741,210,177,387
8741,154,131,285
8741,173,138,311
8741,274,243,517
8741,162,154,316
8741,134,137,271
8741,151,149,300
8741,159,147,306
8741,118,131,249
8741,153,123,276
8741,184,175,359
8741,162,154,316
8741,139,150,289
8741,159,162,321
8741,106,97,203
8741,143,129,272
8741,197,177,374
8741,136,151,287
8741,143,114,257
8741,179,183,362
8741,124,146,270
8741,154,134,288
8741,151,141,292
8741,145,116,261
8741,230,240,470
8741,170,204,374
8741,226,231,457
8742,226,228,454
8742,118,138,256
8742,150,129,279
8742,166,152,318
8742,234,228,462
8742,154,152,306
8742,157,145,302
8742,134,129,263
8742,158,117,275
8742,192,176,368
8742,141,115,256
8742,137,144,281
8742,125,124,249
8742,148,145,293
8742,184,173,357
8742,159,135,294
8742,231,235,466
8742,170,147,317
8742,173,211,384
8742,161,143,304
8742,152,157,309
8742,160,166,326
8742,190,195,385
8742,125,142,267
8742,154,152,306
8742,140,135,275
8742,196,209,405
8742,140,114,254
8742,107,106,213
8742,125,142,267
8742,276,244,520
8742,221,181,402
8742,137,153,290
8742,176,127,303
8742,159,135,294
8742,144,122,266
8742,205,182,387
8742,139,138,277
8743,230,227,457
8743,192,198,390
8743,238,265,503
8743,136,126,262
8743,157,154,311
8743,196,213,409
8743,166,146,312
8743,164,135,299
8743,125,126,251
8743,139,114,253
8743,148,115,263
8743,192,186,378
8743,229,259,488
8743,188,178,366
8743,168,151,319
8743,119,147,266
8743,199,195,394
8743,156,136,292
8743,158,142,300
8743,134,130,264
8743,171,171,342
8743,139,141,280
8743,164,135,299
8743,159,131,290
8743,177,126,303
8743,106,105,211
8743,278,242,520
8743,160,162,322
8743,151,151,302
8743,127,148,275
8743,127,148,275
8743,159,178,337
8743,140,120,260
8743,157,154,311
8743,203,181,384
8743,134,135,269
8743,133,149,282
8743,137,117,254
8744,232,229,461
8744,221,188,409
8744,196,179,375
8744,140,116,256
8744,162,134,296
8744,154,123,277
8744,137,125,262
8744,162,134,296
8744,157,148,305
8744,128,119,247
8744,161,154,315
8744,151,146,297
8744,154,123,277
8744,158,141,299
8744,135,137,272
8744,179,125,304
8744,193,181,374
8744,253,232,485
8744,145,142,287
8744,143,113,256
8744,146,130,276
8744,132,114,246
8744,162,186,348
8744,132,146,278
8744,161,154,315
8744,185,175,360
8744,198,196,394
8744,193,192,385
8744,144,121,265
8744,233,259,492
8744,176,174,350
8744,107,106,213
8744,164,150,314
8744,162,146,308
8744,143,136,279
8744,221,247,468
8744,139,124,263
8744,134,128,262
8745,180,174,354
8745,134,128,262
8745,195,177,372
8745,212,185,397
8745,147,117,264
8745,139,121,260
8745,149,124,273
8745,129,114,243
8745,109,111,220
8745,183,160,343
8745,135,115,250
8745,141,140,281
8745,130,142,272
8745,195,186,381
8745,162,135,297
8745,189,179,368
8745,189,126,315
8745,162,135,297
8745,118,149,267
8745,173,149,322
8745,149,138,287
8745,123,123,246
8745,241,238,479
8745,262,243,505
8745,161,167,328
8745,164,155,319
8745,201,195,396
8745,197,198,395
8745,157,148,305
8745,151,139,290
8745,157,133,290
8745,149,124,273
8745,139,140,279
8745,276,244,520
8745,153,143,296
8745,151,143,294
8745,231,223,454
8745,164,155,319
8746,126,149,275
8746,150,119,269
8746,141,149,290
8746,226,259,485
8746,234,229,463
8746,148,118,266
8746,196,194,390
8746,133,129,262
8746,190,176,366
8746,157,134,291
8746,106,106,212
8746,164,153,317
8746,206,133,339
8746,141,137,278
8746,123,117,240
8746,227,230,457
8746,158,167,325
8746,170,157,327
8746,170,157,327
8746,160,144,304
8746,149,145,294
8746,239,237,476
8746,126,149,275
8746,150,146,296
8746,196,205,401
8746,144,128,272
8746,217,189,406
8746,118,149,267
8746,191,192,383
8746,196,182,378
8746,121,111,232
8746,157,134,291
8746,171,156,327
8746,129,138,267
8746,137,131,268
8746,188,176,364
8746,151,145,296
8746,156,132,288
8747,140,122,262
8747,176,148,324
8747,124,143,267
8747,190,176,366
8747,145,146,291
8747,152,153,305
8747,155,134,289
8747,124,143,267
8747,142,139,281
8747,150,119,269
8747,254,232,486
8747,228,196,424
8747,252,237,489
8747,154,143,297
8747,158,131,289
8747,127,114,241
8747,157,154,311
8747,191,163,354
8747,129,136,265
8747,219,187,406
8747,168,152,320
8747,185,174,359
8747,130,120,250
8747,160,161,321
8747,104,102,206
8747,137,130,267
8747,149,118,267
8747,250,234,484
8747,138,142,280
8747,155,134,289
8747,209,185,394
8747,223,262,485
8747,157,154,311
8747,196,194,390
8747,159,149,308
8747,160,134,294
8747,155,145,300
8747,174,195,369
8748,128,134,262
8748,201,219,420
8748,139,143,282
8748,141,131,272
8748,150,152,302
8748,104,106,210
8748,122,111,233
8748,189,193,382
8748,226,235,461
8748,157,148,305
8748,193,180,373
8748,189,175,364
8748,134,120,254
8748,153,150,303
8748,162,180,342
8748,123,145,268
8748,156,118,274
8748,142,115,257
8748,246,231,477
8748,153,132,285
8748,179,196,375
8748,163,136,299
8748,148,143,291
8748,127,125,252
8748,172,187,359
8748,161,168,329
8748,153,132,285
8748,143,148,291
8748,164,156,320
8748,210,188,398
8748,257,232,489
8748,251,237,488
8748,123,145,268
8748,143,146,289
8748,150,152,302
8748,153,129,282
8748,144,139,283
8748,176,152,328
8749,147,143,290
8749,210,188,398
8749,130,119,249
8749,174,197,371
8749,159,162,321
8749,154,120,274
8749,158,148,306
8749,143,154,297
8749,107,120,227
8749,143,147,290
8749,168,181,349
8749,147,151,298
8749,150,142,292
8749,252,233,485
8749,224,235,459
8749,145,130,275
8749,150,129,279
8749,202,195,397
8749,138,121,259
8749,183,174,357
8749,165,135,300
8749,142,128,270
8749,123,140,263
8749,146,137,283
8749,163,149,312
8749,255,236,491
8749,159,167,326
8749,145,130,275
8749,127,120,247
8749,123,140,263
8749,173,141,314
8749,129,137,266
8749,263,237,500
8749,155,154,309
8749,127,113,240
8749,226,195,421
8749,147,151,298
8749,189,176,365
8750,158,164,322
8750,144,147,291
8750,124,118,242
8750,160,147,307
8750,120,136,256
8750,203,216,419
8750,153,153,306
8750,121,115,236
8750,184,174,358
8750,125,125,250
8750,153,153,306
8750,155,117,272
8750,272,234,506
8750,141,148,289
8750,171,152,323
8750,215,189,404
8750,155,142,297
8750,142,157,299
8750,138,119,257
8750,156,157,313
8750,174,193,367
8750,193,186,379
8750,120,136,256
8750,139,146,285
8750,172,136,308
8750,142,129,271
8750,147,131,278
8750,141,137,278
8750,239,239,478
8750,244,229,473
8750,147,131,278
8750,109,125,234
8750,158,173,331
8750,176,178,354
8750,133,127,260
8750,128,123,251
8750,169,205,374
8750,242,230,472
8751,183,174,357
8751,116,118,234
8751,202,194,396
8751,170,178,348
8751,148,162,310
8751,139,145,284
8751,110,128,238
8751,223,263,486
8751,135,129,264
8751,135,125,260
8751,157,166,323
8751,121,119,240
8751,128,131,259
8751,141,139,280
8751,184,177,361
8751,162,173,335
8751,192,168,360
8751,120,135,255
8751,152,151,303
8751,168,128,296
8751,153,133,286
8751,137,114,251
8751,242,230,472
8751,153,133,286
8751,173,139,312
8751,130,134,264
8751,225,241,466
8751,149,140,289
8751,154,149,303
8751,198,212,410
8751,240,230,470
8751,188,157,345
8751,147,116,263
8751,211,182,393
8751,157,144,301
8751,142,150,292
8751,120,135,255
8751,148,162,310
8752,171,209,380
8752,163,175,338
8752,143,153,296
8752,222,259,481
8752,174,145,319
8752,150,144,294
8752,149,131,280
8752,170,140,310
8752,149,131,280
8752,247,259,506
8752,126,116,242
8752,128,135,263
8752,109,125,234
8752,222,232,454
8752,146,129,275
8752,159,151,310
8752,155,180,335
8752,149,115,264
8752,123,137,260
8752,142,139,281
8752,155,180,335
8752,123,137,260
8752,138,128,266
8752,182,176,358
8752,158,161,319
8752,199,183,382
8752,136,117,253
8752,143,149,292
8752,205,173,378
8752,187,176,363
8752,117,117,234
8752,238,230,468
8752,141,143,284
8752,149,135,284
8752,196,209,405
8752,183,154,337
8752,122,119,241
8752,175,193,368
8753,148,129,277
8753,137,124,261
8753,153,131,284
8753,168,199,367
8753,159,167,326
8753,131,139,270
8753,183,164,347
8753,138,136,274
8753,116,118,234
8753,180,174,354
8753,201,186,387
8753,156,144,300
8753,183,164,347
8753,140,138,278
8753,150,149,299
8753,194,196,390
8753,120,115,235
8753,178,174,352
8753,130,109,239
8753,166,135,301
8753,176,156,332
8753,124,146,270
8753,219,242,461
8753,124,146,270
8753,246,231,477
8753,167,172,339
8753,169,131,300
8753,139,119,258
8753,189,153,342
8753,144,131,275
8753,201,169,370
8753,244,243,487
8753,144,131,275
8753,238,227,465
8753,142,142,284
8753,111,128,239
8753,139,152,291
8753,149,119,268
8754,151,133,284
8754,151,133,284
8754,153,119,272
8754,195,198,393
8754,235,257,492
8754,133,148,281
8754,145,140,285
8754,162,147,309
8754,125,143,268
8754,125,143,268
8754,114,116,230
8754,149,131,280
8754,122,118,240
8754,158,190,348
8754,170,133,303
8754,243,226,469
8754,174,174,348
8754,160,170,330
8754,199,171,370
8754,139,137,276
8754,168,152,320
8754,138,120,258
8754,165,131,296
8754,111,129,240
8754,167,169,336
8754,121,109,230
8754,170,204,374
8754,204,186,390
8754,139,136,275
8754,159,166,325
8754,141,127,268
8754,165,152,317
8754,137,128,265
8754,158,190,348
8754,171,178,349
8754,218,236,454
8754,136,146,282
8754,244,244,488
8755,209,172,381
8755,138,137,275
8755,172,153,325
8755,108,115,223
8755,134,132,266
8755,151,131,282
8755,138,129,267
8755,250,260,510
8755,159,163,322
8755,169,175,344
8755,171,142,313
8755,151,131,282
8755,220,189,409
8755,160,137,297
8755,109,123,232
8755,160,137,297
8755,253,233,486
8755,245,227,472
8755,152,174,326
8755,161,172,333
8755,141,129,270
8755,134,154,288
8755,158,125,283
8755,127,145,272
8755,218,232,450
8755,203,215,418
8755,176,185,361
8755,152,174,326
8755,147,118,265
8755,136,122,258
8755,136,137,273
8755,140,142,282
8755,175,220,395
8755,120,115,235
8755,127,145,272
8755,164,147,311
8755,163,150,313
8755,151,167,318
8756,158,164,322
8756,199,219,418
8756,218,173,391
8756,151,166,317
8756,197,194,391
8756,133,132,265
8756,138,134,272
8756,168,131,299
8756,145,137,282
8756,175,192,367
8756,140,116,256
8756,140,139,279
8756,165,169,334
8756,108,120,228
8756,169,147,316
8756,153,126,279
8756,153,126,279
8756,250,229,479
8756,216,226,442
8756,154,126,280
8756,234,257,491
8756,175,182,357
8756,156,147,303
8756,139,128,267
8756,124,125,249
8756,140,128,268
8756,151,139,290
8756,133,135,268
8756,156,132,288
8756,239,247,486
8756,159,120,279
8756,151,166,317
8756,156,162,318
8756,156,132,288
8756,162,149,311
8756,219,191,410
8756,112,123,235
8756,134,157,291
8757,148,159,307
8757,130,145,275
8757,228,229,457
8757,129,132,261
8757,108,122,230
8757,135,145,280
8757,198,204,402
8757,133,129,262
8757,220,190,410
8757,136,117,253
8757,161,175,336
8757,156,131,287
8757,156,131,287
8757,216,224,440
8757,141,142,283
8757,125,147,272
8757,150,149,299
8757,123,121,244
8757,172,175,347
8757,154,132,286
8757,141,127,268
8757,134,158,292
8757,155,154,309
8757,148,159,307
8757,170,155,325
8757,110,122,232
8757,242,245,487
8757,199,194,393
8757,125,147,272
8757,197,197,394
8757,150,135,285
8757,137,136,273
8757,136,139,275
8757,162,147,309
8757,179,203,382
8757,260,230,490
8757,166,169,335
8757,173,143,316
8758,129,140,269
8758,125,150,275
8758,161,174,335
8758,142,149,291
8758,151,163,314
8758,133,153,286
8758,155,154,309
8758,218,236,454
8758,250,228,478
8758,194,164,358
8758,249,236,485
8758,149,129,278
8758,168,170,338
8758,140,132,272
8758,151,163,314
8758,228,197,425
8758,206,182,388
8758,183,190,373
8758,149,129,278
8758,122,115,237
8758,136,140,276
8758,206,169,375
8758,108,120,228
8758,112,126,238
8758,135,117,252
8758,149,132,281
8758,173,144,317
8758,176,178,354
8758,130,134,264
8758,169,147,316
8758,150,146,296
8758,131,131,262
8758,141,149,290
8758,139,128,267
8758,231,236,467
8758,135,155,290
8758,125,150,275
8758,192,208,400
8759,155,175,330
8759,138,137,275
8759,134,137,271
8759,169,148,317
8759,248,224,472
8759,163,129,292
8759,201,180,381
8759,137,160,297
8759,193,193,386
8759,197,168,365
8759,151,134,285
8759,166,185,351
8759,275,245,520
8759,138,138,276
8759,137,163,300
8759,142,145,287
8759,152,146,298
8759,151,149,300
8759,160,164,324
8759,132,125,257
8759,124,120,244
8759,218,235,453
8759,171,178,349
8759,128,132,260
8759,124,147,271
8759,175,171,346
8759,155,175,330
8759,124,147,271
8759,146,129,275
8759,222,196,418
8759,109,120,229
8759,223,189,412
8759,230,234,464
8759,110,123,233
8759,158,161,319
8759,151,134,285
8759,130,139,269
8759,150,116,266
8760,250,265,515
8760,170,155,325
8760,223,244,467
8760,177,151,328
8760,118,130,248
8760,158,171,329
8760,163,147,310
8760,118,130,248
8760,151,144,295
8760,192,161,353
8760,200,214,414
8760,224,220,444
8760,108,120,228
8760,130,126,256
8760,149,159,308
8760,124,127,251
8760,149,159,308
8760,153,139,292
8760,143,155,298
8760,139,114,253
8760,187,179,366
8760,191,177,368
8760,110,121,231
8760,144,129,273
8760,173,218,391
8760,127,130,257
8760,130,141,271
8760,219,172,391
8760,242,225,467
8760,153,139,292
8760,137,173,310
8760,138,138,276
8760,146,135,281
8760,169,170,339
8760,215,183,398
8760,163,138,301
8760,137,139,276
8760,162,119,281
8761,141,141,282
8761,192,173,365
8761,135,156,291
8761,136,160,296
8761,140,127,267
8761,191,201,392
8761,112,125,237
8761,115,115,230
8761,150,158,308
8761,263,240,503
8761,162,146,308
8761,175,212,387
8761,204,185,389
8761,154,118,272
8761,259,238,497
8761,158,172,330
8761,155,149,304
8761,185,173,358
8761,126,138,264
8761,206,170,376
8761,190,180,370
8761,243,224,467
8761,127,127,254
8761,162,172,334
8761,140,141,281
8761,174,123,297
8761,172,156,328
8761,140,139,279
8761,150,140,290
8761,158,167,325
8761,142,151,293
8761,150,158,308
8761,140,123,263
8761,225,215,440
8761,124,122,246
8761,155,149,304
8761,115,115,230
8761,112,126,238
8762,143,143,286
8762,200,183,383
8762,148,153,301
8762,182,172,354
8762,125,121,246
8762,113,129,242
8762,245,242,487
8762,137,124,261
8762,159,163,322
8762,141,143,284
8762,228,231,459
8762,148,153,301
8762,120,116,236
8762,210,171,381
8762,177,125,302
8762,241,224,465
8762,156,176,332
8762,132,148,280
8762,165,180,345
8762,124,122,246
8762,144,150,294
8762,118,117,235
8762,153,133,286
8762,141,145,286
8762,135,128,263
8762,240,231,471
8762,179,175,354
8762,157,157,314
8762,137,159,296
8762,118,117,235
8762,113,116,229
8762,179,171,350
8762,157,157,314
8762,141,112,253
8762,174,213,387
8762,191,187,378
8762,156,159,315
8762,156,145,301
8763,185,127,312
8763,111,116,227
8763,193,205,398
8763,159,156,315
8763,139,112,251
8763,145,149,294
8763,141,142,283
8763,117,120,237
8763,156,161,317
8763,155,160,315
8763,191,179,370
8763,238,225,463
8763,140,104,244
8763,168,182,350
8763,155,160,315
8763,144,149,293
8763,173,170,343
8763,151,146,297
8763,176,220,396
8763,165,136,301
8763,229,231,460
8763,246,250,496
8763,117,120,237
8763,171,191,362
8763,159,156,315
8763,247,232,479
8763,124,114,238
8763,141,141,282
8763,158,160,318
8763,154,135,289
8763,193,167,360
8763,128,131,259
8763,130,126,256
8763,126,124,250
8763,155,172,327
8763,176,170,346
8763,135,132,267
8763,133,155,288
8764,248,254,502
8764,171,206,377
8764,158,156,314
8764,134,149,283
8764,177,197,374
8764,172,142,314
8764,193,167,360
8764,153,163,316
8764,115,122,237
8764,141,120,261
8764,134,102,236
8764,158,156,314
8764,141,137,278
8764,189,161,350
8764,142,142,284
8764,115,122,237
8764,263,236,499
8764,182,171,353
8764,163,181,344
8764,191,172,363
8764,191,198,389
8764,146,153,299
8764,239,234,473
8764,164,137,301
8764,199,133,332
8764,135,129,264
8764,201,185,386
8764,126,130,256
8764,239,226,465
8764,119,112,231
8764,156,166,322
8764,154,152,306
8764,156,166,322
8764,132,129,261
8764,128,127,255
8764,140,141,281
8764,109,121,230
8764,159,147,306
8765,110,116,226
8765,252,234,486
8765,190,163,353
8765,154,151,305
8765,205,186,391
8765,199,218,417
8765,142,127,269
8765,126,130,256
8765,156,147,303
8765,202,171,373
8765,132,102,234
8765,141,141,282
8765,148,159,307
8765,133,148,281
8765,154,159,313
8765,156,135,291
8765,185,158,343
8765,115,114,229
8765,168,193,361
8765,243,238,481
8765,226,229,455
8765,145,159,304
8765,178,196,374
8765,236,225,461
8765,115,114,229
8765,158,178,336
8765,166,135,301
8765,120,111,231
8765,186,144,330
8765,136,133,269
8765,154,159,313
8765,184,207,391
8765,155,154,309
8765,175,170,345
8765,155,154,309
8765,134,137,271
8765,129,133,262
8765,174,151,325
8766,183,144,327
8766,261,239,500
8766,200,167,367
8766,118,124,242
8766,152,168,320
8766,145,157,302
8766,154,133,287
8766,156,165,321
8766,247,251,498
8766,118,124,242
8766,230,224,454
8766,139,115,254
8766,189,160,349
8766,126,132,258
8766,151,162,313
8766,173,160,333
8766,138,139,277
8766,175,151,326
8766,155,157,312
8766,229,196,425
8766,156,165,321
8766,120,112,232
8766,162,147,309
8766,236,234,470
8766,108,115,223
8766,178,195,373
8766,173,160,333
8766,215,188,403
8766,136,153,289
8766,127,130,257
8766,194,184,378
8766,161,171,332
8766,183,172,355
8766,167,184,351
8766,175,138,313
8766,145,150,295
8766,139,104,243
8766,131,127,258
8767,155,163,318
8767,175,154,329
8767,151,155,306
8767,117,126,243
8767,237,224,461
8767,148,117,265
8767,168,161,329
8767,169,156,325
8767,140,149,289
8767,129,137,266
8767,148,161,309
8767,180,151,331
8767,161,176,337
8767,167,184,351
8767,181,204,385
8767,168,161,329
8767,196,166,362
8767,171,149,320
8767,182,187,369
8767,270,243,513
8767,249,236,485
8767,190,173,363
8767,232,252,484
8767,128,128,256
8767,155,163,318
8767,122,119,241
8767,192,210,402
8767,144,132,276
8767,219,192,411
8767,133,130,263
8767,117,126,243
8767,112,130,242
8767,150,162,312
8767,144,151,295
8767,148,165,313
8767,156,158,314
8767,106,116,222
8767,136,162,298
8768,134,138,272
8768,139,144,283
8768,175,153,328
8768,200,167,367
8768,175,160,335
8768,132,145,277
8768,148,116,264
8768,175,138,313
8768,117,119,236
8768,147,135,282
8768,121,116,237
8768,150,161,311
8768,139,104,243
8768,140,174,314
8768,144,132,276
8768,142,149,291
8768,174,149,323
8768,187,206,393
8768,191,202,393
8768,184,143,327
8768,128,129,257
8768,163,173,336
8768,184,143,327
8768,234,223,457
8768,167,195,362
8768,167,157,324
8768,116,121,237
8768,180,198,378
8768,167,141,308
8768,150,165,315
8768,269,241,510
8768,117,119,236
8768,263,237,500
8768,188,172,360
8768,155,157,312
8768,175,160,335
8768,251,236,487
8768,207,187,394
8769,268,241,509
8769,138,105,243
8769,139,172,311
8769,170,203,373
8769,120,115,235
8769,139,131,270
8769,206,170,376
8769,116,122,238
8769,229,223,452
8769,212,187,399
8769,176,150,326
8769,147,133,280
8769,180,168,348
8769,185,204,389
8769,148,130,278
8769,165,140,305
8769,133,130,263
8769,116,122,238
8769,116,120,236
8769,158,191,349
8769,136,133,269
8769,128,125,253
8769,190,202,392
8769,264,235,499
8769,151,164,315
8769,253,239,492
8769,176,154,330
8769,165,121,286
8769,159,169,328
8769,174,160,334
8769,156,127,283
8769,154,165,319
8769,154,159,313
8769,158,191,349
8769,174,181,355
8769,151,149,300
8769,162,137,299
8769,154,159,313
8770,167,166,333
8770,252,238,490
8770,214,173,387
8770,157,161,318
8770,180,149,329
8770,129,135,264
8770,257,240,497
8770,134,135,269
8770,180,149,329
8770,155,155,310
8770,189,196,385
8770,180,194,374
8770,155,166,321
8770,120,122,242
8770,262,234,496
8770,140,105,245
8770,168,151,319
8770,171,207,378
8770,139,120,259
8770,167,140,307
8770,174,181,355
8770,134,130,264
8770,160,130,290
8770,152,166,318
8770,117,121,238
8770,231,222,453
8770,167,123,290
8770,155,155,310
8770,177,155,332
8770,157,161,318
8770,156,158,314
8770,159,127,286
8770,124,122,246
8770,193,163,356
8770,117,121,238
8770,143,133,276
8770,167,143,310
8770,205,189,394
8770,155,175,330
8771,157,161,318
8771,138,107,245
8771,189,191,380
8771,127,132,259
8771,147,157,304
8771,125,123,248
8771,147,157,304
8771,144,147,291
8771,170,150,320
8771,134,135,269
8771,165,150,315
8771,181,152,333
8771,186,160,346
8771,131,145,276
8771,143,157,300
8771,242,224,466
8771,115,120,235
8771,169,202,371
8771,209,191,400
8771,259,235,494
8771,150,133,283
8771,167,141,308
8771,182,169,351
8771,182,142,324
8771,153,165,318
8771,214,174,388
8771,128,130,258
8771,153,129,282
8771,238,235,473
8771,170,150,320
8771,176,156,332
8771,182,195,377
8771,231,259,490
8771,137,120,257
8771,115,120,235
8771,175,180,355
8771,154,160,314
8771,182,142,324
8771,134,132,266
8772,182,152,334
8772,165,147,312
8772,154,158,312
8772,145,163,308
8772,155,157,312
8772,181,161,342
8772,180,169,349
8772,216,175,391
8772,153,166,319
8772,153,129,282
8772,181,169,350
8772,181,186,367
8772,212,191,403
8772,143,120,263
8772,239,234,473
8772,110,128,238
8772,113,116,229
8772,171,123,294
8772,135,142,277
8772,142,154,296
8772,113,116,229
8772,245,233,478
8772,166,152,318
8772,151,133,284
8772,232,255,487
8772,155,157,312
8772,138,131,269
8772,175,153,328
8772,183,143,326
8772,129,143,272
8772,165,147,312
8772,153,157,310
8772,183,143,326
8772,234,224,458
8772,124,126,250
8772,171,203,374
8772,127,128,255
8772,122,123,245
8772,190,192,382
8773,122,122,244
8773,230,251,481
8773,121,118,239
8773,154,157,311
8773,175,214,389
8773,137,131,268
8773,137,150,287
8773,157,161,318
8773,157,173,330
8773,142,175,317
8773,239,234,473
8773,154,157,311
8773,135,123,258
8773,129,129,258
8773,165,120,285
8773,153,134,287
8773,174,170,344
8773,245,229,474
8773,152,152,304
8773,111,128,239
8773,124,127,251
8773,179,151,330
8773,148,136,284
8773,149,142,291
8773,119,117,236
8773,147,166,313
8773,140,145,285
8773,151,172,323
8773,188,195,383
8773,119,117,236
8773,169,150,319
8773,177,180,357
8773,231,222,453
8773,169,150,319
8773,175,156,331
8773,211,190,401
8773,217,173,390
8773,166,181,347
8773,157,161,318
8774,111,127,238
8774,151,160,311
8774,152,157,309
8774,148,134,282
8774,173,211,384
8774,222,177,399
8774,182,141,323
8774,197,132,329
8774,131,133,264
8774,171,150,321
8774,242,252,494
8774,175,175,350
8774,125,118,243
8774,158,182,340
8774,184,183,367
8774,123,120,243
8774,150,128,278
8774,182,141,323
8774,169,141,310
8774,187,197,384
8774,155,161,316
8774,152,157,309
8774,134,130,264
8774,148,141,289
8774,263,236,499
8774,138,138,276
8774,171,150,321
8774,151,140,291
8774,160,151,311
8774,226,248,474
8774,142,161,303
8774,231,230,461
8774,117,120,237
8774,149,123,272
8774,163,119,282
8774,125,118,243
8774,164,170,334
8774,121,114,235
8774,197,189,386
8775,159,145,304
8775,122,116,238
8775,156,155,311
8775,147,133,280
8775,131,120,251
8775,149,165,314
8775,125,123,248
8775,193,190,383
8775,163,133,296
8775,234,235,469
8775,216,175,391
8775,138,132,270
8775,222,239,461
8775,131,120,251
8775,244,271,515
8775,119,118,237
8775,173,141,314
8775,173,141,314
8775,154,157,311
8775,143,160,303
8775,157,118,275
8775,194,157,351
8775,140,176,316
8775,143,163,306
8775,187,195,382
8775,178,188,366
8775,171,149,320
8775,154,157,311
8775,158,184,342
8775,169,200,369
8775,131,134,265
8775,150,124,274
8775,197,131,328
8775,175,173,348
8775,150,152,302
8775,261,233,494
8775,171,149,320
8775,135,128,263
8775,111,128,239
8776,188,194,382
8776,123,117,240
8776,134,139,273
8776,113,119,232
8776,152,144,296
8776,141,153,294
8776,137,136,273
8776,165,138,303
8776,157,118,275
8776,244,259,503
8776,111,131,242
8776,160,158,318
8776,123,117,240
8776,160,158,318
8776,160,152,312
8776,165,138,303
8776,204,132,336
8776,132,134,266
8776,124,121,245
8776,220,229,449
8776,168,184,352
8776,192,196,388
8776,243,232,475
8776,139,122,261
8776,129,133,262
8776,162,148,310
8776,158,179,337
8776,162,148,310
8776,251,230,481
8776,147,154,301
8776,185,142,327
8776,177,167,344
8776,172,209,381
8776,180,188,368
8776,144,132,276
8776,219,177,396
8776,138,166,304
8776,157,139,296
8776,154,156,310
8777,162,159,321
8777,146,122,268
8777,138,139,277
8777,139,136,275
8777,194,198,392
8777,140,172,312
8777,142,115,257
8777,135,135,270
8777,224,241,465
8777,158,148,306
8777,121,118,239
8777,171,140,311
8777,263,234,497
8777,115,117,232
8777,176,173,349
8777,129,138,267
8777,153,153,306
8777,158,148,306
8777,181,183,364
8777,209,172,381
8777,186,185,371
8777,139,130,269
8777,165,175,340
8777,162,151,313
8777,251,235,486
8777,121,118,239
8777,154,164,318
8777,158,144,302
8777,171,140,311
8777,159,185,344
8777,237,238,475
8777,134,144,278
8777,139,107,246
8777,162,159,321
8777,203,130,333
8777,163,138,301
8777,121,118,239
8777,167,199,366
8777,148,157,305
8778,163,172,335
8778,139,138,277
8778,116,115,231
8778,141,147,288
8778,154,150,304
8778,205,132,337
8778,148,146,294
8778,184,186,370
8778,153,151,304
8778,146,132,278
8778,157,178,335
8778,144,122,266
8778,191,176,367
8778,112,117,229
8778,170,203,373
8778,126,130,256
8778,159,147,306
8778,238,233,471
8778,209,173,382
8778,230,247,477
8778,184,199,383
8778,131,136,267
8778,116,115,231
8778,259,232,491
8778,153,159,312
8778,170,140,310
8778,139,107,246
8778,159,147,306
8778,191,191,382
8778,226,247,473
8778,142,176,318
8778,135,143,278
8778,170,140,310
8778,140,115,255
8778,122,121,243
8778,160,138,298
8778,161,160,321
8778,161,160,321
8778,147,158,305
8779,109,126,235
8779,226,244,470
8779,171,141,312
8779,107,118,225
8779,157,177,334
8779,215,173,388
8779,151,146,297
8779,188,176,364
8779,154,148,302
8779,183,190,373
8779,130,124,254
8779,162,138,300
8779,165,159,324
8779,160,150,310
8779,137,151,288
8779,199,209,408
8779,154,148,302
8779,182,177,359
8779,137,136,273
8779,177,155,332
8779,146,133,279
8779,159,152,311
8779,161,167,328
8779,126,128,254
8779,241,241,482
8779,123,123,246
8779,158,144,302
8779,141,148,289
8779,117,115,232
8779,254,232,486
8779,153,124,277
8779,139,115,254
8779,144,147,291
8779,165,159,324
8779,232,245,477
8779,171,141,312
8779,182,139,321
8779,117,115,232
8779,175,217,392
8780,111,127,238
8780,152,124,276
8780,177,144,321
8780,125,116,241
8780,199,191,390
8780,162,152,314
8780,163,159,322
8780,206,182,388
8780,123,124,247
8780,198,200,398
8780,133,147,280
8780,155,148,303
8780,150,118,268
8780,163,159,322
8780,195,188,383
8780,164,140,304
8780,266,236,502
8780,131,132,263
8780,179,185,364
8780,125,116,241
8780,250,231,481
8780,148,147,295
8780,129,128,257
8780,155,146,301
8780,173,138,311
8780,188,186,374
8780,244,270,514
8780,143,150,293
8780,107,119,226
8780,226,246,472
8780,141,132,273
8780,157,178,335
8780,174,146,320
8780,177,144,321
8780,148,142,290
8780,137,137,274
8780,153,152,305
8780,155,146,301
8780,157,156,313
8781,164,154,318
8781,147,134,281
8781,191,200,391
8781,207,189,396
8781,133,137,270
8781,168,131,299
8781,179,183,362
8781,135,131,266
8781,136,150,286
8781,151,145,296
8781,135,159,294
8781,171,163,334
8781,154,148,302
8781,151,145,296
8781,232,228,460
8781,152,161,313
8781,241,255,496
8781,107,116,223
8781,225,253,478
8781,172,141,313
8781,110,127,237
8781,158,184,342
8781,155,143,298
8781,148,145,293
8781,153,147,300
8781,146,163,309
8781,123,117,240
8781,241,259,500
8781,152,124,276
8781,211,183,394
8781,122,118,240
8781,171,163,334
8781,130,134,264
8781,174,212,386
8781,172,141,313
8781,123,117,240
8781,196,188,384
8781,155,117,272
8781,144,142,286
8782,132,136,268
8782,147,155,302
8782,239,246,485
8782,149,123,272
8782,168,161,329
8782,200,186,386
8782,146,158,304
8782,157,146,303
8782,122,115,237
8782,135,155,290
8782,148,135,283
8782,174,155,329
8782,199,195,394
8782,168,161,329
8782,170,140,310
8782,164,148,312
8782,223,244,467
8782,174,145,319
8782,123,118,241
8782,258,236,494
8782,160,119,279
8782,158,144,302
8782,205,182,387
8782,163,146,309
8782,112,130,242
8782,137,135,272
8782,131,137,268
8782,145,133,278
8782,122,115,237
8782,147,155,302
8782,163,199,362
8782,193,209,402
8782,133,144,277
8782,180,188,368
8782,152,163,315
8782,112,119,231
8782,263,235,498
8782,201,191,392
8782,170,140,310
8783,133,140,273
8783,166,140,306
8783,110,115,225
8783,226,229,455
8783,156,119,275
8783,153,141,294
8783,199,190,389
8783,146,158,304
8783,206,183,389
8783,147,155,302
8783,147,155,302
8783,198,194,392
8783,159,157,316
8783,160,187,347
8783,198,185,383
8783,235,259,494
8783,136,132,268
8783,146,133,279
8783,159,143,302
8783,174,152,326
8783,148,122,270
8783,258,232,490
8783,176,156,332
8783,149,156,305
8783,177,182,359
8783,166,140,306
8783,148,131,279
8783,131,131,262
8783,235,241,476
8783,130,101,231
8783,120,115,235
8783,159,157,316
8783,149,146,295
8783,128,132,260
8783,193,213,406
8783,122,117,239
8783,203,133,336
8783,136,153,289
8783,120,115,235
8784,152,141,293
8784,143,129,272
8784,146,158,304
8784,105,116,221
8784,265,235,500
8784,120,116,236
8784,142,145,287
8784,193,187,380
8784,146,152,298
8784,157,137,294
8784,157,137,294
8784,227,233,460
8784,193,209,402
8784,182,153,335
8784,139,141,280
8784,176,152,328
8784,132,139,271
8784,198,194,392
8784,123,115,238
8784,245,239,484
8784,146,158,304
8784,173,139,312
8784,234,230,464
8784,146,130,276
8784,136,149,285
8784,135,120,255
8784,197,178,375
8784,162,190,352
8784,146,152,298
8784,161,154,315
8784,155,172,327
8784,120,116,236
8784,134,148,282
8784,156,143,299
8784,133,102,235
8784,131,127,258
8784,201,187,388
8784,164,118,282
8784,184,183,367
8785,187,187,374
8785,145,163,308
8785,158,137,295
8785,221,228,449
8785,156,137,293
8785,155,171,326
8785,145,163,308
8785,228,177,405
8785,151,140,291
8785,192,208,400
8785,158,137,295
8785,158,154,312
8785,139,120,259
8785,121,117,238
8785,139,141,280
8785,158,118,276
8785,134,145,279
8785,203,179,382
8785,186,180,366
8785,175,150,325
8785,131,136,267
8785,167,147,314
8785,121,117,238
8785,110,128,238
8785,184,155,339
8785,251,240,491
8785,159,181,340
8785,146,147,293
8785,225,229,454
8785,126,126,252
8785,137,156,293
8785,140,143,283
8785,146,132,278
8785,266,234,500
8785,138,152,290
8785,137,147,284
8785,146,147,293
8785,201,189,390
8785,113,121,234
8786,120,131,251
8786,178,151,329
8786,184,150,334
8786,154,149,303
8786,199,179,378
8786,132,139,271
8786,249,240,489
8786,138,161,299
8786,143,162,305
8786,143,162,305
8786,190,155,345
8786,128,132,260
8786,149,136,285
8786,153,148,301
8786,133,135,268
8786,161,124,285
8786,146,151,297
8786,138,158,296
8786,146,123,269
8786,117,121,238
8786,164,186,350
8786,221,220,441
8786,207,189,396
8786,262,235,497
8786,140,144,284
8786,146,151,297
8786,120,131,251
8786,152,165,317
8786,221,178,399
8786,210,187,397
8786,110,125,235
8786,156,135,291
8786,174,182,356
8786,170,153,323
8786,156,135,291
8786,154,138,292
8786,225,227,452
8786,149,137,286
8786,181,181,362
8787,148,144,292
8787,110,126,236
8787,182,184,366
8787,221,188,409
8787,120,123,243
8787,159,136,295
8787,263,234,497
8787,141,159,300
8787,152,163,315
8787,242,236,478
8787,155,127,282
8787,159,124,283
8787,147,139,286
8787,173,183,356
8787,159,136,295
8787,172,153,325
8787,153,147,300
8787,163,143,306
8787,145,147,292
8787,131,143,274
8787,140,150,290
8787,209,188,397
8787,142,133,275
8787,118,129,247
8787,164,150,314
8787,220,230,450
8787,198,179,377
8787,141,159,300
8787,226,220,446
8787,205,133,338
8787,165,173,338
8787,137,163,300
8787,132,126,258
8787,118,129,247
8787,132,146,278
8787,171,147,318
8787,145,147,292
8787,165,192,357
8787,214,174,388
8788,170,201,371
8788,135,135,270
8788,155,171,326
8788,148,140,288
8788,127,137,264
8788,173,152,325
8788,174,145,319
8788,198,187,385
8788,151,136,287
8788,150,147,297
8788,142,155,297
8788,225,228,453
8788,118,118,236
8788,141,150,291
8788,126,125,251
8788,231,230,461
8788,199,180,379
8788,162,136,298
8788,154,147,301
8788,162,136,298
8788,109,121,230
8788,154,121,275
8788,132,134,266
8788,179,124,303
8788,190,205,395
8788,166,138,304
8788,156,150,306
8788,118,118,236
8788,141,150,291
8788,166,177,343
8788,150,147,297
8788,204,171,375
8788,160,166,326
8788,142,155,297
8788,165,151,316
8788,168,180,348
8788,257,231,488
8788,274,245,519
8788,207,190,397
8789,146,138,284
8789,213,189,402
8789,152,143,295
8789,146,149,295
8789,149,132,281
8789,145,157,302
8789,111,118,229
8789,188,192,380
8789,260,233,493
8789,199,180,379
8789,193,169,362
8789,146,162,308
8789,161,138,299
8789,157,161,318
8789,154,146,300
8789,171,142,313
8789,118,116,234
8789,226,232,458
8789,197,179,376
8789,146,165,311
8789,137,139,276
8789,146,165,311
8789,149,119,268
8789,225,227,452
8789,166,149,315
8789,162,139,301
8789,258,238,496
8789,185,154,339
8789,126,134,260
8789,154,146,300
8789,156,160,316
8789,138,144,282
8789,109,125,234
8789,118,116,234
8789,161,138,299
8789,127,130,257
8789,202,188,390
8789,155,175,330
8789,166,183,349
8790,138,117,255
8790,169,142,311
8790,123,113,236
8790,123,113,236
8790,189,176,365
8790,145,139,284
8790,141,146,287
8790,160,148,308
8790,221,236,457
8790,139,148,287
8790,200,172,372
8790,193,178,371
8790,188,186,374
8790,173,146,319
8790,238,248,486
8790,155,173,328
8790,145,166,311
8790,169,142,311
8790,142,175,317
8790,147,135,282
8790,163,179,342
8790,136,164,300
8790,235,233,468
8790,126,133,259
8790,108,117,225
8790,224,234,458
8790,127,120,247
8790,212,191,403
8790,160,148,308
8790,201,189,390
8790,138,144,282
8790,165,187,352
8790,141,133,274
8790,157,155,312
8790,154,147,301
8790,118,122,240
8790,161,175,336
8790,145,166,311
8790,170,143,313
8791,154,150,304
8791,154,170,324
8791,221,222,443
8791,195,177,372
8791,207,186,393
8791,121,125,246
8791,221,227,448
8791,146,138,284
8791,157,138,295
8791,162,145,307
8791,109,120,229
8791,141,150,291
8791,171,141,312
8791,163,169,332
8791,121,125,246
8791,149,181,330
8791,142,150,292
8791,129,143,272
8791,159,165,324
8791,160,177,337
8791,174,138,312
8791,190,194,384
8791,151,147,298
8791,208,173,381
8791,133,128,261
8791,198,179,377
8791,149,143,292
8791,143,146,289
8791,151,147,298
8791,171,141,312
8791,132,119,251
8791,149,181,330
8791,128,121,249
8791,141,133,274
8791,237,247,484
8791,163,177,340
8791,138,146,284
8791,201,187,388
8791,240,256,496
8792,243,254,497
8792,156,148,304
8792,128,124,252
8792,231,197,428
8792,127,137,264
8792,151,184,335
8792,154,136,290
8792,149,145,294
8792,172,142,314
8792,151,184,335
8792,153,167,320
8792,157,151,308
8792,162,172,334
8792,109,126,235
8792,187,190,377
8792,158,139,297
8792,161,183,344
8792,141,154,295
8792,121,131,252
8792,121,131,252
8792,135,135,270
8792,219,228,447
8792,156,148,304
8792,139,124,263
8792,143,162,305
8792,198,178,376
8792,136,128,264
8792,201,185,386
8792,214,176,390
8792,223,223,446
8792,183,175,358
8792,141,146,287
8792,172,142,314
8792,156,159,315
8792,171,150,321
8792,143,150,293
8792,170,197,367
8792,173,139,312
8792,236,248,484
8793,190,192,382
8793,222,239,461
8793,119,134,253
8793,236,242,478
8793,204,186,390
8793,158,178,336
8793,243,254,497
8793,155,148,303
8793,126,117,243
8793,148,177,325
8793,159,179,338
8793,173,203,376
8793,156,160,316
8793,192,153,345
8793,222,179,401
8793,144,110,254
8793,133,129,262
8793,205,189,394
8793,173,142,315
8793,184,150,334
8793,110,127,237
8793,147,135,282
8793,158,150,308
8793,143,155,298
8793,148,177,325
8793,173,142,315
8793,193,177,370
8793,167,136,303
8793,155,148,303
8793,150,145,295
8793,226,236,462
8793,142,130,272
8793,119,134,253
8793,173,140,313
8793,176,172,348
8793,160,138,298
8793,127,140,267
8793,143,153,296
8793,142,152,294
8794,172,175,347
8794,170,128,298
8794,175,143,318
8794,223,239,462
8794,160,138,298
8794,136,116,252
8794,150,144,294
8794,196,177,373
8794,169,200,369
8794,113,148,261
8794,127,111,238
8794,152,146,298
8794,236,246,482
8794,139,137,276
8794,177,169,346
8794,117,123,240
8794,185,151,336
8794,161,149,310
8794,200,186,386
8794,160,178,338
8794,111,132,243
8794,181,152,333
8794,128,135,263
8794,156,136,292
8794,182,158,340
8794,177,169,346
8794,175,140,315
8794,143,148,291
8794,202,209,411
8794,152,152,304
8794,224,224,448
8794,164,135,299
8794,139,108,247
8794,152,146,298
8794,191,190,381
8794,117,123,240
8794,220,179,399
8794,175,143,318
8794,234,243,477
8795,198,185,383
8795,198,200,398
8795,140,132,272
8795,168,200,368
8795,152,147,299
8795,114,147,261
8795,184,151,335
8795,140,107,247
8795,153,196,349
8795,129,117,246
8795,145,154,299
8795,155,176,331
8795,237,253,490
8795,119,120,239
8795,174,133,307
8795,161,140,301
8795,162,137,299
8795,167,128,295
8795,153,196,349
8795,156,171,327
8795,152,151,303
8795,180,151,331
8795,156,171,327
8795,155,150,305
8795,119,120,239
8795,232,254,486
8795,192,196,388
8795,129,139,268
8795,216,178,394
8795,185,175,360
8795,140,117,257
8795,152,147,299
8795,161,139,300
8795,183,176,359
8795,110,127,237
8795,238,255,493
8795,152,143,295
8795,222,237,459
8795,161,186,347
8796,168,193,361
8796,143,127,270
8796,138,107,245
8796,138,116,254
8796,154,153,307
8796,237,255,492
8796,172,127,299
8796,144,156,300
8796,197,180,377
8796,180,175,355
8796,181,146,327
8796,228,237,465
8796,224,181,405
8796,162,128,290
8796,117,121,238
8796,179,170,349
8796,117,121,238
8796,191,199,390
8796,153,136,289
8796,147,153,300
8796,160,182,342
8796,110,129,239
8796,121,120,241
8796,162,139,301
8796,142,131,273
8796,152,148,300
8796,219,228,447
8796,174,150,324
8796,147,153,300
8796,179,170,349
8796,188,154,342
8796,128,118,246
8796,145,148,293
8796,151,163,314
8796,196,183,379
8796,188,179,367
8796,159,138,297
8796,181,146,327
8796,262,240,502
8797,146,150,296
8797,157,136,293
8797,255,237,492
8797,139,130,269
8797,240,260,500
8797,184,174,358
8797,156,161,317
8797,170,125,295
8797,166,194,360
8797,158,138,296
8797,181,145,326
8797,129,115,244
8797,177,170,347
8797,154,155,309
8797,120,114,234
8797,146,150,296
8797,177,170,347
8797,160,178,338
8797,213,178,391
8797,164,178,342
8797,118,118,236
8797,202,214,416
8797,228,245,473
8797,156,169,325
8797,110,124,234
8797,167,129,296
8797,188,189,377
8797,143,149,292
8797,178,171,349
8797,136,117,253
8797,137,126,263
8797,118,118,236
8797,222,237,459
8797,138,112,250
8797,138,163,301
8797,181,145,326
8797,149,155,304
8797,203,187,390
8797,157,150,307
8798,185,146,331
8798,176,169,345
8798,151,154,305
8798,182,214,396
8798,128,114,242
8798,143,130,273
8798,227,251,478
8798,157,169,326
8798,168,139,307
8798,110,129,239
8798,123,114,237
8798,188,185,373
8798,146,148,294
8798,236,234,470
8798,119,119,238
8798,176,169,345
8798,138,155,293
8798,158,169,327
8798,185,146,331
8798,264,236,500
8798,159,172,331
8798,153,147,300
8798,229,221,450
8798,164,129,293
8798,150,160,310
8798,135,114,249
8798,218,178,396
8798,138,115,253
8798,163,184,347
8798,169,128,297
8798,143,150,293
8798,146,148,294
8798,178,184,362
8798,139,126,265
8798,156,158,314
8798,172,171,343
8798,119,119,238
8798,166,141,307
8798,229,197,426
8799,184,179,363
8799,146,151,297
8799,244,227,471
8799,233,238,471
8799,177,183,360
8799,189,152,341
8799,163,128,291
8799,174,169,343
8799,139,114,253
8799,185,148,333
8799,122,123,245
8799,265,235,500
8799,146,151,297
8799,157,167,324
8799,166,140,306
8799,218,179,397
8799,147,148,295
8799,219,194,413
8799,122,123,245
8799,112,131,243
8799,122,116,238
8799,162,138,300
8799,143,130,273
8799,178,204,382
8799,127,114,241
8799,153,155,308
8799,164,188,352
8799,168,135,303
8799,172,172,344
8799,185,148,333
8799,149,152,301
8799,159,171,330
8799,174,169,343
8799,134,116,250
8799,178,152,330
8799,149,143,292
8799,144,160,304
8799,137,127,264
8799,225,242,467
8800,225,180,405
8800,141,116,257
8800,155,150,305
8800,150,144,294
8800,136,160,296
8800,128,118,246
8800,178,145,323
8800,178,145,323
8800,139,121,260
8800,169,167,336
8800,184,154,338
8800,143,154,297
8800,191,188,379
8800,113,131,244
8800,237,258,495
8800,164,188,352
8800,254,229,483
8800,121,131,252
8800,140,146,286
8800,122,120,242
8800,176,193,369
8800,150,157,307
8800,131,124,255
8800,227,249,476
8800,187,174,361
8800,121,131,252
8800,149,143,292
8800,169,167,336
8800,141,135,276
8800,158,167,325
8800,156,136,292
8800,174,178,352
8800,203,132,335
8800,173,172,345
8800,161,178,339
8800,264,233,497
8800,147,159,306
8800,147,159,306
8800,155,133,288
8801,171,172,343
8801,151,144,295
8801,156,166,322
8801,255,229,484
8801,143,157,300
8801,177,191,368
8801,125,123,248
8801,194,193,387
8801,141,138,279
8801,131,134,265
8801,174,181,355
8801,120,123,243
8801,146,129,275
8801,150,164,314
8801,171,141,312
8801,149,141,290
8801,162,183,345
8801,137,117,254
8801,133,117,250
8801,175,146,321
8801,142,153,295
8801,155,160,315
8801,163,165,328
8801,239,252,491
8801,163,165,328
8801,120,123,243
8801,235,242,477
8801,137,107,244
8801,184,172,356
8801,254,238,492
8801,136,160,296
8801,182,146,328
8801,156,163,319
8801,162,149,311
8801,182,146,328
8801,150,164,314
8801,224,180,404
8801,151,157,308
8801,122,118,240
8802,159,149,308
8802,142,153,295
8802,137,121,258
8802,151,148,299
8802,135,158,293
8802,124,135,259
8802,128,107,235
8802,151,165,316
8802,124,135,259
8802,176,185,361
8802,187,173,360
8802,147,124,271
8802,248,237,485
8802,120,119,239
8802,175,190,365
8802,178,144,322
8802,147,146,293
8802,146,163,309
8802,154,162,316
8802,200,215,415
8802,140,146,286
8802,237,250,487
8802,160,174,334
8802,168,184,352
8802,156,166,322
8802,125,126,251
8802,172,140,312
8802,142,143,285
8802,178,144,322
8802,132,136,268
8802,156,166,322
8802,176,141,317
8802,149,141,290
8802,151,165,316
8802,197,198,395
8802,175,173,348
8802,228,242,470
8802,153,153,306
8802,233,238,471
8803,124,124,248
8803,154,148,302
8803,171,134,305
8803,152,160,312
8803,144,165,309
8803,163,186,349
8803,162,166,328
8803,263,245,508
8803,238,237,475
8803,183,186,369
8803,141,149,290
8803,235,246,481
8803,123,133,256
8803,126,123,249
8803,175,144,319
8803,162,166,328
8803,138,164,302
8803,129,107,236
8803,167,154,321
8803,149,167,316
8803,150,140,290
8803,175,144,319
8803,253,226,479
8803,184,146,330
8803,173,182,355
8803,137,116,253
8803,185,177,362
8803,123,133,256
8803,171,140,311
8803,197,216,413
8803,170,182,352
8803,138,136,274
8803,158,144,302
8803,149,167,316
8803,130,137,267
8803,198,196,394
8803,157,125,282
8803,145,146,291
8803,171,173,344
8804,152,140,292
8804,173,145,318
8804,127,142,269
8804,144,164,308
8804,137,160,297
8804,164,165,329
8804,149,168,317
8804,200,198,398
8804,126,107,233
8804,140,174,314
8804,183,173,356
8804,156,167,323
8804,140,132,272
8804,136,113,249
8804,169,127,296
8804,152,142,294
8804,129,123,252
8804,174,144,318
8804,164,165,329
8804,197,207,404
8804,127,142,269
8804,123,122,245
8804,160,184,344
8804,132,141,273
8804,175,186,361
8804,140,149,289
8804,149,168,317
8804,231,265,496
8804,158,123,281
8804,147,149,296
8804,173,145,318
8804,139,147,286
8804,149,146,295
8804,184,185,369
8804,230,252,482
8804,181,173,354
8804,238,251,489
8804,264,244,508
8804,167,180,347
8805,158,172,330
8805,136,125,261
8805,177,146,323
8805,130,108,238
8805,153,147,300
8805,261,243,504
8805,155,146,301
8805,128,150,278
8805,140,167,307
8805,179,198,377
8805,182,177,359
8805,149,165,314
8805,139,141,280
8805,149,165,314
8805,171,123,294
8805,143,162,305
8805,124,124,248
8805,235,249,484
8805,197,197,394
8805,177,146,323
8805,151,166,317
8805,150,140,290
8805,137,114,251
8805,200,213,413
8805,173,142,315
8805,146,141,287
8805,199,177,376
8805,128,150,278
8805,133,140,273
8805,144,130,274
8805,176,173,349
8805,264,241,505
8805,166,180,346
8805,141,120,261
8805,151,166,317
8805,154,158,312
8805,136,168,304
8805,138,136,274
8805,229,254,483
8806,127,135,262
8806,137,139,276
8806,256,235,491
8806,194,189,383
8806,157,161,318
8806,141,156,297
8806,188,178,366
8806,164,167,331
8806,180,148,328
8806,162,179,341
8806,150,146,296
8806,138,118,256
8806,208,190,398
8806,135,119,254
8806,171,143,314
8806,145,141,286
8806,164,142,306
8806,246,235,481
8806,180,148,328
8806,143,175,318
8806,134,143,277
8806,135,124,259
8806,152,134,286
8806,156,155,311
8806,155,147,302
8806,173,124,297
8806,247,238,485
8806,153,156,309
8806,150,127,277
8806,182,207,389
8806,150,127,277
8806,187,175,362
8806,149,159,308
8806,164,167,331
8806,140,131,271
8806,255,227,482
8806,186,189,375
8806,131,108,239
8807,256,239,495
8807,179,148,327
8807,189,205,394
8807,140,148,288
8807,147,150,297
8807,176,171,347
8807,179,148,327
8807,178,124,302
8807,135,165,300
8807,152,138,290
8807,207,193,400
8807,183,170,353
8807,230,250,480
8807,158,135,293
8807,159,168,327
8807,153,152,305
8807,130,107,237
8807,164,184,348
8807,147,124,271
8807,212,192,404
8807,143,125,268
8807,143,125,268
8807,153,158,311
8807,163,137,300
8807,241,233,474
8807,258,235,493
8807,157,120,277
8807,135,112,247
8807,141,154,295
8807,152,145,297
8807,170,142,312
8807,136,124,260
8807,125,129,254
8807,176,171,347
8807,195,199,394
8807,161,151,312
8807,190,178,368
8807,158,162,320
8808,154,125,279
8808,178,147,325
8808,151,151,302
8808,167,195,362
8808,178,147,325
8808,152,199,351
8808,190,173,363
8808,133,144,277
8808,126,132,258
8808,153,153,306
8808,156,139,295
8808,140,151,291
8808,136,111,247
8808,143,156,299
8808,176,141,317
8808,152,199,351
8808,166,138,304
8808,194,191,385
8808,239,259,498
8808,157,158,315
8808,133,159,292
8808,144,127,271
8808,192,191,383
8808,178,123,301
8808,130,107,237
8808,147,147,294
8808,154,135,289
8808,189,209,398
8808,202,190,392
8808,235,235,470
8808,164,188,352
8808,167,151,318
8808,189,175,364
8808,144,127,271
8808,137,124,261
8808,230,246,476
8808,246,235,481
8808,156,167,323
8809,179,182,361
8809,158,148,306
8809,141,154,295
8809,170,143,313
8809,177,144,321
8809,165,137,302
8809,152,131,283
8809,153,125,278
8809,172,141,313
8809,194,187,381
8809,152,131,283
8809,187,204,391
8809,174,172,346
8809,170,143,313
8809,144,157,301
8809,136,109,245
8809,150,168,318
8809,181,171,352
8809,126,106,232
8809,149,144,293
8809,155,150,305
8809,174,172,346
8809,136,160,296
8809,166,121,287
8809,256,230,486
8809,167,198,365
8809,141,150,291
8809,173,203,376
8809,197,194,391
8809,234,233,467
8809,163,177,340
8809,148,139,287
8809,129,138,267
8809,134,145,279
8809,257,235,492
8809,226,228,454
8809,132,121,253
8809,155,159,314
8810,151,197,348
8810,226,180,406
8810,175,171,346
8810,164,147,311
8810,129,105,234
8810,148,142,290
8810,249,234,483
8810,158,161,319
8810,247,229,476
8810,229,242,471
8810,231,249,480
8810,152,140,292
8810,190,206,396
8810,183,192,375
8810,144,164,308
8810,153,177,330
8810,163,180,343
8810,159,119,278
8810,135,163,298
8810,138,122,260
8810,172,200,372
8810,143,155,298
8810,210,192,402
8810,143,162,305
8810,126,151,277
8810,164,137,301
8810,129,141,270
8810,165,191,356
8810,138,125,263
8810,176,145,321
8810,160,127,287
8810,151,197,348
8810,141,147,288
8810,126,151,277
8810,156,161,317
8810,170,122,292
8810,168,141,309
8810,168,141,309
8811,151,180,331
8811,231,240,471
8811,235,230,465
8811,126,153,279
8811,165,137,302
8811,178,182,360
8811,123,106,229
8811,147,142,289
8811,236,259,495
8811,215,192,407
8811,150,192,342
8811,259,235,494
8811,126,153,279
8811,167,125,292
8811,172,202,374
8811,159,136,295
8811,163,176,339
8811,150,192,342
8811,132,145,277
8811,149,144,293
8811,144,160,304
8811,139,125,264
8811,136,166,302
8811,155,153,308
8811,167,141,308
8811,153,156,309
8811,167,141,308
8811,149,124,273
8811,224,181,405
8811,191,209,400
8811,135,113,248
8811,143,163,306
8811,159,120,279
8811,178,146,324
8811,168,205,373
8811,153,140,293
8811,165,128,293
8811,187,199,386
8812,139,121,260
8812,156,129,285
8812,169,144,313
8812,189,190,379
8812,173,144,317
8812,132,146,278
8812,187,147,334
8812,139,125,264
8812,219,193,412
8812,158,169,327
8812,142,152,294
8812,253,232,485
8812,159,120,279
8812,156,140,296
8812,235,232,467
8812,236,251,487
8812,223,181,404
8812,135,165,300
8812,192,177,369
8812,143,155,298
8812,184,182,366
8812,155,155,310
8812,190,163,353
8812,159,145,304
8812,148,189,337
8812,151,143,294
8812,148,189,337
8812,156,129,285
8812,186,203,389
8812,173,144,317
8812,123,105,228
8812,150,177,327
8812,135,151,286
8812,166,126,292
8812,136,110,246
8812,161,138,299
8812,229,234,463
8812,192,208,400
8813,155,140,295
8813,144,164,308
8813,136,113,249
8813,142,139,281
8813,171,142,313
8813,150,193,343
8813,134,131,265
8813,143,150,293
8813,199,180,379
8813,161,145,306
8813,230,236,466
8813,178,143,321
8813,160,137,297
8813,156,170,326
8813,150,170,320
8813,130,143,273
8813,214,185,399
8813,237,231,468
8813,152,152,304
8813,184,199,383
8813,164,141,305
8813,172,144,316
8813,172,144,316
8813,184,187,371
8813,150,193,343
8813,220,179,399
8813,193,179,372
8813,130,119,249
8813,136,124,260
8813,241,260,501
8813,179,163,342
8813,222,196,418
8813,227,242,469
8813,168,128,296
8813,159,120,279
8813,145,129,274
8813,121,103,224
8813,145,129,274
8814,131,139,270
8814,129,122,251
8814,161,175,336
8814,156,119,275
8814,150,138,288
8814,172,144,316
8814,143,151,294
8814,177,165,342
8814,133,122,255
8814,184,148,332
8814,219,179,398
8814,184,199,383
8814,190,186,376
8814,238,243,481
8814,233,198,431
8814,257,243,500
8814,172,120,292
8814,121,104,225
8814,134,139,273
8814,173,143,316
8814,150,199,349
8814,231,243,474
8814,197,178,375
8814,149,165,314
8814,165,145,310
8814,213,185,398
8814,184,148,332
8814,146,129,275
8814,152,147,299
8814,182,184,366
8814,150,199,349
8814,138,142,280
8814,136,113,249
8814,171,142,313
8814,162,143,305
8814,161,138,299
8814,146,129,275
8814,243,252,495
8815,132,146,278
8815,133,124,257
8815,133,134,267
8815,125,152,277
8815,130,140,270
8815,202,215,417
8815,232,238,470
8815,166,147,313
8815,148,146,294
8815,177,145,322
8815,218,179,397
8815,165,141,306
8815,232,241,473
8815,173,202,375
8815,135,165,300
8815,237,245,482
8815,151,117,268
8815,159,175,334
8815,212,185,397
8815,125,152,277
8815,163,161,324
8815,168,139,307
8815,116,101,217
8815,139,121,260
8815,131,123,254
8815,173,142,315
8815,184,185,369
8815,168,119,287
8815,150,142,292
8815,183,204,387
8815,172,172,344
8815,165,128,293
8815,177,145,322
8815,155,135,290
8815,149,160,309
8815,242,253,495
8815,172,172,344
8815,170,187,357
8816,248,241,489
8816,155,165,320
8816,237,250,487
8816,124,141,265
8816,140,130,270
8816,138,129,267
8816,232,246,478
8816,166,137,303
8816,184,198,382
8816,132,143,275
8816,177,144,321
8816,177,144,321
8816,213,176,389
8816,156,143,299
8816,151,164,315
8816,212,183,395
8816,168,180,348
8816,132,122,254
8816,157,138,295
8816,151,126,277
8816,148,140,288
8816,258,235,493
8816,124,141,265
8816,155,165,320
8816,211,196,407
8816,171,134,305
8816,166,146,312
8816,181,182,363
8816,150,164,314
8816,179,147,326
8816,140,138,278
8816,174,162,336
8816,194,176,370
8816,152,135,287
8816,133,148,281
8816,148,119,267
8816,116,102,218
8816,134,158,292
8817,149,164,313
8817,165,135,300
8817,181,183,364
8817,167,157,324
8817,262,235,497
8817,138,120,258
8817,171,137,308
8817,141,128,269
8817,164,144,308
8817,208,181,389
8817,240,259,499
8817,155,122,277
8817,155,162,317
8817,259,228,487
8817,215,178,393
8817,152,156,308
8817,175,149,324
8817,169,139,308
8817,215,195,410
8817,138,163,301
8817,131,141,272
8817,126,149,275
8817,126,149,275
8817,129,121,250
8817,150,163,313
8817,157,136,293
8817,116,102,218
8817,176,144,320
8817,168,181,349
8817,145,154,299
8817,135,150,285
8817,176,144,320
8817,150,149,299
8817,200,174,374
8817,181,194,375
8817,149,124,273
8817,149,164,313
8817,248,237,485
8818,176,186,362
8818,143,122,265
8818,178,149,327
8818,162,143,305
8818,224,183,407
8818,244,229,473
8818,239,263,502
8818,126,120,246
8818,202,217,419
8818,127,155,282
8818,119,102,221
8818,127,155,282
8818,148,158,306
8818,232,246,478
8818,151,151,302
8818,144,131,275
8818,159,124,283
8818,171,142,313
8818,152,167,319
8818,185,170,355
8818,143,163,306
8818,155,164,319
8818,171,142,313
8818,155,160,315
8818,163,128,291
8818,203,181,384
8818,162,142,304
8818,177,187,364
8818,138,129,267
8818,137,154,291
8818,138,117,255
8818,158,138,296
8818,132,146,278
8818,169,140,309
8818,168,129,297
8818,143,163,306
8818,181,192,373
8818,249,229,478
8819,133,148,281
8819,244,235,479
8819,170,140,310
8819,150,128,278
8819,150,123,273
8819,204,178,382
8819,148,150,298
8819,195,201,396
8819,162,122,284
8819,181,173,354
8819,180,149,329
8819,154,164,318
8819,224,180,404
8819,256,226,482
8819,164,141,305
8819,148,159,307
8819,246,258,504
8819,145,127,272
8819,168,123,291
8819,187,177,364
8819,158,159,317
8819,141,128,269
8819,148,163,311
8819,148,163,311
8819,169,142,311
8819,150,128,278
8819,154,136,290
8819,184,194,378
8819,140,121,261
8819,139,139,278
8819,158,139,297
8819,123,120,243
8819,181,187,368
8819,114,100,214
8819,239,258,497
8819,138,128,266
8819,169,142,311
8819,152,155,307
8820,114,101,215
8820,173,141,314
8820,237,250,487
8820,180,181,361
8820,151,127,278
8820,173,163,336
8820,156,169,325
8820,155,166,321
8820,167,122,289
8820,130,139,269
8820,168,147,315
8820,133,158,291
8820,151,158,309
8820,151,127,278
8820,135,126,261
8820,233,196,429
8820,180,171,351
8820,130,121,251
8820,180,188,368
8820,149,165,314
8820,170,141,311
8820,188,176,364
8820,157,130,287
8820,142,130,272
8820,222,179,401
8820,151,123,274
8820,175,176,351
8820,154,146,300
8820,134,135,269
8820,155,166,321
8820,137,118,255
8820,136,148,284
8820,246,236,482
8820,237,226,463
8820,242,256,498
8820,170,141,311
8820,168,141,309
8820,152,147,299
8821,189,190,379
8821,222,191,413
8821,163,135,298
8821,179,179,358
8821,243,249,492
8821,156,124,280
8821,147,137,284
8821,154,163,317
8821,211,176,387
8821,169,125,294
8821,148,152,300
8821,154,134,288
8821,165,168,333
8821,171,141,312
8821,232,258,490
8821,130,120,250
8821,157,159,316
8821,165,168,333
8821,150,130,280
8821,134,120,254
8821,166,137,303
8821,165,152,317
8821,171,141,312
8821,197,181,378
8821,179,170,349
8821,149,166,315
8821,150,130,280
8821,219,222,441
8821,178,165,343
8821,134,138,272
8821,123,105,228
8821,135,110,245
8821,139,160,299
8821,173,148,321
8821,174,173,347
8821,149,155,304
8821,238,250,488
8821,170,140,310
8822,176,144,320
8822,147,152,299
8822,125,106,231
8822,176,171,347
8822,139,125,264
8822,161,134,295
8822,253,239,492
8822,137,112,249
8822,146,161,307
8822,139,125,264
8822,168,141,309
8822,154,138,292
8822,240,261,501
8822,127,121,248
8822,157,159,316
8822,137,125,262
8822,252,230,482
8822,163,150,313
8822,210,190,400
8822,196,185,381
8822,203,178,381
8822,151,158,309
8822,142,172,314
8822,170,148,318
8822,177,173,350
8822,143,159,302
8822,168,141,309
8822,176,171,347
8822,205,183,388
8822,157,119,276
8822,243,256,499
8822,183,187,370
8822,181,172,353
8822,174,162,336
8822,149,164,313
8822,154,161,315
8822,160,125,285
8822,156,136,292
8823,257,238,495
8823,152,195,347
8823,132,122,254
8823,178,162,340
8823,192,184,376
8823,159,137,296
8823,124,105,229
8823,178,169,347
8823,177,172,349
8823,178,148,326
8823,147,165,312
8823,137,134,271
8823,138,115,253
8823,237,250,487
8823,132,122,254
8823,250,226,476
8823,203,182,385
8823,148,168,316
8823,164,149,313
8823,160,119,279
8823,171,149,320
8823,153,168,321
8823,207,178,385
8823,152,195,347
8823,141,173,314
8823,180,189,369
8823,194,196,390
8823,168,134,302
8823,156,124,280
8823,172,142,314
8823,158,139,297
8823,246,265,511
8823,152,161,313
8823,172,142,314
8823,163,135,298
8823,123,119,242
8823,158,178,336
8823,157,166,323
8824,168,142,310
8824,246,265,511
8824,168,142,310
8824,205,186,391
8824,166,160,326
8824,155,164,319
8824,158,148,306
8824,183,174,357
8824,143,120,263
8824,176,149,325
8824,199,186,385
8824,153,161,314
8824,138,142,280
8824,173,184,357
8824,151,196,347
8824,148,165,313
8824,144,116,260
8824,186,172,358
8824,260,237,497
8824,113,101,214
8824,167,140,307
8824,126,121,247
8824,240,250,490
8824,125,121,246
8824,151,196,347
8824,175,140,315
8824,251,228,479
8824,160,134,294
8824,154,163,317
8824,140,171,311
8824,213,179,392
8824,176,144,320
8824,125,121,246
8824,195,204,399
8824,155,139,294
8824,140,122,262
8824,180,154,334
8824,134,131,265
8825,214,180,394
8825,157,139,296
8825,149,161,310
8825,152,159,311
8825,152,119,271
8825,218,188,406
8825,162,148,310
8825,125,122,247
8825,176,150,326
8825,195,205,400
8825,154,166,320
8825,236,237,473
8825,110,101,211
8825,153,153,306
8825,171,141,312
8825,179,170,349
8825,178,174,352
8825,133,122,255
8825,181,153,334
8825,167,183,350
8825,134,140,274
8825,274,246,520
8825,142,123,265
8825,142,169,311
8825,163,136,299
8825,251,235,486
8825,187,175,362
8825,143,140,283
8825,178,174,352
8825,168,138,306
8825,168,138,306
8825,137,118,255
8825,230,251,481
8825,117,116,233
8825,179,153,332
8825,125,122,247
8825,182,211,393
8825,157,160,317
8826,145,138,283
8826,158,159,317
8826,191,208,399
8826,196,209,405
8826,230,246,476
8826,179,208,387
8826,222,182,404
8826,206,132,338
8826,153,169,322
8826,178,149,327
8826,147,160,307
8826,157,134,291
8826,236,239,475
8826,171,186,357
8826,142,172,314
8826,146,121,267
8826,146,126,272
8826,156,149,305
8826,147,191,338
8826,130,131,261
8826,175,150,325
8826,160,119,279
8826,265,245,510
8826,151,155,306
8826,162,136,298
8826,240,231,471
8826,152,143,295
8826,146,126,272
8826,147,162,309
8826,147,191,338
8826,162,136,298
8826,146,124,270
8826,172,142,314
8826,175,171,346
8826,116,116,232
8826,201,181,382
8826,108,100,208
8826,160,137,297
8827,158,134,292
8827,158,134,292
8827,143,179,322
8827,238,244,482
8827,146,184,330
8827,237,231,468
8827,146,184,330
8827,164,159,323
8827,147,160,307
8827,154,150,304
8827,215,180,395
8827,103,99,202
8827,168,139,307
8827,210,191,401
8827,194,176,370
8827,230,244,474
8827,170,141,311
8827,141,161,302
8827,217,185,402
8827,115,118,233
8827,161,120,281
8827,171,169,340
8827,153,138,291
8827,152,158,310
8827,147,124,271
8827,175,154,329
8827,144,125,269
8827,273,248,521
8827,197,207,404
8827,145,140,285
8827,205,133,338
8827,176,148,324
8827,166,147,313
8827,174,147,321
8827,148,123,271
8827,178,188,366
8827,144,125,269
8827,136,123,259
8828,167,136,303
8828,268,245,513
8828,149,128,277
8828,166,149,315
8828,186,206,392
8828,156,181,337
8828,148,125,273
8828,154,148,302
8828,155,160,315
8828,109,115,224
8828,153,136,289
8828,176,171,347
8828,151,140,291
8828,151,140,291
8828,148,191,339
8828,149,159,308
8828,147,123,270
8828,149,128,277
8828,169,139,308
8828,237,229,466
8828,165,141,306
8828,141,127,268
8828,148,191,339
8828,152,120,272
8828,181,190,371
8828,145,141,286
8828,191,187,378
8828,181,211,392
8828,194,127,321
8828,142,173,315
8828,239,242,481
8828,228,240,468
8828,215,179,394
8828,104,100,204
8828,164,160,324
8828,217,186,403
8828,178,147,325
8828,177,149,326
8829,152,147,299
8829,152,147,299
8829,138,120,258
8829,148,127,275
8829,226,224,450
8829,150,127,277
8829,180,170,350
8829,154,147,301
8829,196,194,390
8829,186,206,392
8829,148,141,289
8829,151,198,349
8829,154,130,284
8829,277,247,524
8829,159,158,317
8829,169,138,307
8829,148,127,275
8829,150,127,277
8829,151,198,349
8829,158,174,332
8829,175,191,366
8829,166,141,307
8829,176,150,326
8829,157,180,337
8829,105,106,211
8829,161,121,282
8829,232,249,481
8829,157,150,307
8829,153,163,316
8829,211,181,392
8829,109,115,224
8829,236,237,473
8829,141,171,312
8829,193,185,378
8829,214,185,399
8829,150,127,277
8829,175,191,366
8829,201,132,333
8829,141,132,273
8829,150,165,315
8830,189,189,378
8830,203,190,393
8830,153,126,279
8830,145,125,270
8830,155,147,302
8830,196,131,327
8830,155,180,335
8830,150,195,345
8830,155,128,283
8830,237,243,480
8830,168,162,330
8830,203,178,381
8830,151,149,300
8830,272,246,518
8830,108,114,222
8830,140,128,268
8830,172,149,321
8830,178,142,320
8830,158,134,292
8830,169,123,292
8830,147,123,270
8830,202,188,390
8830,133,131,264
8830,149,141,290
8830,149,141,290
8830,150,195,345
8830,164,174,338
8830,141,177,318
8830,155,128,283
8830,224,232,456
8830,145,125,270
8830,156,168,324
8830,104,104,208
8830,170,142,312
8830,216,187,403
8830,154,148,302
8830,252,225,477
8830,133,142,275
8830,208,182,390
8830,202,188,390
8831,177,154,331
8831,129,131,260
8831,148,146,294
8831,205,189,394
8831,133,139,272
8831,179,186,365
8831,156,167,323
8831,157,128,285
8831,152,154,306
8831,148,127,275
8831,167,181,348
8831,101,102,203
8831,154,175,329
8831,147,128,275
8831,195,131,326
8831,147,123,270
8831,148,139,287
8831,181,215,396
8831,148,139,287
8831,150,189,339
8831,141,173,314
8831,148,127,275
8831,156,150,306
8831,200,177,377
8831,248,224,472
8831,191,204,395
8831,167,140,307
8831,166,140,306
8831,234,260,494
8831,181,215,396
8831,153,129,282
8831,157,128,285
8831,169,162,331
8831,238,240,478
8831,175,141,316
8831,217,181,398
8831,111,114,225
8831,242,252,494
8831,150,189,339
8831,170,149,319
8832,145,122,267
8832,147,123,270
8832,150,138,288
8832,133,131,264
8832,165,161,326
8832,163,132,295
8832,148,187,335
8832,233,262,495
8832,141,165,306
8832,241,223,464
8832,240,245,485
8832,167,184,351
8832,134,144,278
8832,127,154,281
8832,155,175,330
8832,153,160,313
8832,110,113,223
8832,149,168,317
8832,181,206,387
8832,150,138,288
8832,141,125,266
8832,102,102,204
8832,199,132,331
8832,233,232,465
8832,169,147,316
8832,191,200,391
8832,180,174,354
8832,217,182,399
8832,169,183,352
8832,148,187,335
8832,147,165,312
8832,146,133,279
8832,156,170,326
8832,168,140,308
8832,145,122,267
8832,156,166,322
8832,157,152,309
8832,181,206,387
8832,127,154,281
8832,209,190,399
8833,147,166,313
8833,157,153,310
8833,246,258,504
8833,168,140,308
8833,145,122,267
8833,153,159,312
8833,196,191,387
8833,235,220,455
8833,203,174,377
8833,179,184,363
8833,109,100,209
8833,133,130,263
8833,155,160,315
8833,181,206,387
8833,133,140,273
8833,168,161,329
8833,127,151,278
8833,136,154,290
8833,154,174,328
8833,110,117,227
8833,193,204,397
8833,170,147,317
8833,200,132,332
8833,152,125,277
8833,181,206,387
8833,127,151,278
8833,141,170,311
8833,238,251,489
8833,137,137,274
8833,261,239,500
8833,150,140,290
8833,154,199,353
8833,158,173,331
8833,146,160,306
8833,150,140,290
8833,154,199,353
8833,177,175,352
8833,143,124,267
8833,145,122,267
8833,169,180,349
8834,106,100,206
8834,136,153,289
8834,180,205,385
8834,133,134,267
8834,150,135,285
8834,197,133,330
8834,179,150,329
8834,206,186,392
8834,142,121,263
8834,175,175,350
8834,246,265,511
8834,218,184,402
8834,127,152,279
8834,154,164,318
8834,152,168,320
8834,167,160,327
8834,173,194,367
8834,127,152,279
8834,158,167,325
8834,133,144,277
8834,180,205,385
8834,140,112,252
8834,174,187,361
8834,130,130,260
8834,111,112,223
8834,155,159,314
8834,170,172,342
8834,150,166,316
8834,169,138,307
8834,195,175,370
8834,162,164,326
8834,142,121,263
8834,258,239,497
8834,234,221,455
8834,240,250,490
8834,147,163,310
8834,150,124,274
8834,150,135,285
8834,143,173,316
8834,170,172,342
8835,173,185,358
8835,151,156,307
8835,168,168,336
8835,125,146,271
8835,164,171,335
8835,214,184,398
8835,194,192,386
8835,150,161,311
8835,141,112,253
8835,195,178,373
8835,155,162,317
8835,259,239,498
8835,114,114,228
8835,177,142,319
8835,125,146,271
8835,158,167,325
8835,149,124,273
8835,133,137,270
8835,142,168,310
8835,181,145,326
8835,164,137,301
8835,198,173,371
8835,140,122,262
8835,248,256,504
8835,173,185,358
8835,151,139,290
8835,135,140,275
8835,139,128,267
8835,260,236,496
8835,178,171,349
8835,247,225,472
8835,179,151,330
8835,146,164,310
8835,168,168,336
8835,140,122,262
8835,199,186,385
8835,109,101,210
8835,151,139,290
8835,172,149,321
8835,136,131,267
8836,142,174,316
8836,243,224,467
8836,177,187,364
8836,172,139,311
8836,241,260,501
8836,196,192,388
8836,157,128,285
8836,229,257,486
8836,154,164,318
8836,118,103,221
8836,133,120,253
8836,161,160,321
8836,177,187,364
8836,184,176,360
8836,155,171,326
8836,157,128,285
8836,165,136,301
8836,118,115,233
8836,158,168,326
8836,149,147,296
8836,171,142,313
8836,158,138,296
8836,192,174,366
8836,138,131,269
8836,138,109,247
8836,155,127,282
8836,134,144,278
8836,213,184,397
8836,178,172,350
8836,154,164,318
8836,149,165,314
8836,148,135,283
8836,160,177,337
8836,135,145,280
8836,133,120,253
8836,154,171,325
8836,164,169,333
8836,204,195,399
8836,248,266,514
8836,148,135,283
8837,162,138,300
8837,163,168,331
8837,212,184,396
8837,152,164,316
8837,153,126,279
8837,154,169,323
8837,142,170,312
8837,152,164,316
8837,243,260,503
8837,151,135,286
8837,171,145,316
8837,183,146,329
8837,199,200,399
8837,117,114,231
8837,137,121,258
8837,193,173,366
8837,155,172,327
8837,124,104,228
8837,136,152,288
8837,249,266,515
8837,137,121,258
8837,138,133,271
8837,182,204,386
8837,153,126,279
8837,154,162,316
8837,250,226,476
8837,156,126,282
8837,177,141,318
8837,161,182,343
8837,176,176,352
8837,182,204,386
8837,134,146,280
8837,162,138,300
8837,167,161,328
8837,170,171,341
8837,151,135,286
8837,228,249,477
8837,174,212,386
8837,139,108,247
8837,171,139,310
8838,174,173,347
8838,153,164,317
8838,203,176,379
8838,169,141,310
8838,125,106,231
8838,201,194,395
8838,135,144,279
8838,144,109,253
8838,203,206,409
8838,152,125,277
8838,249,225,474
8838,225,236,461
8838,183,214,397
8838,154,166,320
8838,153,136,289
8838,153,136,289
8838,165,172,337
8838,148,123,271
8838,164,139,303
8838,177,173,350
8838,154,166,320
8838,143,161,304
8838,143,176,319
8838,240,255,495
8838,168,141,309
8838,172,140,312
8838,138,132,270
8838,148,123,271
8838,167,165,332
8838,170,141,311
8838,215,183,398
8838,157,177,334
8838,151,126,277
8838,133,140,273
8838,183,214,397
8838,110,114,224
8838,157,175,332
8838,245,256,501
8838,159,175,334
8838,151,126,277
8839,208,181,389
8839,185,154,339
8839,161,169,330
8839,150,135,285
8839,168,140,308
8839,171,157,328
8839,154,165,319
8839,170,143,313
8839,243,260,503
8839,154,165,319
8839,151,125,276
8839,183,213,396
8839,150,135,285
8839,135,133,268
8839,140,107,247
8839,173,214,387
8839,133,134,267
8839,160,174,334
8839,148,167,315
8839,183,213,396
8839,153,162,315
8839,255,224,479
8839,147,125,272
8839,140,157,297
8839,159,178,337
8839,174,172,346
8839,146,161,307
8839,185,168,353
8839,229,256,485
8839,164,140,304
8839,147,125,272
8839,110,115,225
8839,181,152,333
8839,245,250,495
8839,123,105,228
8839,138,151,289
8839,158,125,283
8839,216,177,393
8839,158,125,283
8839,199,202,401
8840,224,247,471
8840,141,158,299
8840,161,163,324
8840,147,142,289
8840,121,104,225
8840,164,139,303
8840,141,121,262
8840,149,134,283
8840,155,166,321
8840,190,175,365
8840,145,159,304
8840,247,258,505
8840,212,182,394
8840,160,124,284
8840,154,124,278
8840,191,169,360
8840,149,134,283
8840,244,218,462
8840,160,124,284
8840,159,174,333
8840,180,201,381
8840,155,171,326
8840,168,141,309
8840,180,201,381
8840,165,140,305
8840,141,108,249
8840,110,112,222
8840,141,121,262
8840,245,263,508
8840,194,188,382
8840,136,133,269
8840,165,120,285
8840,139,158,297
8840,174,204,378
8840,206,174,380
8840,147,163,310
8840,181,153,334
8840,203,211,414
8840,156,154,310
8840,155,166,321
8841,147,135,282
8841,182,202,384
8841,203,172,375
8841,163,186,349
8841,148,110,258
8841,153,171,324
8841,140,123,263
8841,123,104,227
8841,162,122,284
8841,147,162,309
8841,187,186,373
8841,146,159,305
8841,185,172,357
8841,146,137,283
8841,170,191,361
8841,158,123,281
8841,159,167,326
8841,136,155,291
8841,138,151,289
8841,182,202,384
8841,158,123,281
8841,221,233,454
8841,162,167,329
8841,165,140,305
8841,140,135,275
8841,161,155,316
8841,197,195,392
8841,152,167,319
8841,167,137,304
8841,162,169,331
8841,162,169,331
8841,280,245,525
8841,140,123,263
8841,202,180,382
8841,147,135,282
8841,110,114,224
8841,157,139,296
8841,241,259,500
8841,230,218,448
8841,140,119,259
8842,203,213,416
8842,149,125,274
8842,170,142,312
8842,110,114,224
8842,143,134,277
8842,170,155,325
8842,164,139,303
8842,147,110,257
8842,263,236,499
8842,160,167,327
8842,154,124,278
8842,161,163,324
8842,179,195,374
8842,148,134,282
8842,146,156,302
8842,198,192,390
8842,168,182,350
8842,149,125,274
8842,160,121,281
8842,176,175,351
8842,148,134,282
8842,227,245,472
8842,232,219,451
8842,160,172,332
8842,162,192,354
8842,149,123,272
8842,207,175,382
8842,152,168,320
8842,146,159,305
8842,149,141,290
8842,163,133,296
8842,160,167,327
8842,186,176,362
8842,280,248,528
8842,151,164,315
8842,134,134,268
8842,172,150,322
8842,179,195,374
8842,154,124,278
8842,122,103,225
8843,151,124,275
8843,148,120,268
8843,151,127,278
8843,135,132,267
8843,223,218,441
8843,118,102,220
8843,138,139,277
8843,202,210,412
8843,154,175,329
8843,147,140,287
8843,153,164,317
8843,133,141,274
8843,280,248,528
8843,227,240,467
8843,172,157,329
8843,147,140,287
8843,151,127,278
8843,260,236,496
8843,148,160,308
8843,115,113,228
8843,160,138,298
8843,179,193,372
8843,167,142,309
8843,145,109,254
8843,156,166,322
8843,179,193,372
8843,146,160,306
8843,160,167,327
8843,156,166,322
8843,175,171,346
8843,163,155,318
8843,169,184,353
8843,138,158,296
8843,151,124,275
8843,161,162,323
8843,201,191,392
8843,150,146,296
8843,186,185,371
8843,192,166,358
8843,215,178,393
8844,112,112,224
8844,159,140,299
8844,241,255,496
8844,127,148,275
8844,204,216,420
8844,192,176,368
8844,197,192,389
8844,200,202,402
8844,183,205,388
8844,148,137,285
8844,164,125,289
8844,142,118,260
8844,152,164,316
8844,160,169,329
8844,140,157,297
8844,141,109,250
8844,146,161,307
8844,184,166,350
8844,162,174,336
8844,136,139,275
8844,149,142,291
8844,131,138,269
8844,164,125,289
8844,127,148,275
8844,146,158,304
8844,161,131,292
8844,170,187,357
8844,161,161,322
8844,136,132,268
8844,115,101,216
8844,226,245,471
8844,153,170,323
8844,148,137,285
8844,223,235,458
8844,183,205,388
8844,257,239,496
8844,159,155,314
8844,160,169,329
8844,183,178,361
8844,169,149,318
8845,198,194,392
8845,215,190,405
8845,138,148,286
8845,155,171,326
8845,162,170,332
8845,151,165,316
8845,133,131,264
8845,138,107,245
8845,177,165,342
8845,173,139,312
8845,184,178,362
8845,165,156,321
8845,164,173,337
8845,155,173,328
8845,150,146,296
8845,136,139,275
8845,131,135,266
8845,156,122,278
8845,173,197,370
8845,242,239,481
8845,139,116,255
8845,148,135,283
8845,227,227,454
8845,127,149,276
8845,162,165,327
8845,197,176,373
8845,148,135,283
8845,166,131,297
8845,162,170,332
8845,111,115,226
8845,114,102,216
8845,205,223,428
8845,177,211,388
8845,215,190,405
8845,270,237,507
8845,166,139,305
8845,127,149,276
8845,220,221,441
8845,166,133,299
8845,156,122,278
8846,196,188,384
8846,190,173,363
8846,161,165,326
8846,154,121,275
8846,149,144,293
8846,165,167,332
8846,267,237,504
8846,203,218,421
8846,269,245,514
8846,126,145,271
8846,158,134,292
8846,191,158,349
8846,167,139,306
8846,112,100,212
8846,214,189,403
8846,142,119,261
8846,185,183,368
8846,214,189,403
8846,172,201,373
8846,184,150,334
8846,149,144,293
8846,139,149,288
8846,148,158,306
8846,148,152,300
8846,243,233,476
8846,140,154,294
8846,109,114,223
8846,132,135,267
8846,141,155,296
8846,219,220,439
8846,153,170,323
8846,130,131,261
8846,154,121,275
8846,177,165,342
8846,141,107,248
8846,175,200,375
8846,165,167,332
8846,170,139,309
8846,169,157,326
8846,126,145,271
8847,161,128,289
8847,131,134,265
8847,152,121,273
8847,122,133,255
8847,133,131,264
8847,266,243,509
8847,211,188,399
8847,176,207,383
8847,168,138,306
8847,260,233,493
8847,167,142,309
8847,193,173,366
8847,122,133,255
8847,151,165,316
8847,194,174,368
8847,221,222,443
8847,237,231,468
8847,211,188,399
8847,163,136,299
8847,114,101,215
8847,153,165,318
8847,109,112,221
8847,135,116,251
8847,199,202,401
8847,163,135,298
8847,140,113,253
8847,148,142,290
8847,162,158,320
8847,172,138,310
8847,153,168,321
8847,153,165,318
8847,192,181,373
8847,175,165,340
8847,177,205,382
8847,181,151,332
8847,189,158,347
8847,163,136,299
8847,152,121,273
8847,156,149,305
8847,140,152,292
8848,178,150,328
8848,170,136,306
8848,119,124,243
8848,165,137,302
8848,168,140,308
8848,177,170,347
8848,155,145,300
8848,143,159,302
8848,152,138,290
8848,168,139,307
8848,244,232,476
8848,177,205,382
8848,159,126,285
8848,160,136,296
8848,119,124,243
8848,116,101,217
8848,144,128,272
8848,155,164,319
8848,193,170,363
8848,220,219,439
8848,167,143,310
8848,143,183,326
8848,193,180,373
8848,129,112,241
8848,155,164,319
8848,151,161,312
8848,268,242,510
8848,160,136,296
8848,200,199,399
8848,159,126,285
8848,266,234,500
8848,139,132,271
8848,207,185,392
8848,133,136,269
8848,207,185,392
8848,174,193,367
8848,191,159,350
8848,144,123,267
8848,183,165,348
8848,108,111,219
8849,144,177,321
8849,196,180,376
8849,177,149,326
8849,118,121,239
8849,164,134,298
8849,250,269,519
8849,199,184,383
8849,155,166,321
8849,174,197,371
8849,129,130,259
8849,118,121,239
8849,222,226,448
8849,158,137,295
8849,156,149,305
8849,157,135,292
8849,134,115,249
8849,155,166,321
8849,191,164,355
8849,189,158,347
8849,199,184,383
8849,195,188,383
8849,166,127,293
8849,147,137,284
8849,132,136,268
8849,169,137,306
8849,175,199,374
8849,154,170,324
8849,145,164,309
8849,260,235,495
8849,143,163,306
8849,175,177,352
8849,193,170,363
8849,166,127,293
8849,231,230,461
8849,153,137,290
8849,154,132,286
8849,138,154,292
8849,157,135,292
8849,114,99,213
8849,111,117,228
8850,150,132,282
8850,143,158,301
8850,151,136,287
8850,148,138,286
8850,204,181,385
8850,144,181,325
8850,117,116,233
8850,162,165,327
8850,142,157,299
8850,136,147,283
8850,136,144,280
8850,204,181,385
8850,166,151,317
8850,244,261,505
8850,132,132,264
8850,189,163,352
8850,112,100,212
8850,162,165,327
8850,142,134,276
8850,202,179,381
8850,196,188,384
8850,156,135,291
8850,173,197,370
8850,235,231,466
8850,117,116,233
8850,177,171,348
8850,178,158,336
8850,180,163,343
8850,154,144,298
8850,133,114,247
8850,184,151,335
8850,222,217,439
8850,157,175,332
8850,175,200,375
8850,112,122,234
8850,150,140,290
8850,133,149,282
8850,156,135,291
8850,136,147,283
8850,251,263,514
8851,167,154,321
8851,200,205,405
8851,130,134,264
8851,224,227,451
8851,117,113,230
8851,148,133,281
8851,159,146,305
8851,168,189,357
8851,266,237,503
8851,117,113,230
8851,183,171,354
8851,179,178,357
8851,239,221,460
8851,149,139,288
8851,206,168,374
8851,160,166,326
8851,158,136,294
8851,159,160,319
8851,106,98,204
8851,149,136,285
8851,184,178,362
8851,140,160,300
8851,136,144,280
8851,178,199,377
8851,111,119,230
8851,175,150,325
8851,133,136,269
8851,144,159,303
8851,168,137,305
8851,133,136,269
8851,176,158,334
8851,156,174,330
8851,145,181,326
8851,135,132,267
8851,158,136,294
8851,244,247,491
8851,160,166,326
8851,179,178,357
8851,129,117,246
8851,158,136,294
8852,141,134,275
8852,139,155,294
8852,136,143,279
8852,206,167,373
8852,130,114,244
8852,226,230,456
8852,111,121,232
8852,203,176,379
8852,161,138,299
8852,207,206,413
8852,169,137,306
8852,160,136,296
8852,232,219,451
8852,269,236,505
8852,129,131,260
8852,168,185,353
8852,155,152,307
8852,149,137,286
8852,133,136,269
8852,149,181,330
8852,149,181,330
8852,245,249,494
8852,133,136,269
8852,154,133,287
8852,117,115,232
8852,117,115,232
8852,188,180,368
8852,156,162,318
8852,167,149,316
8852,192,179,371
8852,185,131,316
8852,198,179,377
8852,160,136,296
8852,143,160,303
8852,165,147,312
8852,107,99,206
8852,158,177,335
8852,168,156,324
8852,147,141,288
8852,192,179,371
8853,186,155,341
8853,132,135,267
8853,159,135,294
8853,154,138,292
8853,117,116,233
8853,180,158,338
8853,205,213,418
8853,160,161,321
8853,111,99,210
8853,165,155,320
8853,151,182,333
8853,179,188,367
8853,184,131,315
8853,198,181,379
8853,244,235,479
8853,132,116,248
8853,185,177,362
8853,132,132,264
8853,166,137,303
8853,176,203,379
8853,147,136,283
8853,172,150,322
8853,143,135,278
8853,132,135,267
8853,161,120,281
8853,151,182,333
8853,142,163,305
8853,112,122,234
8853,205,166,371
8853,168,134,302
8853,185,177,362
8853,214,180,394
8853,159,135,294
8853,169,139,308
8853,224,218,442
8853,154,137,291
8853,162,146,308
8853,247,250,497
8853,265,234,499
8853,117,116,233
8854,200,177,377
8854,163,137,300
8854,179,156,335
8854,149,163,312
8854,135,145,280
8854,150,141,291
8854,160,144,304
8854,198,181,379
8854,173,149,322
8854,161,136,297
8854,132,133,265
8854,113,100,213
8854,223,191,414
8854,166,155,321
8854,146,129,275
8854,145,135,280
8854,109,119,228
8854,153,193,346
8854,208,167,375
8854,163,137,300
8854,180,176,356
8854,185,197,382
8854,154,138,292
8854,132,133,265
8854,265,242,507
8854,262,234,496
8854,240,222,462
8854,182,153,335
8854,180,176,356
8854,153,193,346
8854,168,163,331
8854,119,116,235
8854,182,130,312
8854,119,116,235
8854,251,237,488
8854,165,136,301
8854,182,189,371
8854,131,127,258
8854,129,115,244
8854,142,159,301
8855,131,125,256
8855,178,163,341
8855,170,138,308
8855,109,118,227
8855,145,128,273
8855,134,126,260
8855,246,224,470
8855,136,145,281
8855,131,125,256
8855,157,145,302
8855,161,137,298
8855,151,191,342
8855,165,136,301
8855,195,179,374
8855,123,115,238
8855,123,115,238
8855,181,131,312
8855,167,156,323
8855,256,241,497
8855,194,178,372
8855,199,183,382
8855,156,144,300
8855,179,152,331
8855,195,179,374
8855,154,139,293
8855,111,100,211
8855,207,167,374
8855,181,157,338
8855,150,139,289
8855,149,133,282
8855,148,162,310
8855,161,137,298
8855,151,191,342
8855,238,235,473
8855,235,199,434
8855,186,156,342
8855,129,119,248
8855,184,188,372
8855,246,261,507
8855,204,176,380
8856,157,135,292
8856,156,139,295
8856,134,133,267
8856,128,116,244
8856,165,157,322
8856,245,224,469
8856,152,133,285
8856,200,180,380
8856,161,120,281
8856,156,150,306
8856,157,198,355
8856,250,237,487
8856,153,137,290
8856,191,177,368
8856,243,255,498
8856,194,175,369
8856,133,116,249
8856,228,196,424
8856,185,154,339
8856,209,167,376
8856,157,198,355
8856,191,177,368
8856,158,136,294
8856,109,99,208
8856,149,160,309
8856,158,136,294
8856,128,116,244
8856,134,133,267
8856,157,137,294
8856,190,187,377
8856,174,156,330
8856,134,134,268
8856,185,151,336
8856,202,182,384
8856,152,143,295
8856,170,164,334
8856,109,114,223
8856,161,124,285
8856,265,246,511
8856,145,134,279
8857,200,179,379
8857,282,248,530
8857,207,167,374
8857,180,151,331
8857,244,257,501
8857,159,140,299
8857,165,146,311
8857,108,100,208
8857,178,205,383
8857,161,161,322
8857,173,128,301
8857,157,136,293
8857,178,176,354
8857,200,179,379
8857,191,189,380
8857,160,136,296
8857,159,156,315
8857,121,115,236
8857,121,115,236
8857,200,178,378
8857,159,180,339
8857,201,177,378
8857,169,154,323
8857,157,136,293
8857,153,137,290
8857,136,139,275
8857,249,237,486
8857,129,125,254
8857,176,139,315
8857,178,176,354
8857,145,127,272
8857,143,160,303
8857,110,115,225
8857,212,189,401
8857,136,139,275
8857,185,166,351
8857,242,226,468
8857,135,116,251
8857,162,123,285
8857,151,133,284
8858,161,137,298
8858,118,114,232
8858,144,124,268
8858,265,243,508
8858,176,129,305
8858,167,157,324
8858,139,144,283
8858,158,144,302
8858,192,177,369
8858,133,117,250
8858,112,127,239
8858,163,181,344
8858,179,151,330
8858,157,174,331
8858,164,154,318
8858,118,114,232
8858,139,144,283
8858,134,118,252
8858,207,186,393
8858,190,189,379
8858,255,229,484
8858,241,253,494
8858,209,191,400
8858,170,173,343
8858,209,166,375
8858,150,137,287
8858,207,186,393
8858,160,136,296
8858,121,104,225
8858,232,230,462
8858,157,138,295
8858,161,166,327
8858,152,133,285
8858,204,177,381
8858,148,162,310
8858,157,138,295
8858,160,140,300
8858,170,173,343
8858,177,202,379
8858,132,137,269
8859,137,137,274
8859,214,166,380
8859,260,228,488
8859,251,270,521
8859,121,115,236
8859,156,137,293
8859,137,137,274
8859,153,137,290
8859,174,175,349
8859,112,125,237
8859,164,181,345
8859,121,115,236
8859,165,135,300
8859,241,237,478
8859,153,147,300
8859,155,134,289
8859,175,199,374
8859,135,118,253
8859,158,178,336
8859,161,162,323
8859,155,138,293
8859,242,259,501
8859,201,176,377
8859,143,121,264
8859,115,102,217
8859,175,137,312
8859,155,136,291
8859,211,185,396
8859,169,156,325
8859,170,156,326
8859,194,180,374
8859,156,137,293
8859,178,149,327
8859,178,129,307
8859,133,142,275
8859,211,185,396
8859,184,187,371
8859,213,190,403
8859,128,117,245
8859,174,175,349
8860,208,184,392
8860,155,197,352
8860,181,150,331
8860,178,146,324
8860,230,245,475
8860,128,117,245
8860,244,257,501
8860,168,157,325
8860,263,244,507
8860,184,186,370
8860,161,136,297
8860,214,167,381
8860,164,180,344
8860,111,119,230
8860,208,184,392
8860,173,196,369
8860,137,141,278
8860,153,138,291
8860,187,174,361
8860,117,103,220
8860,155,197,352
8860,162,148,310
8860,148,161,309
8860,169,142,311
8860,167,126,293
8860,122,114,236
8860,251,263,514
8860,168,136,304
8860,165,155,320
8860,152,133,285
8860,216,192,408
8860,200,179,379
8860,122,114,236
8860,145,128,273
8860,138,118,256
8860,158,176,334
8860,137,141,278
8860,161,136,297
8860,163,143,306
8860,135,146,281
8861,169,129,298
8861,177,149,326
8861,205,185,390
8861,157,135,292
8861,200,179,379
8861,146,155,301
8861,205,185,390
8861,139,146,285
8861,210,165,375
8861,127,116,243
8861,169,134,303
8861,156,136,292
8861,231,253,484
8861,269,239,508
8861,145,127,272
8861,181,177,358
8861,177,145,322
8861,181,177,358
8861,165,153,318
8861,173,176,349
8861,131,123,254
8861,171,149,320
8861,119,104,223
8861,270,240,510
8861,172,196,368
8861,222,196,418
8861,167,186,353
8861,179,149,328
8861,137,148,285
8861,132,116,248
8861,127,116,243
8861,172,158,330
8861,139,146,285
8861,156,172,328
8861,160,122,282
8861,196,190,386
8861,112,124,236
8861,228,238,466
8861,158,139,297
8861,157,135,292
8862,127,115,242
8862,179,193,372
8862,138,143,281
8862,144,127,271
8862,155,136,291
8862,132,116,248
8862,165,140,305
8862,127,115,242
8862,163,134,297
8862,172,149,321
8862,176,146,322
8862,157,152,309
8862,119,103,222
8862,182,178,360
8862,221,195,416
8862,133,138,271
8862,172,130,302
8862,206,180,386
8862,134,148,282
8862,156,139,295
8862,246,239,485
8862,170,135,305
8862,158,175,333
8862,167,191,358
8862,178,159,337
8862,155,136,291
8862,111,123,234
8862,130,125,255
8862,176,148,324
8862,226,243,469
8862,202,185,387
8862,261,235,496
8862,176,209,385
8862,182,178,360
8862,163,173,336
8862,202,185,387
8862,233,246,479
8862,138,143,281
8862,170,189,359
8862,208,164,372
8863,122,104,226
8863,224,195,419
8863,182,209,391
8863,232,250,482
8863,188,177,365
8863,155,200,355
8863,170,147,317
8863,133,137,270
8863,132,141,273
8863,187,188,375
8863,179,186,365
8863,162,129,291
8863,182,209,391
8863,128,116,244
8863,138,144,282
8863,177,146,323
8863,186,147,333
8863,145,132,277
8863,155,200,355
8863,127,116,243
8863,169,188,357
8863,165,182,347
8863,162,136,298
8863,128,116,244
8863,246,238,484
8863,268,237,505
8863,155,133,288
8863,212,166,378
8863,171,148,319
8863,112,122,234
8863,155,171,326
8863,159,152,311
8863,133,128,261
8863,154,134,288
8863,164,136,300
8863,225,244,469
8863,138,144,282
8863,156,138,294
8863,169,156,325
8863,154,134,288
8864,136,140,276
8864,266,234,500
8864,223,232,455
8864,154,194,348
8864,222,195,417
8864,167,135,302
8864,144,125,269
8864,209,167,376
8864,157,137,294
8864,137,140,277
8864,155,134,289
8864,124,115,239
8864,161,141,302
8864,133,141,274
8864,147,149,296
8864,176,147,323
8864,124,106,230
8864,205,189,394
8864,154,194,348
8864,130,116,246
8864,136,140,276
8864,156,175,331
8864,231,244,475
8864,189,148,337
8864,166,175,341
8864,163,174,337
8864,170,148,318
8864,111,120,231
8864,139,145,284
8864,161,138,299
8864,176,158,334
8864,183,186,369
8864,181,197,378
8864,166,145,311
8864,205,189,394
8864,243,239,482
8864,161,126,287
8864,124,115,239
8864,161,138,299
8864,185,178,363
8865,165,140,305
8865,152,185,337
8865,122,105,227
8865,159,126,285
8865,183,199,382
8865,158,174,332
8865,186,148,334
8865,160,165,325
8865,171,186,357
8865,225,243,468
8865,260,234,494
8865,128,115,243
8865,152,185,337
8865,215,167,382
8865,162,148,310
8865,150,151,301
8865,135,144,279
8865,178,201,379
8865,178,201,379
8865,118,114,232
8865,134,132,266
8865,134,132,266
8865,161,140,301
8865,119,136,255
8865,172,149,321
8865,165,140,305
8865,145,128,273
8865,225,195,420
8865,143,120,263
8865,165,140,305
8865,162,134,296
8865,189,177,366
8865,176,158,334
8865,259,230,489
8865,249,239,488
8865,186,187,373
8865,173,146,319
8865,118,114,232
8865,168,133,301
8865,167,128,295
8866,156,149,305
8866,123,128,251
8866,156,116,272
8866,125,105,230
8866,173,135,308
8866,145,126,271
8866,136,139,275
8866,123,128,251
8866,138,166,304
8866,215,169,384
8866,172,140,312
8866,252,232,484
8866,148,140,288
8866,229,255,484
8866,252,227,479
8866,183,148,331
8866,178,149,327
8866,164,134,298
8866,151,178,329
8866,206,189,395
8866,173,196,369
8866,156,173,329
8866,136,139,275
8866,165,147,312
8866,160,163,323
8866,161,137,298
8866,176,150,326
8866,128,122,250
8866,177,158,335
8866,151,178,329
8866,121,145,266
8866,161,140,301
8866,189,188,377
8866,172,181,353
8866,185,183,368
8866,179,190,369
8866,161,137,298
8866,246,238,484
8866,157,130,287
8866,172,181,353
8867,176,124,300
8867,158,175,333
8867,147,166,313
8867,157,133,290
8867,246,241,487
8867,175,160,335
8867,122,129,251
8867,147,127,274
8867,135,159,294
8867,227,252,479
8867,150,125,275
8867,208,190,398
8867,167,134,301
8867,181,148,329
8867,193,189,382
8867,166,139,305
8867,166,138,304
8867,185,177,362
8867,249,225,474
8867,165,132,297
8867,136,138,274
8867,160,140,300
8867,177,185,362
8867,175,194,369
8867,122,129,251
8867,186,147,333
8867,159,146,305
8867,154,147,301
8867,136,138,274
8867,172,194,366
8867,175,194,369
8867,121,104,225
8867,148,115,263
8867,175,152,327
8867,147,166,313
8867,166,138,304
8867,162,173,335
8867,243,230,473
8867,218,169,387
8867,125,116,241
8868,168,133,301
8868,149,132,281
8868,250,260,510
8868,164,138,302
8868,166,140,306
8868,134,159,293
8868,136,136,272
8868,174,183,357
8868,155,177,332
8868,120,104,224
8868,185,177,362
8868,252,226,478
8868,185,147,332
8868,177,183,360
8868,170,154,324
8868,243,229,472
8868,225,247,472
8868,214,168,382
8868,170,124,294
8868,162,176,338
8868,148,124,272
8868,197,192,389
8868,161,132,293
8868,181,146,327
8868,172,188,360
8868,162,148,310
8868,200,185,385
8868,141,127,268
8868,147,164,311
8868,143,113,256
8868,122,129,251
8868,147,146,293
8868,161,131,292
8868,125,115,240
8868,147,164,311
8868,164,138,302
8868,122,129,251
8868,136,136,272
8868,158,178,336
8869,177,146,323
8869,122,130,252
8869,138,167,305
8869,147,166,313
8869,122,130,252
8869,158,136,294
8869,117,104,221
8869,144,147,291
8869,147,166,313
8869,146,115,261
8869,153,171,324
8869,135,143,278
8869,192,189,381
8869,162,178,340
8869,167,138,305
8869,158,136,294
8869,140,123,263
8869,140,134,274
8869,162,167,329
8869,185,155,340
8869,217,193,410
8869,171,173,344
8869,212,168,380
8869,178,181,359
8869,128,118,246
8869,148,127,275
8869,187,184,371
8869,135,143,278
8869,174,191,365
8869,173,126,299
8869,156,153,309
8869,251,260,511
8869,162,130,292
8869,156,133,289
8869,167,135,302
8869,234,252,486
8869,238,229,467
8869,177,151,328
8869,223,236,459
8870,229,197,426
8870,175,177,352
8870,168,138,306
8870,156,135,291
8870,152,154,306
8870,260,228,488
8870,165,169,334
8870,153,173,326
8870,170,149,319
8870,164,127,291
8870,149,151,300
8870,226,243,469
8870,162,172,334
8870,131,126,257
8870,133,138,271
8870,210,169,379
8870,156,131,287
8870,248,256,504
8870,171,149,320
8870,156,135,291
8870,141,159,300
8870,171,195,366
8870,181,197,378
8870,141,122,263
8870,252,232,484
8870,148,158,306
8870,165,135,300
8870,154,173,327
8870,149,116,265
8870,119,131,250
8870,153,166,319
8870,119,131,250
8870,144,143,287
8870,164,140,304
8870,153,173,326
8870,123,106,229
8870,194,190,384
8870,186,177,363
8871,172,148,320
8871,164,171,335
8871,174,150,324
8871,160,167,327
8871,152,160,312
8871,235,251,486
8871,225,196,421
8871,172,183,355
8871,149,154,303
8871,159,169,328
8871,245,249,494
8871,154,180,334
8871,160,129,289
8871,226,246,472
8871,250,230,480
8871,136,122,258
8871,147,152,299
8871,120,126,246
8871,162,140,302
8871,172,172,344
8871,164,120,284
8871,138,139,277
8871,172,199,371
8871,189,190,379
8871,178,139,317
8871,126,106,232
8871,130,127,257
8871,165,138,303
8871,214,171,385
8871,120,126,246
8871,165,132,297
8871,154,180,334
8871,187,183,370
8871,159,138,297
8871,171,150,321
8871,144,161,305
8871,147,138,285
8871,159,138,297
8872,246,229,475
8872,177,137,314
8872,208,171,379
8872,149,135,284
8872,175,187,362
8872,170,191,361
8872,232,262,494
8872,180,151,331
8872,244,238,482
8872,163,172,335
8872,131,128,259
8872,164,120,284
8872,154,183,337
8872,180,152,332
8872,130,108,238
8872,188,182,370
8872,154,183,337
8872,148,179,327
8872,192,189,381
8872,139,144,283
8872,159,125,284
8872,149,135,284
8872,163,141,304
8872,147,138,285
8872,119,124,243
8872,147,153,300
8872,171,172,343
8872,180,140,320
8872,261,226,487
8872,157,159,316
8872,157,163,320
8872,139,123,262
8872,169,139,308
8872,152,161,313
8872,119,124,243
8872,202,188,390
8872,174,149,323
8872,142,155,297
8873,154,178,332
8873,117,123,240
8873,142,145,287
8873,174,138,312
8873,186,183,369
8873,161,130,291
8873,149,150,299
8873,202,188,390
8873,252,222,474
8873,182,155,337
8873,165,174,339
8873,131,132,263
8873,163,137,300
8873,150,134,284
8873,194,190,384
8873,139,142,281
8873,154,178,332
8873,164,146,310
8873,163,119,282
8873,196,165,361
8873,158,140,298
8873,177,180,357
8873,232,254,486
8873,144,124,268
8873,178,149,327
8873,173,150,323
8873,148,177,325
8873,177,193,370
8873,156,158,314
8873,253,242,495
8873,247,230,477
8873,150,134,284
8873,163,172,335
8873,158,163,321
8873,153,163,316
8873,117,123,240
8873,131,109,240
8873,172,137,309
8874,192,164,356
8874,118,124,242
8874,174,141,315
8874,190,188,378
8874,143,124,267
8874,183,139,322
8874,137,133,270
8874,140,110,250
8874,236,227,463
8874,140,148,288
8874,169,171,340
8874,143,167,310
8874,161,130,291
8874,155,137,292
8874,187,181,368
8874,161,179,340
8874,181,149,330
8874,175,148,323
8874,255,240,495
8874,182,147,329
8874,130,130,260
8874,181,196,377
8874,171,151,322
8874,150,137,287
8874,148,145,293
8874,180,198,378
8874,232,251,483
8874,243,221,464
8874,156,160,316
8874,118,124,242
8874,154,179,333
8874,149,161,310
8874,155,137,292
8874,164,146,310
8874,158,116,274
8874,225,195,420
8874,151,162,313
8874,154,179,333
8875,166,145,311
8875,183,207,390
8875,196,165,361
8875,156,154,310
8875,160,138,298
8875,130,137,267
8875,136,110,246
8875,157,170,327
8875,177,148,325
8875,134,123,257
8875,185,207,392
8875,246,239,485
8875,160,138,298
8875,160,117,277
8875,165,122,287
8875,164,142,306
8875,167,180,347
8875,191,190,381
8875,149,125,274
8875,156,181,337
8875,165,131,296
8875,156,181,337
8875,146,164,310
8875,117,122,239
8875,155,161,316
8875,231,257,488
8875,241,219,460
8875,154,167,321
8875,146,138,284
8875,139,160,299
8875,178,137,315
8875,149,138,287
8875,231,228,459
8875,216,192,408
8875,173,152,325
8875,190,189,379
8875,117,122,239
8875,188,150,338
8876,174,142,316
8876,188,189,377
8876,128,119,247
8876,155,162,317
8876,120,127,247
8876,169,188,357
8876,156,153,309
8876,246,219,465
8876,150,171,321
8876,247,245,492
8876,215,190,405
8876,180,154,334
8876,146,135,281
8876,150,158,308
8876,168,146,314
8876,181,199,380
8876,150,171,321
8876,156,135,291
8876,174,149,323
8876,152,139,291
8876,226,238,464
8876,161,135,296
8876,164,166,330
8876,207,167,374
8876,194,211,405
8876,153,151,304
8876,235,229,464
8876,166,123,289
8876,170,135,305
8876,137,156,293
8876,131,108,239
8876,183,203,386
8876,138,123,261
8876,120,127,247
8876,160,131,291
8876,159,117,276
8876,156,135,291
8876,138,123,261
8877,250,255,505
8877,157,134,291
8877,156,155,311
8877,139,130,269
8877,161,145,306
8877,158,122,280
8877,225,239,464
8877,202,185,387
8877,206,167,373
8877,180,153,333
8877,138,123,261
8877,169,132,301
8877,151,156,307
8877,157,156,313
8877,168,147,315
8877,237,227,464
8877,132,108,240
8877,153,163,316
8877,145,163,308
8877,163,117,280
8877,127,115,242
8877,186,185,371
8877,189,148,337
8877,154,134,288
8877,121,131,252
8877,145,165,310
8877,168,183,351
8877,185,207,392
8877,195,211,406
8877,194,178,372
8877,121,131,252
8877,157,141,298
8877,137,151,288
8877,145,133,278
8877,157,134,291
8877,165,145,310
8877,246,219,465
8877,145,165,310
8878,173,153,326
8878,153,166,319
8878,152,134,286
8878,135,110,245
8878,225,240,465
8878,133,121,254
8878,165,123,288
8878,186,139,325
8878,140,138,278
8878,170,131,301
8878,122,138,260
8878,161,115,276
8878,165,152,317
8878,165,137,302
8878,181,185,366
8878,246,218,464
8878,122,138,260
8878,153,133,286
8878,145,133,278
8878,184,205,389
8878,153,133,286
8878,219,194,413
8878,185,147,332
8878,183,187,370
8878,153,154,307
8878,137,153,290
8878,164,146,310
8878,154,169,323
8878,193,206,399
8878,163,144,307
8878,155,142,297
8878,242,228,470
8878,218,168,386
8878,252,273,525
8878,153,166,319
8878,159,161,320
8878,127,115,242
8878,166,178,344
8879,245,228,473
8879,205,179,384
8879,228,246,474
8879,136,151,287
8879,133,130,263
8879,241,245,486
8879,159,126,285
8879,216,190,406
8879,163,149,312
8879,152,135,287
8879,146,131,277
8879,152,135,287
8879,172,151,323
8879,155,139,294
8879,122,134,256
8879,192,205,397
8879,149,134,283
8879,165,173,338
8879,236,215,451
8879,147,166,313
8879,133,115,248
8879,122,134,256
8879,183,138,321
8879,236,201,437
8879,171,182,353
8879,159,146,305
8879,146,111,257
8879,153,134,287
8879,157,154,311
8879,153,172,325
8879,220,168,388
8879,139,144,283
8879,163,170,333
8879,147,166,313
8879,130,108,238
8879,137,123,260
8879,160,164,324
8879,167,149,316
8880,191,212,403
8880,137,123,260
8880,149,139,288
8880,165,171,336
8880,158,135,293
8880,161,143,304
8880,133,116,249
8880,132,108,240
8880,152,139,291
8880,156,129,285
8880,151,167,318
8880,122,135,257
8880,229,225,454
8880,145,111,256
8880,122,135,257
8880,143,131,274
8880,159,174,333
8880,174,151,325
8880,154,136,290
8880,177,183,360
8880,154,136,290
8880,219,195,414
8880,149,160,309
8880,216,168,384
8880,182,150,332
8880,151,152,303
8880,136,138,274
8880,248,236,484
8880,155,149,304
8880,136,148,284
8880,151,167,318
8880,191,205,396
8880,201,179,380
8880,185,139,324
8880,138,127,265
8880,238,229,467
8880,224,240,464
8880,160,158,318
8881,236,227,463
8881,214,167,381
8881,153,163,316
8881,156,130,286
8881,161,170,331
8881,155,114,269
8881,133,108,241
8881,150,133,283
8881,161,139,300
8881,139,148,287
8881,160,144,304
8881,124,141,265
8881,134,128,262
8881,154,136,290
8881,228,244,472
8881,154,136,290
8881,181,150,331
8881,172,182,354
8881,246,244,490
8881,189,174,363
8881,161,170,331
8881,146,139,285
8881,124,141,265
8881,169,149,318
8881,143,139,282
8881,150,146,296
8881,154,132,286
8881,163,153,316
8881,157,153,310
8881,229,199,428
8881,195,207,402
8881,138,114,252
8881,191,209,400
8881,157,166,323
8881,228,224,452
8881,152,127,279
8881,167,173,340
8881,138,123,261
8882,169,172,341
8882,154,128,282
8882,215,190,405
8882,212,167,379
8882,157,127,284
8882,238,229,467
8882,160,154,314
8882,152,149,301
8882,144,132,276
8882,154,146,300
8882,150,155,305
8882,156,116,272
8882,159,135,294
8882,156,165,321
8882,196,219,415
8882,166,149,315
8882,176,183,359
8882,158,138,296
8882,131,113,244
8882,227,219,446
8882,225,237,462
8882,153,134,287
8882,169,172,341
8882,138,150,288
8882,166,171,337
8882,161,144,305
8882,205,211,416
8882,159,153,312
8882,136,132,268
8882,123,140,263
8882,131,107,238
8882,197,178,375
8882,154,141,295
8882,245,245,490
8882,158,138,296
8882,134,123,257
8882,151,146,297
8882,123,140,263
8883,159,137,296
8883,172,159,331
8883,243,250,493
8883,226,219,445
8883,162,147,309
8883,125,143,268
8883,166,176,342
8883,156,148,304
8883,153,113,266
8883,196,212,408
8883,136,132,268
8883,210,166,376
8883,135,107,242
8883,168,138,306
8883,187,210,397
8883,198,177,375
8883,142,124,266
8883,223,226,449
8883,149,146,295
8883,160,155,315
8883,206,212,418
8883,150,155,305
8883,156,133,289
8883,145,141,286
8883,157,142,299
8883,151,147,298
8883,173,174,347
8883,125,143,268
8883,153,150,303
8883,180,185,365
8883,139,128,267
8883,131,113,244
8883,149,125,274
8883,160,139,299
8883,159,137,296
8883,237,227,464
8883,137,150,287
8883,173,174,347
8884,243,255,498
8884,170,191,361
8884,151,113,264
8884,238,226,464
8884,131,113,244
8884,159,137,296
8884,129,105,234
8884,178,174,352
8884,204,166,370
8884,138,123,261
8884,206,218,424
8884,164,147,311
8884,159,137,296
8884,178,174,352
8884,136,149,285
8884,145,125,270
8884,124,138,262
8884,165,147,312
8884,152,154,306
8884,155,139,294
8884,168,138,306
8884,124,138,262
8884,228,227,455
8884,197,210,407
8884,225,227,452
8884,148,136,284
8884,160,134,294
8884,151,139,290
8884,146,144,290
8884,138,135,273
8884,156,153,309
8884,185,204,389
8884,180,160,340
8884,150,133,283
8884,150,157,307
8884,179,183,362
8884,164,149,313
8884,188,175,363
8885,161,156,317
8885,139,159,298
8885,123,137,260
8885,131,107,238
8885,186,205,391
8885,136,129,265
8885,160,138,298
8885,229,229,458
8885,169,172,341
8885,199,196,395
8885,247,267,514
8885,223,227,450
8885,145,150,295
8885,151,159,310
8885,184,172,356
8885,147,135,282
8885,159,133,292
8885,165,140,305
8885,160,138,298
8885,205,166,371
8885,169,172,341
8885,123,137,260
8885,241,225,466
8885,148,142,290
8885,150,155,305
8885,166,155,321
8885,176,183,359
8885,194,211,405
8885,164,148,312
8885,161,147,308
8885,130,115,245
8885,182,162,344
8885,143,124,267
8885,132,123,255
8885,156,138,294
8885,141,110,251
8885,173,193,366
8885,166,137,303
8886,168,139,307
8886,126,143,269
8886,148,135,283
8886,175,170,345
8886,156,145,301
8886,203,185,388
8886,228,243,471
8886,151,153,304
8886,133,114,247
8886,179,182,361
8886,229,231,460
8886,192,195,387
8886,138,157,295
8886,126,143,269
8886,157,143,300
8886,137,123,260
8886,133,126,259
8886,169,172,341
8886,273,245,518
8886,164,156,320
8886,148,141,289
8886,169,151,320
8886,170,190,360
8886,201,140,341
8886,234,225,459
8886,178,160,338
8886,134,124,258
8886,204,166,370
8886,180,193,373
8886,132,108,240
8886,168,140,308
8886,168,140,308
8886,169,172,341
8886,125,126,251
8886,145,112,257
8886,159,132,291
8886,149,155,304
8886,145,148,293
8887,139,112,251
8887,131,123,254
8887,171,178,349
8887,183,161,344
8887,149,146,295
8887,151,153,304
8887,146,126,272
8887,190,188,378
8887,162,139,301
8887,173,195,368
8887,159,147,306
8887,198,141,339
8887,236,245,481
8887,165,172,337
8887,152,145,297
8887,126,147,273
8887,158,131,289
8887,197,189,386
8887,246,241,487
8887,145,162,307
8887,136,122,258
8887,165,172,337
8887,178,155,333
8887,131,113,244
8887,145,141,286
8887,162,139,301
8887,227,230,457
8887,126,118,244
8887,161,149,310
8887,126,147,273
8887,125,102,227
8887,180,196,376
8887,149,155,304
8887,201,167,368
8887,138,150,288
8887,180,172,352
8887,155,154,309
8887,262,243,505
8888,134,124,258
8888,132,117,249
8888,161,147,308
8888,159,138,297
8888,147,126,273
8888,198,141,339
8888,170,174,344
8888,190,181,371
8888,142,113,255
8888,137,149,286
8888,188,156,344
8888,157,147,304
8888,241,250,491
8888,168,180,348
8888,177,162,339
8888,132,127,259
8888,160,157,317
8888,180,193,373
8888,203,167,370
8888,120,102,222
8888,159,138,297
8888,170,174,344
8888,144,141,285
8888,149,157,306
8888,257,243,500
8888,146,130,276
8888,126,143,269
8888,129,114,243
8888,150,146,296
8888,152,153,305
8888,197,187,384
8888,143,156,299
8888,160,150,310
8888,184,173,357
8888,126,143,269
8888,171,180,351
8888,228,236,464
8888,250,241,491
8889,111,101,212
8889,240,249,489
8889,134,169,303
8889,131,108,239
8889,136,123,259
8889,205,187,392
8889,133,115,248
8889,126,142,268
8889,147,151,298
8889,193,179,372
8889,165,157,322
8889,179,189,368
8889,137,149,286
8889,202,166,368
8889,171,179,350
8889,229,228,457
8889,126,142,268
8889,161,139,300
8889,170,177,347
8889,153,161,314
8889,144,143,287
8889,143,128,271
8889,180,162,342
8889,135,123,258
8889,150,150,300
8889,231,253,484
8889,140,149,289
8889,142,118,260
8889,161,139,300
8889,159,153,312
8889,179,175,354
8889,245,261,506
8889,175,150,325
8889,200,141,341
8889,130,125,255
8889,151,143,294
8889,179,175,354
8889,193,191,384
8890,136,125,261
8890,129,114,243
8890,205,182,387
8890,147,149,296
8890,133,163,296
8890,162,169,331
8890,145,111,256
8890,154,158,312
8890,129,118,247
8890,144,136,280
8890,210,189,399
8890,174,194,368
8890,157,146,303
8890,148,131,279
8890,175,160,335
8890,194,204,398
8890,141,149,290
8890,175,181,356
8890,163,141,304
8890,165,157,322
8890,163,141,304
8890,227,246,473
8890,174,185,359
8890,258,232,490
8890,129,150,279
8890,170,174,344
8890,136,149,285
8890,172,150,322
8890,199,165,364
8890,149,121,270
8890,141,126,267
8890,170,174,344
8890,129,150,279
8890,239,242,481
8890,189,138,327
8890,103,99,202
8890,237,243,480
8890,177,128,305
8891,170,179,349
8891,203,164,367
8891,127,115,242
8891,154,131,285
8891,131,114,245
8891,143,138,281
8891,175,151,326
8891,205,181,386
8891,165,170,335
8891,205,181,386
8891,163,156,319
8891,182,201,383
8891,173,128,301
8891,144,143,287
8891,142,126,268
8891,144,153,297
8891,137,148,285
8891,167,140,307
8891,151,127,278
8891,149,120,269
8891,161,159,320
8891,126,147,273
8891,247,239,486
8891,167,140,307
8891,201,181,382
8891,165,170,335
8891,194,139,333
8891,126,147,273
8891,232,246,478
8891,263,243,506
8891,190,188,378
8891,171,159,330
8891,238,252,490
8891,152,144,296
8891,145,112,257
8891,104,100,204
8891,135,165,300
8891,202,214,416
8891,181,141,322
8892,190,183,373
8892,133,112,245
8892,138,144,282
8892,197,166,363
8892,166,173,339
8892,191,139,330
8892,166,173,339
8892,139,124,263
8892,163,158,321
8892,128,150,278
8892,169,143,312
8892,151,154,305
8892,143,140,283
8892,262,241,503
8892,170,137,307
8892,158,131,289
8892,181,128,309
8892,105,100,205
8892,202,213,415
8892,142,151,293
8892,235,244,479
8892,134,169,303
8892,128,150,278
8892,169,143,312
8892,194,181,375
8892,178,192,370
8892,227,226,453
8892,135,116,251
8892,159,148,307
8892,171,186,357
8892,148,117,265
8892,247,241,488
8892,199,180,379
8892,159,146,305
8892,146,149,295
8892,199,180,379
8892,141,125,266
8892,179,160,339
8892,181,153,334
8893,125,145,270
8893,131,122,253
8893,146,149,295
8893,156,131,287
8893,146,135,281
8893,131,115,246
8893,164,134,298
8893,174,143,317
8893,171,180,351
8893,138,118,256
8893,149,147,296
8893,203,181,384
8893,196,199,395
8893,262,243,505
8893,179,161,340
8893,140,125,265
8893,108,102,210
8893,244,241,485
8893,173,125,298
8893,139,149,288
8893,191,138,329
8893,137,143,280
8893,174,143,317
8893,130,115,245
8893,154,145,299
8893,185,154,339
8893,190,183,373
8893,135,170,305
8893,125,145,270
8893,199,166,365
8893,182,199,381
8893,195,177,372
8893,162,158,320
8893,233,239,472
8893,169,173,342
8893,185,154,339
8893,195,177,372
8893,169,173,342
8893,162,154,316
8893,229,224,453
8894,153,132,285
8894,139,139,278
8894,133,166,299
8894,172,143,315
8894,180,159,339
8894,136,149,285
8894,254,241,495
8894,203,181,384
8894,227,228,455
8894,149,144,293
8894,189,182,371
8894,192,138,330
8894,172,143,315
8894,126,149,275
8894,178,176,354
8894,244,239,483
8894,155,144,299
8894,164,169,333
8894,131,125,256
8894,126,149,275
8894,232,235,467
8894,192,165,357
8894,128,116,244
8894,159,131,290
8894,109,103,212
8894,171,125,296
8894,167,179,346
8894,184,203,387
8894,178,176,354
8894,163,158,321
8894,134,119,253
8894,168,149,317
8894,144,144,288
8894,204,181,385
8894,148,134,282
8894,197,199,396
8894,168,149,317
8894,138,123,261
8894,133,117,250
8894,204,181,385
8895,169,174,343
8895,207,181,388
8895,169,174,343
8895,229,224,453
8895,156,157,313
8895,160,137,297
8895,161,146,307
8895,207,181,388
8895,197,166,363
8895,184,138,322
8895,194,179,373
8895,183,194,377
8895,134,113,247
8895,177,143,320
8895,164,147,311
8895,179,152,331
8895,232,234,466
8895,139,138,277
8895,165,166,331
8895,179,152,331
8895,128,154,282
8895,173,179,352
8895,136,118,254
8895,177,143,320
8895,164,122,286
8895,160,130,290
8895,128,118,246
8895,178,203,381
8895,177,158,335
8895,148,142,290
8895,254,241,495
8895,128,154,282
8895,139,150,289
8895,243,245,488
8895,132,122,254
8895,191,185,376
8895,143,139,282
8895,138,122,260
8895,148,133,281
8895,110,103,213
8896,143,117,260
8896,134,123,257
8896,167,118,285
8896,234,232,466
8896,146,144,290
8896,188,179,367
8896,190,154,344
8896,143,122,265
8896,159,156,315
8896,153,129,282
8896,137,148,285
8896,250,265,515
8896,153,129,282
8896,130,123,253
8896,232,266,498
8896,190,154,344
8896,114,104,218
8896,143,138,281
8896,200,210,410
8896,134,168,302
8896,179,183,362
8896,233,245,478
8896,162,147,309
8896,205,165,370
8896,170,139,309
8896,161,160,321
8896,159,124,283
8896,185,148,333
8896,148,168,316
8896,179,201,380
8896,167,155,322
8896,185,148,333
8896,177,180,357
8896,149,138,287
8896,187,138,325
8896,155,128,283
8896,148,168,316
8896,186,204,390
8896,128,121,249
8896,186,204,390
8897,130,119,249
8897,147,140,287
8897,245,247,492
8897,199,166,365
8897,137,151,288
8897,138,120,258
8897,151,127,278
8897,232,243,475
8897,177,178,355
8897,169,162,331
8897,184,204,388
8897,184,148,332
8897,153,128,281
8897,181,152,333
8897,197,142,339
8897,197,197,394
8897,147,169,316
8897,168,155,323
8897,142,115,257
8897,164,124,288
8897,146,144,290
8897,184,148,332
8897,151,127,278
8897,184,204,388
8897,171,178,349
8897,190,177,367
8897,180,203,383
8897,141,121,262
8897,161,148,309
8897,181,152,333
8897,140,142,282
8897,132,163,295
8897,161,165,326
8897,129,124,253
8897,113,104,217
8897,146,164,310
8897,147,169,316
8897,231,260,491
8897,149,144,293
8897,231,232,463
8898,198,193,391
8898,155,130,285
8898,199,165,364
8898,147,169,316
8898,146,142,288
8898,162,123,285
8898,145,140,285
8898,166,150,316
8898,133,117,250
8898,127,120,247
8898,164,154,318
8898,180,181,361
8898,151,125,276
8898,171,160,331
8898,165,149,314
8898,155,130,285
8898,134,166,300
8898,168,137,305
8898,188,148,336
8898,184,204,388
8898,138,154,292
8898,159,129,288
8898,139,116,255
8898,184,204,388
8898,230,232,462
8898,114,103,217
8898,235,228,463
8898,150,145,295
8898,136,126,262
8898,254,265,519
8898,159,157,316
8898,147,169,316
8898,176,185,361
8898,225,234,459
8898,188,148,336
8898,166,150,316
8898,169,166,335
8898,195,200,395
8898,141,139,280
8898,178,204,382
8899,184,205,389
8899,145,136,281
8899,130,113,243
8899,137,150,287
8899,142,117,259
8899,231,229,460
8899,244,230,474
8899,155,144,299
8899,156,169,325
8899,158,131,289
8899,143,121,264
8899,159,135,294
8899,173,161,334
8899,163,165,328
8899,226,237,463
8899,135,168,303
8899,149,149,298
8899,147,176,323
8899,202,166,368
8899,164,150,314
8899,169,149,318
8899,149,126,275
8899,197,208,405
8899,187,183,370
8899,156,122,278
8899,113,103,216
8899,147,176,323
8899,180,205,385
8899,149,126,275
8899,168,155,323
8899,197,142,339
8899,145,127,272
8899,283,253,536
8899,184,205,389
8899,196,185,381
8899,181,181,362
8899,156,169,325
8899,122,119,241
8899,164,150,314
8899,163,115,278
8900,156,166,322
8900,200,180,380
8900,146,123,269
8900,191,163,354
8900,114,103,217
8900,129,113,242
8900,196,213,409
8900,168,163,331
8900,149,132,281
8900,153,188,341
8900,176,154,330
8900,153,188,341
8900,152,159,311
8900,144,162,306
8900,227,222,449
8900,147,140,287
8900,222,234,456
8900,157,114,271
8900,145,133,278
8900,156,166,322
8900,155,155,310
8900,145,129,274
8900,176,154,330
8900,122,118,240
8900,147,119,266
8900,183,181,364
8900,207,182,389
8900,143,124,267
8900,281,251,532
8900,188,184,372
8900,143,124,267
8900,248,230,478
8900,182,146,328
8900,163,154,317
8900,136,171,307
8900,178,197,375
8900,166,149,315
8900,168,125,293
8900,207,182,389
8900,148,132,280
8901,143,169,312
8901,146,136,282
8901,157,196,353
8901,199,187,386
8901,167,150,317
8901,222,229,451
8901,142,123,265
8901,197,188,385
8901,146,119,265
8901,132,163,295
8901,165,154,319
8901,158,168,326
8901,277,252,529
8901,178,179,357
8901,143,131,274
8901,240,228,468
8901,130,124,254
8901,158,133,291
8901,158,168,326
8901,195,199,394
8901,154,169,323
8901,173,153,326
8901,175,147,322
8901,226,216,442
8901,183,199,382
8901,114,104,218
8901,164,115,279
8901,194,164,358
8901,150,131,281
8901,143,121,264
8901,149,142,291
8901,183,199,382
8901,157,196,353
8901,151,161,312
8901,142,123,265
8901,178,193,371
8901,128,121,249
8901,178,129,307
8901,161,152,313
8901,173,153,326
8902,177,155,332
8902,226,246,472
8902,155,168,323
8902,184,204,388
8902,142,164,306
8902,231,239,470
8902,184,204,388
8902,169,142,311
8902,150,132,282
8902,169,156,325
8902,149,152,301
8902,165,148,313
8902,153,192,345
8902,147,110,257
8902,169,142,311
8902,257,273,530
8902,149,124,273
8902,181,195,376
8902,157,131,288
8902,145,126,271
8902,196,200,396
8902,167,160,327
8902,177,155,332
8902,187,150,337
8902,153,192,345
8902,236,226,462
8902,132,122,254
8902,192,169,361
8902,208,182,390
8902,148,119,267
8902,113,103,216
8902,151,164,315
8902,147,141,288
8902,141,120,261
8902,200,191,391
8902,149,139,288
8902,149,124,273
8902,195,187,382
8902,133,162,295
8902,132,115,247
8903,153,187,340
8903,158,126,284
8903,172,154,326
8903,155,171,326
8903,208,182,390
8903,160,161,321
8903,158,126,284
8903,180,184,364
8903,226,242,468
8903,146,133,279
8903,195,176,371
8903,167,142,309
8903,152,162,314
8903,143,128,271
8903,242,230,472
8903,196,187,383
8903,156,145,301
8903,232,225,457
8903,141,131,272
8903,137,155,292
8903,188,183,371
8903,138,116,254
8903,134,161,295
8903,141,119,260
8903,154,144,298
8903,172,154,326
8903,115,103,218
8903,167,142,309
8903,130,120,250
8903,195,201,396
8903,198,143,341
8903,151,130,281
8903,158,112,270
8903,147,119,266
8903,153,187,340
8903,194,171,365
8903,166,154,320
8903,148,141,289
8903,257,275,532
8903,208,182,390
8904,242,229,471
8904,255,267,522
8904,155,126,281
8904,158,139,297
8904,199,200,399
8904,150,183,333
8904,185,183,368
8904,160,155,315
8904,194,174,368
8904,160,154,314
8904,135,162,297
8904,140,120,260
8904,151,150,301
8904,155,172,327
8904,187,201,388
8904,151,150,301
8904,158,139,297
8904,121,118,239
8904,155,126,281
8904,148,110,258
8904,150,183,333
8904,144,121,265
8904,151,141,292
8904,179,204,383
8904,111,102,213
8904,248,231,479
8904,178,147,325
8904,211,182,393
8904,143,118,261
8904,185,140,325
8904,141,141,282
8904,223,235,458
8904,196,201,397
8904,178,156,334
8904,211,182,393
8904,151,143,294
8904,178,156,334
8904,140,163,303
8904,161,134,295
8904,146,140,286
8905,148,182,330
8905,162,141,303
8905,133,117,250
8905,151,184,335
8905,225,246,471
8905,140,143,283
8905,161,153,314
8905,127,144,271
8905,180,157,337
8905,127,144,271
8905,185,204,389
8905,195,178,373
8905,107,100,207
8905,174,127,301
8905,261,236,497
8905,257,272,529
8905,194,177,371
8905,198,196,394
8905,183,139,322
8905,142,119,261
8905,198,207,405
8905,153,156,309
8905,147,141,288
8905,128,143,271
8905,140,155,295
8905,144,121,265
8905,185,204,389
8905,216,192,408
8905,158,181,339
8905,120,117,237
8905,151,184,335
8905,135,165,300
8905,178,149,327
8905,147,142,289
8905,183,181,364
8905,247,229,476
8905,159,158,317
8905,162,141,303
8905,152,148,300
8905,180,157,337
8906,227,192,419
8906,150,121,271
8906,190,210,400
8906,161,129,290
8906,196,177,373
8906,255,231,486
8906,133,116,249
8906,185,140,325
8906,177,147,324
8906,152,136,288
8906,185,206,391
8906,234,243,477
8906,147,143,290
8906,158,176,334
8906,139,144,283
8906,229,230,459
8906,199,206,405
8906,152,143,295
8906,143,171,314
8906,185,206,391
8906,147,175,322
8906,158,176,334
8906,105,103,208
8906,282,252,534
8906,133,162,295
8906,191,148,339
8906,187,182,369
8906,150,150,300
8906,190,163,353
8906,162,154,316
8906,147,175,322
8906,130,150,280
8906,118,116,234
8906,152,136,288
8906,130,150,280
8906,155,155,310
8906,134,118,252
8906,125,138,263
8906,149,142,291
8906,152,161,313
8907,140,150,290
8907,154,194,348
8907,201,178,379
8907,148,141,289
8907,233,246,479
8907,174,126,300
8907,259,231,490
8907,153,173,326
8907,118,116,234
8907,155,171,326
8907,119,124,243
8907,151,144,295
8907,223,227,450
8907,184,203,387
8907,185,182,367
8907,141,163,304
8907,154,194,348
8907,167,157,324
8907,132,161,293
8907,192,163,355
8907,161,146,307
8907,190,149,339
8907,144,141,285
8907,256,274,530
8907,131,122,253
8907,134,118,252
8907,155,171,326
8907,189,139,328
8907,152,122,274
8907,198,198,396
8907,218,188,406
8907,126,138,264
8907,225,192,417
8907,146,125,271
8907,126,138,264
8907,184,203,387
8907,110,101,211
8907,153,155,308
8907,182,141,323
8907,151,144,295
8908,187,181,368
8908,132,161,293
8908,111,102,213
8908,114,106,220
8908,131,124,255
8908,169,140,309
8908,150,139,289
8908,152,190,342
8908,115,118,233
8908,164,154,318
8908,277,250,527
8908,170,126,296
8908,259,234,493
8908,131,112,243
8908,194,162,356
8908,226,191,417
8908,162,132,294
8908,157,124,281
8908,185,139,324
8908,143,140,283
8908,144,171,315
8908,154,165,319
8908,184,205,389
8908,232,246,478
8908,154,165,319
8908,126,142,268
8908,126,142,268
8908,165,148,313
8908,151,165,316
8908,150,139,289
8908,153,165,318
8908,182,183,365
8908,151,149,300
8908,142,155,297
8908,202,180,382
8908,184,205,389
8908,200,201,401
8908,190,150,340
8908,152,190,342
8908,225,239,464
8909,149,143,292
8909,122,132,254
8909,174,146,320
8909,154,168,322
8909,252,232,484
8909,191,163,354
8909,122,132,254
8909,263,246,509
8909,198,213,411
8909,155,138,293
8909,135,140,275
8909,150,120,270
8909,179,203,382
8909,184,188,372
8909,170,140,310
8909,177,136,313
8909,135,139,274
8909,163,156,319
8909,144,148,292
8909,177,128,305
8909,130,121,251
8909,172,151,323
8909,180,181,361
8909,156,173,329
8909,183,200,383
8909,183,200,383
8909,156,173,329
8909,228,240,468
8909,121,105,226
8909,132,155,287
8909,147,178,325
8909,153,143,296
8909,225,242,467
8909,198,196,394
8909,148,152,300
8909,114,119,233
8909,141,159,300
8909,147,178,325
8909,155,138,293
8909,108,100,208
8910,150,154,304
8910,155,173,328
8910,159,153,312
8910,157,122,279
8910,197,165,362
8910,148,182,330
8910,164,123,287
8910,157,138,295
8910,151,155,306
8910,130,155,285
8910,155,173,328
8910,121,125,246
8910,133,117,250
8910,118,103,221
8910,169,177,346
8910,202,176,378
8910,179,140,319
8910,104,100,204
8910,151,150,301
8910,252,231,483
8910,157,138,295
8910,196,183,379
8910,181,186,367
8910,198,179,377
8910,182,153,335
8910,154,168,322
8910,224,239,463
8910,198,179,377
8910,138,148,286
8910,148,182,330
8910,121,125,246
8910,137,148,285
8910,252,258,510
8910,174,135,309
8910,228,220,448
8910,119,118,237
8910,225,188,413
8910,176,161,337
8910,158,145,303
8910,133,130,263
8911,208,187,395
8911,167,125,292
8911,185,174,359
8911,154,163,317
8911,222,227,449
8911,133,126,259
8911,168,133,301
8911,185,174,359
8911,175,151,326
8911,197,191,388
8911,152,143,295
8911,130,127,257
8911,139,148,287
8911,105,99,204
8911,259,273,532
8911,181,160,341
8911,154,163,317
8911,130,150,280
8911,135,118,253
8911,163,143,306
8911,167,177,344
8911,127,119,246
8911,114,101,215
8911,148,179,327
8911,151,160,311
8911,169,125,294
8911,203,168,371
8911,119,115,234
8911,172,140,312
8911,189,181,370
8911,230,231,461
8911,154,136,290
8911,202,180,382
8911,153,165,318
8911,119,115,234
8911,148,179,327
8911,252,230,482
8911,149,149,298
8911,154,136,290
8911,139,148,287
8912,147,178,325
8912,116,110,226
8912,169,183,352
8912,196,177,373
8912,129,148,277
8912,155,165,320
8912,142,120,262
8912,140,156,296
8912,147,178,325
8912,122,115,237
8912,148,143,291
8912,169,136,305
8912,172,126,298
8912,132,130,262
8912,152,137,289
8912,164,124,288
8912,211,186,397
8912,228,228,456
8912,206,169,375
8912,150,151,301
8912,285,255,540
8912,176,160,336
8912,234,226,460
8912,126,119,245
8912,152,137,289
8912,130,119,249
8912,143,154,297
8912,152,172,324
8912,201,205,406
8912,173,150,323
8912,168,146,314
8912,199,183,382
8912,156,168,324
8912,122,115,237
8912,185,175,360
8912,155,165,320
8912,168,138,306
8912,185,175,360
8912,105,100,205
8912,237,233,470
8913,148,144,292
8913,237,225,462
8913,162,155,317
8913,255,264,519
8913,166,147,313
8913,159,180,339
8913,142,160,302
8913,172,135,307
8913,119,116,235
8913,214,169,383
8913,208,185,393
8913,151,154,305
8913,165,124,289
8913,150,137,287
8913,175,171,346
8913,137,141,278
8913,175,126,301
8913,119,116,235
8913,244,232,476
8913,121,117,238
8913,131,115,246
8913,160,148,308
8913,159,180,339
8913,204,214,418
8913,144,119,263
8913,156,145,301
8913,172,189,361
8913,141,162,303
8913,151,167,318
8913,129,144,273
8913,195,179,374
8913,206,182,388
8913,112,101,213
8913,147,171,318
8913,160,138,298
8913,147,171,318
8913,175,171,346
8913,150,137,287
8913,107,102,209
8913,233,247,480
8914,155,139,294
8914,177,128,305
8914,155,139,294
8914,145,120,265
8914,153,157,310
8914,120,118,238
8914,109,98,207
8914,148,143,291
8914,205,165,370
8914,132,149,281
8914,152,161,313
8914,147,141,288
8914,242,233,475
8914,157,147,304
8914,146,170,316
8914,160,138,298
8914,139,157,296
8914,132,121,253
8914,195,188,383
8914,143,162,305
8914,177,137,314
8914,157,171,328
8914,171,187,358
8914,116,100,216
8914,136,137,273
8914,236,248,484
8914,251,253,504
8914,179,176,355
8914,146,170,316
8914,181,170,351
8914,158,158,316
8914,181,170,351
8914,119,117,236
8914,157,171,328
8914,235,225,460
8914,120,118,238
8914,160,122,282
8914,161,149,310
8914,199,198,397
8914,176,197,373
8915,249,248,497
8915,138,146,284
8915,150,147,297
8915,142,120,262
8915,243,227,470
8915,178,137,315
8915,159,177,336
8915,145,169,314
8915,173,190,363
8915,116,101,217
8915,147,140,287
8915,161,169,330
8915,145,169,314
8915,124,119,243
8915,158,146,304
8915,132,118,250
8915,159,177,336
8915,154,167,321
8915,132,155,287
8915,162,155,317
8915,159,140,299
8915,241,226,467
8915,155,119,274
8915,171,143,314
8915,152,158,310
8915,120,119,239
8915,120,119,239
8915,175,142,317
8915,139,148,287
8915,200,178,378
8915,254,234,488
8915,184,178,362
8915,209,170,379
8915,172,191,363
8915,161,147,308
8915,159,140,299
8915,199,203,402
8915,200,178,378
8915,106,103,209
8915,199,191,390
8916,205,181,386
8916,174,142,316
8916,156,146,302
8916,120,121,241
8916,158,140,298
8916,154,151,305
8916,179,148,327
8916,133,158,291
8916,120,121,241
8916,161,141,302
8916,152,156,308
8916,159,178,337
8916,236,234,470
8916,197,192,389
8916,241,230,471
8916,145,175,320
8916,200,185,385
8916,147,140,287
8916,232,226,458
8916,145,175,320
8916,128,106,234
8916,151,145,296
8916,158,140,298
8916,169,181,350
8916,205,181,386
8916,172,188,360
8916,160,148,308
8916,105,100,205
8916,182,138,320
8916,131,115,246
8916,212,170,382
8916,160,155,315
8916,116,116,232
8916,258,243,501
8916,201,213,414
8916,159,178,337
8916,133,116,249
8916,158,165,323
8916,155,119,274
8916,141,158,299
8917,159,183,342
8917,136,124,260
8917,267,248,515
8917,115,116,231
8917,159,183,342
8917,171,186,357
8917,158,148,306
8917,170,140,310
8917,141,113,254
8917,140,150,290
8917,164,141,305
8917,166,169,335
8917,193,173,366
8917,244,230,474
8917,149,177,326
8917,149,177,326
8917,164,141,305
8917,216,169,385
8917,158,157,315
8917,147,143,290
8917,179,138,317
8917,135,118,253
8917,202,185,387
8917,197,184,381
8917,162,140,302
8917,150,118,268
8917,157,146,303
8917,107,103,210
8917,121,125,246
8917,164,154,318
8917,153,154,307
8917,180,129,309
8917,240,242,482
8917,200,207,407
8917,180,148,328
8917,121,125,246
8917,193,173,366
8917,228,238,466
8917,158,145,303
8917,133,159,292
8918,229,228,457
8918,151,120,271
8918,173,157,330
8918,158,144,302
8918,147,172,319
8918,242,246,488
8918,134,117,251
8918,118,132,250
8918,169,170,339
8918,164,140,304
8918,198,190,388
8918,111,114,225
8918,253,270,523
8918,160,145,305
8918,171,144,315
8918,175,128,303
8918,200,199,399
8918,202,185,387
8918,176,168,344
8918,222,228,450
8918,171,186,357
8918,171,144,315
8918,150,153,303
8918,178,155,333
8918,133,157,290
8918,152,158,310
8918,137,126,263
8918,123,128,251
8918,181,148,329
8918,123,128,251
8918,178,155,333
8918,162,138,300
8918,115,117,232
8918,136,134,270
8918,177,137,314
8918,176,168,344
8918,158,147,305
8918,158,155,313
8918,147,172,319
8918,219,172,391
8919,181,170,351
8919,164,142,306
8919,138,144,282
8919,152,188,340
8919,175,146,321
8919,198,206,404
8919,202,185,387
8919,201,197,398
8919,164,142,306
8919,158,154,312
8919,167,150,317
8919,161,144,305
8919,241,246,487
8919,140,120,260
8919,226,171,397
8919,109,110,219
8919,152,188,340
8919,123,131,254
8919,179,130,309
8919,150,156,306
8919,156,138,294
8919,135,125,260
8919,148,119,267
8919,117,128,245
8919,172,157,329
8919,178,136,314
8919,222,237,459
8919,153,144,297
8919,250,261,511
8919,117,117,234
8919,147,180,327
8919,168,170,338
8919,167,138,305
8919,133,158,291
8919,172,157,329
8919,170,183,353
8919,181,170,351
8919,251,231,482
8919,164,172,336
8919,123,131,254
8920,165,158,323
8920,251,230,481
8920,221,171,392
8920,196,195,391
8920,161,140,301
8920,151,144,295
8920,231,231,462
8920,154,121,275
8920,172,178,350
8920,160,139,299
8920,154,135,289
8920,123,130,253
8920,123,130,253
8920,160,139,299
8920,136,134,270
8920,188,171,359
8920,143,119,262
8920,110,112,222
8920,187,141,328
8920,188,171,359
8920,206,212,418
8920,159,144,303
8920,152,153,305
8920,156,198,354
8920,156,198,354
8920,210,188,398
8920,122,118,240
8920,179,160,339
8920,116,126,242
8920,248,253,501
8920,173,190,363
8920,179,160,339
8920,163,143,306
8920,173,125,298
8920,161,168,329
8920,171,150,321
8920,134,157,291
8920,243,253,496
8920,134,118,252
8920,176,156,332
8921,121,126,247
8921,239,227,466
8921,185,169,354
8921,179,159,338
8921,254,263,517
8921,155,121,276
8921,146,135,281
8921,115,125,240
8921,171,155,326
8921,125,119,244
8921,151,144,295
8921,208,189,397
8921,225,230,455
8921,225,173,398
8921,134,154,288
8921,168,167,335
8921,158,140,298
8921,157,199,356
8921,169,144,313
8921,157,199,356
8921,174,161,335
8921,175,193,368
8921,152,156,308
8921,197,191,388
8921,121,126,247
8921,109,112,221
8921,163,167,330
8921,190,142,332
8921,139,118,257
8921,247,258,505
8921,158,139,297
8921,163,125,288
8921,131,124,255
8921,158,140,298
8921,209,220,429
8921,132,110,242
8921,179,159,338
8921,150,178,328
8921,166,142,308
8921,185,169,354
8922,172,168,340
8922,172,157,329
8922,148,142,290
8922,135,120,255
8922,132,118,250
8922,176,153,329
8922,176,169,345
8922,176,169,345
8922,129,115,244
8922,213,190,403
8922,119,117,236
8922,172,157,329
8922,134,157,291
8922,118,125,243
8922,162,135,297
8922,155,156,311
8922,186,141,327
8922,184,181,365
8922,220,172,392
8922,118,125,243
8922,160,143,303
8922,155,165,320
8922,148,181,329
8922,238,230,468
8922,246,260,506
8922,159,158,317
8922,160,139,299
8922,198,192,390
8922,203,211,414
8922,173,129,302
8922,172,187,359
8922,155,120,275
8922,114,123,237
8922,285,256,541
8922,116,127,243
8922,161,140,301
8922,177,160,337
8922,184,181,365
8922,247,242,489
8922,161,140,301
8923,201,204,405
8923,168,168,336
8923,167,143,310
8923,199,196,395
8923,153,136,289
8923,169,151,320
8923,285,253,538
8923,157,155,312
8923,188,141,329
8923,245,241,486
8923,156,144,300
8923,118,122,240
8923,176,170,346
8923,238,224,462
8923,185,161,346
8923,244,254,498
8923,133,155,288
8923,164,158,322
8923,154,160,314
8923,147,175,322
8923,137,138,275
8923,135,120,255
8923,129,116,245
8923,179,157,336
8923,115,123,238
8923,157,199,356
8923,148,143,291
8923,114,122,236
8923,219,173,392
8923,156,134,290
8923,176,170,346
8923,159,163,322
8923,179,157,336
8923,118,122,240
8923,153,119,272
8923,167,143,310
8923,157,199,356
8923,177,200,377
8923,124,117,241
8923,214,192,406
8924,172,144,316
8924,276,251,527
8924,188,160,348
8924,141,122,263
8924,118,116,234
8924,249,240,489
8924,115,120,235
8924,191,142,333
8924,182,190,372
8924,198,195,393
8924,140,143,283
8924,175,152,327
8924,159,205,364
8924,155,158,313
8924,148,177,325
8924,199,193,392
8924,180,211,391
8924,182,190,372
8924,168,155,323
8924,116,119,235
8924,154,120,274
8924,116,126,242
8924,202,186,388
8924,130,117,247
8924,116,119,235
8924,135,159,294
8924,151,150,301
8924,179,161,340
8924,158,139,297
8924,255,230,485
8924,169,173,342
8924,224,172,396
8924,154,140,294
8924,148,131,279
8924,167,159,326
8924,152,156,308
8924,172,144,316
8924,179,161,340
8924,247,264,511
8924,159,205,364
8925,154,135,289
8925,198,193,391
8925,181,191,372
8925,118,117,235
8925,134,161,295
8925,173,144,317
8925,230,222,452
8925,197,143,340
8925,154,155,309
8925,163,154,317
8925,253,243,496
8925,169,156,325
8925,176,200,376
8925,149,151,300
8925,152,147,299
8925,240,237,477
8925,155,193,348
8925,156,143,299
8925,158,158,316
8925,201,204,405
8925,119,133,252
8925,173,156,329
8925,189,159,348
8925,117,127,244
8925,155,193,348
8925,169,156,325
8925,136,124,260
8925,273,240,513
8925,174,154,328
8925,173,144,317
8925,158,118,276
8925,224,173,397
8925,215,191,406
8925,178,170,348
8925,158,121,279
8925,166,141,307
8925,181,191,372
8925,119,126,245
8925,128,115,243
8925,118,117,235
8926,117,127,244
8926,133,156,289
8926,202,197,399
8926,148,115,263
8926,162,142,304
8926,228,227,455
8926,273,242,515
8926,183,161,344
8926,170,182,352
8926,178,130,308
8926,173,150,323
8926,207,189,396
8926,164,140,304
8926,171,155,326
8926,183,161,344
8926,171,153,324
8926,241,235,476
8926,118,120,238
8926,182,185,367
8926,128,119,247
8926,180,170,350
8926,128,119,247
8926,132,128,260
8926,182,185,367
8926,160,123,283
8926,163,154,317
8926,193,142,335
8926,151,182,333
8926,196,197,393
8926,153,152,305
8926,162,142,304
8926,160,133,293
8926,167,144,311
8926,146,109,255
8926,177,157,334
8926,151,182,333
8926,150,144,294
8926,267,249,516
8926,140,126,266
8926,223,173,396
8927,215,173,388
8927,119,134,253
8927,132,115,247
8927,197,186,383
8927,134,131,265
8927,162,155,317
8927,149,128,277
8927,161,125,286
8927,181,184,365
8927,169,153,322
8927,131,118,249
8927,194,141,335
8927,172,157,329
8927,272,240,512
8927,159,184,343
8927,162,140,302
8927,171,167,338
8927,133,155,288
8927,197,195,392
8927,147,142,289
8927,179,203,382
8927,181,184,365
8927,153,140,293
8927,267,248,515
8927,183,151,334
8927,149,145,294
8927,227,234,461
8927,158,143,301
8927,119,121,240
8927,151,149,300
8927,153,140,293
8927,156,137,293
8927,159,184,343
8927,131,118,249
8927,154,190,344
8927,233,245,478
8927,171,180,351
8927,118,130,248
8927,154,190,344
8927,158,158,316
8928,196,185,381
8928,149,177,326
8928,149,144,293
8928,171,180,351
8928,145,149,294
8928,149,177,326
8928,124,135,259
8928,117,131,248
8928,115,125,240
8928,133,118,251
8928,185,150,335
8928,163,139,302
8928,133,118,251
8928,195,190,385
8928,185,197,382
8928,166,143,309
8928,159,145,304
8928,159,163,322
8928,184,186,370
8928,185,197,382
8928,174,170,344
8928,166,143,309
8928,283,255,538
8928,139,141,280
8928,230,246,476
8928,192,171,363
8928,177,132,309
8928,261,238,499
8928,157,177,334
8928,176,157,333
8928,174,154,328
8928,158,138,296
8928,153,156,309
8928,139,117,256
8928,132,155,287
8928,150,148,298
8928,267,240,507
8928,157,177,334
8928,149,128,277
8928,166,126,292
8929,160,163,323
8929,201,171,372
8929,149,178,327
8929,117,134,251
8929,150,130,280
8929,184,184,368
8929,195,192,387
8929,147,143,290
8929,181,146,327
8929,178,150,328
8929,255,266,521
8929,121,129,250
8929,181,135,316
8929,167,151,318
8929,129,148,277
8929,147,117,264
8929,137,147,284
8929,151,169,320
8929,130,120,250
8929,112,118,230
8929,219,189,408
8929,149,178,327
8929,244,233,477
8929,183,192,375
8929,141,144,285
8929,155,138,293
8929,160,154,314
8929,237,261,498
8929,167,138,305
8929,130,120,250
8929,170,144,314
8929,232,250,482
8929,170,144,314
8929,183,192,375
8929,186,170,356
8929,172,180,352
8929,143,139,282
8929,166,153,319
8929,154,163,317
8930,133,127,260
8930,129,122,251
8930,233,257,490
8930,238,234,472
8930,171,155,326
8930,147,153,300
8930,176,146,322
8930,158,152,310
8930,182,187,369
8930,129,119,248
8930,149,174,323
8930,196,188,384
8930,142,119,261
8930,129,119,248
8930,153,136,289
8930,155,149,304
8930,135,141,276
8930,130,145,275
8930,166,154,320
8930,178,134,312
8930,186,187,373
8930,114,116,230
8930,149,174,323
8930,145,138,283
8930,142,128,270
8930,175,150,325
8930,204,171,375
8930,168,138,306
8930,183,147,330
8930,119,131,250
8930,189,170,359
8930,182,187,369
8930,120,121,241
8930,235,241,476
8930,176,146,322
8930,256,268,524
8930,212,188,400
8930,171,178,349
8930,153,157,310
8931,167,168,335
8931,240,261,501
8931,131,120,251
8931,164,144,308
8931,159,141,300
8931,177,150,327
8931,133,120,253
8931,278,258,536
8931,179,178,357
8931,228,242,470
8931,115,123,238
8931,196,189,385
8931,118,130,248
8931,160,150,310
8931,164,144,308
8931,144,128,272
8931,162,154,316
8931,209,173,382
8931,141,129,270
8931,168,139,307
8931,119,122,241
8931,219,188,407
8931,156,154,310
8931,173,185,358
8931,133,120,253
8931,147,150,297
8931,154,186,340
8931,192,182,374
8931,172,130,302
8931,169,131,300
8931,160,155,315
8931,248,236,484
8931,152,166,318
8931,154,186,340
8931,132,149,281
8931,179,178,357
8931,146,121,267
8931,131,133,264
8931,149,134,283
8932,128,127,255
8932,137,119,256
8932,156,155,311
8932,141,157,298
8932,168,138,306
8932,173,186,359
8932,182,184,366
8932,132,120,252
8932,172,145,317
8932,196,188,384
8932,165,133,298
8932,132,120,252
8932,210,172,382
8932,165,170,335
8932,115,117,232
8932,165,144,309
8932,236,252,488
8932,215,186,401
8932,153,136,289
8932,140,127,267
8932,151,172,323
8932,161,150,311
8932,141,135,276
8932,156,119,275
8932,118,135,253
8932,173,187,360
8932,171,157,328
8932,153,165,318
8932,156,151,307
8932,134,154,288
8932,151,172,323
8932,255,236,491
8932,165,144,309
8932,254,271,525
8932,182,184,366
8932,167,146,313
8932,202,183,385
8932,243,258,501
8932,132,120,252
8933,170,175,345
8933,134,122,256
8933,170,140,310
8933,155,169,324
8933,221,188,409
8933,200,169,369
8933,159,157,316
8933,146,129,275
8933,138,121,259
8933,157,152,309
8933,153,168,321
8933,141,155,296
8933,171,131,302
8933,138,122,260
8933,206,187,393
8933,240,254,494
8933,153,168,321
8933,177,146,323
8933,161,145,306
8933,181,179,360
8933,268,249,517
8933,177,191,368
8933,134,122,256
8933,112,115,227
8933,116,129,245
8933,196,188,384
8933,166,176,342
8933,165,144,309
8933,165,144,309
8933,137,118,255
8933,232,244,476
8933,127,123,250
8933,177,159,336
8933,151,135,286
8933,147,116,263
8933,181,179,360
8933,137,161,298
8933,169,152,321
8933,225,233,458
8934,164,144,308
8934,177,144,321
8934,173,132,305
8934,110,108,218
8934,216,185,401
8934,141,128,269
8934,137,166,303
8934,168,148,316
8934,175,191,366
8934,196,189,385
8934,129,126,255
8934,130,118,248
8934,151,168,319
8934,201,169,370
8934,183,188,371
8934,204,184,388
8934,150,174,324
8934,236,247,483
8934,233,248,481
8934,159,152,311
8934,137,122,259
8934,138,122,260
8934,171,154,325
8934,134,113,247
8934,150,174,324
8934,140,152,292
8934,224,231,455
8934,130,118,248
8934,119,133,252
8934,153,168,321
8934,163,169,332
8934,154,156,310
8934,135,120,255
8934,164,144,308
8934,184,161,345
8934,256,253,509
8934,146,133,279
8934,202,181,383
8935,162,169,331
8935,148,124,272
8935,118,134,252
8935,178,177,355
8935,195,180,375
8935,175,196,371
8935,201,189,390
8935,156,190,346
8935,179,189,368
8935,148,149,297
8935,172,144,316
8935,167,148,315
8935,143,138,281
8935,110,102,212
8935,156,152,308
8935,137,117,254
8935,143,133,276
8935,174,156,330
8935,181,143,324
8935,120,117,237
8935,156,190,346
8935,236,245,481
8935,179,133,312
8935,139,152,291
8935,136,165,301
8935,171,146,317
8935,215,175,390
8935,217,227,444
8935,204,203,407
8935,156,157,313
8935,136,119,255
8935,258,267,525
8935,233,232,465
8935,137,112,249
8935,171,146,317
8935,173,154,327
8935,130,131,261
8935,120,117,237
8936,116,129,245
8936,169,130,299
8936,125,150,275
8936,171,155,326
8936,131,131,262
8936,178,150,328
8936,215,173,388
8936,168,144,312
8936,148,146,294
8936,188,205,393
8936,144,138,282
8936,153,166,319
8936,176,176,352
8936,162,153,315
8936,212,191,403
8936,179,199,378
8936,168,144,312
8936,237,254,491
8936,135,116,251
8936,141,120,261
8936,173,193,366
8936,205,198,403
8936,141,132,273
8936,140,153,293
8936,165,158,323
8936,154,195,349
8936,235,239,474
8936,120,117,237
8936,120,117,237
8936,150,156,306
8936,109,103,212
8936,134,115,249
8936,138,167,305
8936,154,195,349
8936,149,176,325
8936,220,230,450
8936,162,167,329
8936,257,250,507
8937,163,165,328
8937,150,152,302
8937,138,163,301
8937,166,158,324
8937,199,186,385
8937,137,131,268
8937,169,144,313
8937,208,212,420
8937,170,143,313
8937,152,186,338
8937,172,188,360
8937,254,247,501
8937,235,236,471
8937,136,120,256
8937,149,121,270
8937,152,186,338
8937,169,144,313
8937,246,234,480
8937,182,205,387
8937,214,191,405
8937,145,141,286
8937,159,153,312
8937,185,190,375
8937,163,129,292
8937,225,230,455
8937,151,118,269
8937,123,118,241
8937,214,171,385
8937,168,130,298
8937,116,128,244
8937,147,147,294
8937,126,153,279
8937,132,132,264
8937,168,153,321
8937,158,153,311
8937,109,98,207
8937,196,156,352
8937,123,118,241
8938,211,191,402
8938,142,117,259
8938,123,116,239
8938,175,133,308
8938,157,128,285
8938,149,125,274
8938,161,126,287
8938,163,171,334
8938,148,147,295
8938,179,176,355
8938,155,192,347
8938,132,136,268
8938,164,144,308
8938,145,146,291
8938,236,237,473
8938,177,197,374
8938,160,150,310
8938,158,152,310
8938,255,235,490
8938,141,167,308
8938,173,188,361
8938,163,168,331
8938,154,152,306
8938,216,231,447
8938,177,163,340
8938,153,126,279
8938,123,116,239
8938,155,192,347
8938,154,164,318
8938,253,246,499
8938,185,182,367
8938,207,217,424
8938,110,102,212
8938,117,129,246
8938,164,144,308
8938,215,172,387
8938,136,130,266
8938,152,168,320
8939,174,188,362
8939,214,186,400
8939,211,188,399
8939,153,148,301
8939,164,160,324
8939,215,173,388
8939,229,229,458
8939,147,151,298
8939,158,194,352
8939,158,194,352
8939,167,156,323
8939,110,101,211
8939,138,150,288
8939,155,153,308
8939,170,146,316
8939,132,137,269
8939,144,134,278
8939,237,228,465
8939,155,166,321
8939,149,115,264
8939,155,165,320
8939,139,124,263
8939,206,211,417
8939,181,162,343
8939,154,128,282
8939,167,144,311
8939,152,166,318
8939,167,144,311
8939,121,116,237
8939,117,129,246
8939,172,183,355
8939,121,116,237
8939,216,193,409
8939,168,132,300
8939,156,128,284
8939,216,227,443
8939,260,247,507
8939,164,173,337
8940,109,99,208
8940,217,233,450
8940,163,144,307
8940,211,188,399
8940,163,204,367
8940,166,143,309
8940,150,158,308
8940,163,157,320
8940,156,128,284
8940,163,204,367
8940,218,190,408
8940,155,163,318
8940,140,113,253
8940,142,125,267
8940,156,169,325
8940,165,175,340
8940,158,154,312
8940,135,143,278
8940,118,133,251
8940,185,135,320
8940,155,168,323
8940,165,154,319
8940,253,246,499
8940,160,150,310
8940,168,151,319
8940,123,116,239
8940,221,176,397
8940,176,192,368
8940,174,189,363
8940,140,131,271
8940,237,226,463
8940,123,116,239
8940,210,190,400
8940,166,143,309
8940,235,233,468
8940,137,136,273
8940,186,203,389
8940,160,129,289
8941,220,174,394
8941,111,106,217
8941,165,155,320
8941,261,250,511
8941,146,124,270
8941,241,232,473
8941,119,117,236
8941,218,190,408
8941,173,185,358
8941,180,151,331
8941,135,146,281
8941,158,149,307
8941,115,130,245
8941,138,130,268
8941,171,159,330
8941,162,154,316
8941,153,161,314
8941,161,155,316
8941,179,134,313
8941,138,139,277
8941,119,117,236
8941,177,197,374
8941,155,128,283
8941,162,197,359
8941,157,130,287
8941,159,156,315
8941,178,146,324
8941,220,237,457
8941,176,148,324
8941,176,148,324
8941,198,184,382
8941,162,197,359
8941,212,185,397
8941,231,193,424
8941,178,140,318
8941,239,226,465
8941,139,122,261
8941,140,172,312
8942,172,158,330
8942,157,139,296
8942,171,147,318
8942,137,165,302
8942,116,125,241
8942,168,141,309
8942,211,190,401
8942,161,130,291
8942,155,148,303
8942,168,180,348
8942,221,246,467
8942,122,118,240
8942,271,250,521
8942,111,103,214
8942,208,184,392
8942,169,148,317
8942,164,170,334
8942,191,180,371
8942,179,200,379
8942,165,153,318
8942,193,139,332
8942,137,115,252
8942,220,173,393
8942,170,138,308
8942,203,187,390
8942,140,124,264
8942,171,147,318
8942,232,250,482
8942,135,142,277
8942,166,122,288
8942,191,180,371
8942,231,193,424
8942,238,238,476
8942,122,118,240
8942,156,169,325
8942,157,129,286
8942,137,134,271
8942,149,181,330
8943,159,141,300
8943,170,146,316
8943,120,116,236
8943,162,166,328
8943,188,210,398
8943,200,185,385
8943,160,131,291
8943,170,146,316
8943,223,255,478
8943,157,130,287
8943,178,200,378
8943,179,175,354
8943,241,195,436
8943,211,190,401
8943,237,231,468
8943,179,175,354
8943,136,159,295
8943,141,116,257
8943,139,135,274
8943,120,116,236
8943,250,233,483
8943,189,161,350
8943,171,157,328
8943,116,131,247
8943,159,149,308
8943,156,138,294
8943,176,158,334
8943,134,140,274
8943,277,253,530
8943,167,171,338
8943,153,154,307
8943,172,137,309
8943,110,99,209
8943,158,170,328
8943,217,171,388
8943,197,140,337
8943,142,126,268
8943,157,117,274
8944,159,156,315
8944,150,180,330
8944,178,160,338
8944,137,134,271
8944,109,100,209
8944,141,128,269
8944,156,129,285
8944,126,119,245
8944,224,254,478
8944,169,137,306
8944,162,122,284
8944,165,142,307
8944,172,146,318
8944,168,174,342
8944,276,253,529
8944,115,129,244
8944,181,180,361
8944,167,157,324
8944,203,168,371
8944,172,146,318
8944,186,176,362
8944,188,210,398
8944,136,144,280
8944,185,157,342
8944,234,227,461
8944,216,192,408
8944,153,147,300
8944,126,119,245
8944,167,180,347
8944,165,170,335
8944,150,129,279
8944,178,198,376
8944,186,176,362
8944,183,149,332
8944,164,130,294
8944,231,190,421
8944,137,163,300
8944,238,239,477
8945,168,146,314
8945,167,142,309
8945,129,119,248
8945,265,249,514
8945,188,206,394
8945,164,169,333
8945,169,182,351
8945,213,173,386
8945,246,263,509
8945,133,139,272
8945,140,134,274
8945,178,195,373
8945,163,131,294
8945,190,198,388
8945,137,163,300
8945,113,122,235
8945,140,113,253
8945,132,125,257
8945,175,156,331
8945,228,261,489
8945,218,185,403
8945,155,156,311
8945,231,226,457
8945,129,119,248
8945,169,178,347
8945,197,171,368
8945,115,102,217
8945,184,163,347
8945,150,145,295
8945,150,125,275
8945,154,129,283
8945,159,133,292
8945,224,193,417
8945,175,146,321
8945,170,156,326
8945,164,169,333
8945,175,146,321
8945,165,149,314
8946,254,232,486
8946,114,121,235
8946,141,142,283
8946,209,183,392
8946,166,146,312
8946,226,194,420
8946,126,118,244
8946,222,188,410
8946,144,115,259
8946,173,194,367
8946,147,127,274
8946,166,146,312
8946,179,196,375
8946,246,261,507
8946,167,163,330
8946,185,163,348
8946,146,145,291
8946,157,134,291
8946,170,146,316
8946,166,147,313
8946,119,103,222
8946,157,153,310
8946,167,153,320
8946,126,118,244
8946,133,136,269
8946,271,253,524
8946,147,124,271
8946,144,130,274
8946,177,146,323
8946,228,177,405
8946,181,172,353
8946,185,198,383
8946,244,237,481
8946,135,149,284
8946,139,166,305
8946,181,172,353
8946,160,174,334
8946,165,178,343
8947,155,125,280
8947,171,146,317
8947,232,191,423
8947,163,136,299
8947,135,122,257
8947,275,253,528
8947,153,128,281
8947,115,125,240
8947,167,148,315
8947,162,174,336
8947,163,176,339
8947,168,149,317
8947,139,136,275
8947,181,185,366
8947,144,133,277
8947,153,153,306
8947,164,150,314
8947,179,199,378
8947,211,174,385
8947,131,137,268
8947,143,143,286
8947,160,167,327
8947,156,180,336
8947,245,255,500
8947,234,246,480
8947,253,240,493
8947,185,198,383
8947,168,177,345
8947,135,122,257
8947,160,167,327
8947,170,184,354
8947,147,115,262
8947,167,143,310
8947,222,195,417
8947,132,135,267
8947,120,102,222
8947,155,140,295
8947,171,146,317
8948,137,123,260
8948,127,107,234
8948,162,172,334
8948,160,153,313
8948,177,142,319
8948,157,186,343
8948,161,151,312
8948,154,126,280
8948,189,156,345
8948,181,206,387
8948,142,132,274
8948,173,188,361
8948,153,120,273
8948,137,123,260
8948,168,146,314
8948,137,134,271
8948,213,215,428
8948,147,125,272
8948,168,148,316
8948,133,135,268
8948,213,184,397
8948,239,245,484
8948,166,177,343
8948,206,173,379
8948,164,176,340
8948,130,135,265
8948,183,179,362
8948,114,126,240
8948,259,274,533
8948,226,230,456
8948,250,241,491
8948,154,141,295
8948,166,177,343
8948,168,146,314
8948,211,189,400
8948,152,141,293
8948,161,139,300
8948,146,146,292
8949,249,253,502
8949,154,147,301
8949,240,243,483
8949,192,156,348
8949,151,139,290
8949,145,151,296
8949,161,128,289
8949,194,171,365
8949,203,177,380
8949,164,162,326
8949,160,135,295
8949,175,141,316
8949,141,127,268
8949,125,105,230
8949,211,174,385
8949,138,132,270
8949,183,207,390
8949,232,225,457
8949,159,162,321
8949,153,146,299
8949,145,127,272
8949,132,133,265
8949,145,127,272
8949,214,190,404
8949,184,179,363
8949,250,241,491
8949,114,124,238
8949,164,146,310
8949,209,183,392
8949,143,124,267
8949,131,136,267
8949,139,147,286
8949,168,146,314
8949,208,204,412
8949,172,181,353
8949,203,177,380
8949,168,146,314
8949,178,161,339
8950,135,138,273
8950,219,170,389
8950,133,141,274
8950,137,136,273
8950,107,102,209
8950,150,144,294
8950,163,172,335
8950,168,145,313
8950,240,228,468
8950,150,143,293
8950,230,260,490
8950,147,128,275
8950,131,132,263
8950,168,145,313
8950,183,213,396
8950,147,128,275
8950,203,177,380
8950,219,192,411
8950,248,252,500
8950,141,167,308
8950,163,141,304
8950,240,244,484
8950,204,184,388
8950,167,177,344
8950,203,177,380
8950,139,121,260
8950,238,193,431
8950,164,128,292
8950,191,171,362
8950,153,145,298
8950,142,123,265
8950,182,161,343
8950,114,125,239
8950,146,156,302
8950,160,134,294
8950,182,177,359
8950,175,189,364
8950,165,174,339
8951,161,144,305
8951,164,165,329
8951,142,143,285
8951,251,264,515
8951,166,171,337
8951,168,198,366
8951,147,154,301
8951,181,160,341
8951,214,216,430
8951,161,144,305
8951,113,125,238
8951,189,177,366
8951,152,141,293
8951,216,171,387
8951,211,190,401
8951,247,264,511
8951,131,125,256
8951,109,102,211
8951,150,129,279
8951,180,178,358
8951,181,206,387
8951,153,156,309
8951,251,229,480
8951,159,125,284
8951,167,138,305
8951,160,127,287
8951,143,118,261
8951,174,167,341
8951,140,132,272
8951,250,238,488
8951,132,122,254
8951,180,201,381
8951,163,183,346
8951,132,143,275
8951,174,167,341
8951,134,139,273
8951,165,146,311
8951,150,129,279
8952,248,251,499
8952,157,145,302
8952,111,119,230
8952,188,171,359
8952,174,168,342
8952,152,141,293
8952,184,178,362
8952,181,160,341
8952,130,124,254
8952,196,164,360
8952,131,136,267
8952,152,141,293
8952,185,193,378
8952,239,234,473
8952,132,122,254
8952,155,116,271
8952,159,145,304
8952,232,191,423
8952,180,202,382
8952,246,263,509
8952,174,168,342
8952,216,193,409
8952,183,212,395
8952,163,128,291
8952,152,170,322
8952,136,134,270
8952,150,145,295
8952,155,129,284
8952,144,148,292
8952,152,137,289
8952,238,227,465
8952,155,160,315
8952,209,169,378
8952,161,159,320
8952,156,130,286
8952,111,101,212
8952,156,130,286
8952,138,148,286
8953,132,138,270
8953,112,107,219
8953,141,140,281
8953,149,134,283
8953,242,193,435
8953,181,205,386
8953,258,263,521
8953,189,185,374
8953,143,126,269
8953,163,146,309
8953,139,125,264
8953,241,251,492
8953,159,126,285
8953,166,157,323
8953,153,168,321
8953,167,129,296
8953,170,165,335
8953,146,116,262
8953,215,193,408
8953,163,146,309
8953,258,230,488
8953,174,143,317
8953,113,122,235
8953,172,167,339
8953,182,203,385
8953,153,151,304
8953,227,259,486
8953,146,158,304
8953,152,140,292
8953,212,172,384
8953,185,175,360
8953,185,175,360
8953,195,166,361
8953,184,180,364
8953,130,125,255
8953,152,140,292
8953,156,127,283
8953,143,126,269
8954,160,140,300
8954,227,224,451
8954,137,134,271
8954,255,264,519
8954,135,145,280
8954,156,127,283
8954,163,177,340
8954,140,125,265
8954,164,127,291
8954,111,119,230
8954,159,126,285
8954,151,163,314
8954,137,114,251
8954,210,173,383
8954,184,172,356
8954,152,152,304
8954,222,250,472
8954,155,142,297
8954,160,140,300
8954,172,168,340
8954,187,193,380
8954,154,132,286
8954,137,124,261
8954,169,175,344
8954,147,157,304
8954,172,182,354
8954,161,146,307
8954,109,104,213
8954,218,185,403
8954,172,168,340
8954,178,160,338
8954,169,163,332
8954,137,124,261
8954,176,151,327
8954,193,203,396
8954,225,198,423
8954,127,121,248
8954,246,236,482
8955,190,167,357
8955,133,123,256
8955,173,185,358
8955,200,180,380
8955,158,153,311
8955,140,139,279
8955,139,125,264
8955,184,150,334
8955,153,172,325
8955,163,127,290
8955,164,134,298
8955,204,171,375
8955,200,180,380
8955,139,125,264
8955,134,116,250
8955,107,101,208
8955,149,138,287
8955,229,221,450
8955,159,183,342
8955,158,126,284
8955,127,118,245
8955,214,187,401
8955,151,141,292
8955,147,155,302
8955,251,234,485
8955,254,267,521
8955,237,195,432
8955,204,215,419
8955,152,127,279
8955,162,133,295
8955,168,147,315
8955,151,141,292
8955,169,170,339
8955,164,179,343
8955,188,170,358
8955,111,116,227
8955,227,254,481
8955,177,180,357
8956,177,197,374
8956,158,125,283
8956,150,120,270
8956,181,151,332
8956,136,154,290
8956,124,120,244
8956,241,230,471
8956,176,170,346
8956,177,197,374
8956,113,101,214
8956,166,146,312
8956,132,136,268
8956,250,231,481
8956,155,126,281
8956,230,201,431
8956,157,166,323
8956,148,160,308
8956,246,232,478
8956,114,122,236
8956,150,139,289
8956,189,172,361
8956,146,140,286
8956,252,258,510
8956,160,145,305
8956,228,193,421
8956,187,213,400
8956,152,150,302
8956,146,140,286
8956,147,125,272
8956,143,125,268
8956,179,199,378
8956,218,173,391
8956,214,189,403
8956,141,133,274
8956,143,125,268
8956,158,134,292
8956,158,180,338
8956,178,164,342
8957,159,142,301
8957,144,124,268
8957,126,122,248
8957,155,175,330
8957,203,186,389
8957,164,128,292
8957,225,191,416
8957,149,140,289
8957,136,152,288
8957,200,210,410
8957,153,141,294
8957,128,120,248
8957,169,147,316
8957,149,150,299
8957,190,172,362
8957,179,199,378
8957,153,119,272
8957,175,147,322
8957,145,125,270
8957,176,193,369
8957,155,151,306
8957,149,160,309
8957,179,199,378
8957,143,147,290
8957,114,103,217
8957,182,202,384
8957,223,226,449
8957,178,166,344
8957,176,193,369
8957,145,125,270
8957,256,235,491
8957,169,163,332
8957,251,250,501
8957,157,135,292
8957,244,229,473
8957,217,173,390
8957,156,129,285
8957,153,141,294
8957,117,127,244
8958,263,237,500
8958,146,125,271
8958,163,147,310
8958,171,169,340
8958,262,254,516
8958,166,124,290
8958,231,190,421
8958,108,102,210
8958,142,144,286
8958,137,125,262
8958,195,177,372
8958,154,153,307
8958,214,185,399
8958,120,137,257
8958,156,135,291
8958,137,125,262
8958,210,179,389
8958,183,147,330
8958,148,144,292
8958,149,138,287
8958,182,166,348
8958,149,126,275
8958,258,233,491
8958,157,142,299
8958,177,199,376
8958,157,142,299
8958,177,199,376
8958,202,218,420
8958,210,179,389
8958,150,163,313
8958,235,230,465
8958,151,141,292
8958,158,132,290
8958,156,181,337
8958,135,145,280
8958,178,189,367
8958,135,151,286
8958,124,114,238
8958,191,173,364
8959,158,143,301
8959,152,128,280
8959,154,175,329
8959,267,237,504
8959,179,165,344
8959,206,177,383
8959,158,141,299
8959,161,132,293
8959,149,156,305
8959,135,144,279
8959,124,116,240
8959,148,158,306
8959,171,146,317
8959,162,139,301
8959,177,200,377
8959,139,125,264
8959,144,115,259
8959,206,177,383
8959,224,195,419
8959,158,154,312
8959,196,177,373
8959,154,138,292
8959,139,125,264
8959,142,142,284
8959,273,256,529
8959,177,200,377
8959,109,108,217
8959,158,143,301
8959,194,171,365
8959,179,168,347
8959,176,181,357
8959,253,236,489
8959,243,232,475
8959,185,151,336
8959,164,145,309
8959,139,122,261
8959,210,184,394
8959,197,207,404
8959,144,148,292
8960,151,165,316
8960,135,143,278
8960,176,200,376
8960,264,235,499
8960,135,121,256
8960,135,121,256
8960,138,123,261
8960,178,185,363
8960,150,116,266
8960,175,171,346
8960,180,196,376
8960,171,154,325
8960,196,191,387
8960,226,237,463
8960,196,183,379
8960,176,200,376
8960,180,160,340
8960,197,210,407
8960,177,143,320
8960,272,257,529
8960,125,118,243
8960,182,149,331
8960,180,196,376
8960,228,227,455
8960,164,150,314
8960,150,129,279
8960,141,138,279
8960,161,175,336
8960,157,128,285
8960,173,124,297
8960,107,103,210
8960,170,163,333
8960,182,169,351
8960,153,151,304
8960,162,146,308
8960,151,159,310
8960,210,185,395
8960,148,137,285
8960,162,146,308
8961,155,176,331
8961,163,131,294
8961,189,195,384
8961,122,116,238
8961,177,199,376
8961,122,116,238
8961,177,199,376
8961,167,193,360
8961,161,123,284
8961,170,148,318
8961,146,139,285
8961,148,124,272
8961,168,144,312
8961,172,181,353
8961,192,174,366
8961,142,126,268
8961,180,195,375
8961,151,169,320
8961,258,281,539
8961,123,115,238
8961,231,247,478
8961,136,143,279
8961,208,178,386
8961,222,225,447
8961,242,194,436
8961,157,170,327
8961,218,196,414
8961,164,155,319
8961,161,144,305
8961,162,170,332
8961,120,139,259
8961,248,264,512
8961,152,148,300
8961,152,150,302
8961,107,101,208
8961,170,162,332
8961,170,148,318
8961,143,143,286
8961,208,178,386
8962,214,215,429
8962,163,145,308
8962,156,134,290
8962,109,104,213
8962,157,137,294
8962,162,169,331
8962,176,186,362
8962,165,188,353
8962,228,201,429
8962,149,144,293
8962,151,120,271
8962,149,125,274
8962,163,132,295
8962,154,158,312
8962,174,171,345
8962,180,204,384
8962,155,177,332
8962,204,177,381
8962,227,220,447
8962,139,139,278
8962,150,162,312
8962,178,166,344
8962,253,275,528
8962,164,153,317
8962,163,145,308
8962,155,139,294
8962,231,256,487
8962,194,204,398
8962,124,122,246
8962,158,131,289
8962,180,204,384
8962,128,116,244
8962,134,141,275
8962,204,177,381
8962,189,166,355
8962,118,139,257
8962,251,233,484
8962,124,122,246
8962,176,157,333
8963,226,238,464
8963,180,187,367
8963,176,189,365
8963,109,115,224
8963,165,176,341
8963,150,168,318
8963,188,152,340
8963,181,208,389
8963,176,189,365
8963,160,176,336
8963,157,145,302
8963,149,139,288
8963,124,123,247
8963,191,170,361
8963,181,208,389
8963,162,172,334
8963,124,123,247
8963,157,142,299
8963,151,134,285
8963,154,130,284
8963,165,131,296
8963,236,224,460
8963,150,166,316
8963,229,202,431
8963,188,183,371
8963,253,275,528
8963,172,155,327
8963,211,209,420
8963,128,116,244
8963,154,127,281
8963,157,145,302
8963,256,233,489
8963,137,150,287
8963,161,125,286
8963,117,130,247
8963,154,126,280
8963,171,155,326
8963,180,179,359
8963,138,136,274
8964,176,147,323
8964,110,118,228
8964,142,123,265
8964,167,168,335
8964,181,212,393
8964,156,161,317
8964,156,133,289
8964,168,132,300
8964,183,152,335
8964,174,155,329
8964,151,136,287
8964,148,160,308
8964,124,126,250
8964,252,234,486
8964,193,168,361
8964,181,212,393
8964,115,124,239
8964,162,151,313
8964,144,134,278
8964,186,179,365
8964,124,126,250
8964,237,223,460
8964,253,269,522
8964,202,212,414
8964,157,144,301
8964,177,184,361
8964,180,194,374
8964,227,239,466
8964,169,192,361
8964,202,178,380
8964,157,144,301
8964,137,151,288
8964,157,173,330
8964,162,144,306
8964,167,168,335
8964,154,176,330
8964,167,123,290
8964,158,132,290
8964,138,115,253
8965,136,145,281
8965,229,236,465
8965,249,234,483
8965,169,163,332
8965,156,129,285
8965,124,126,250
8965,252,266,518
8965,162,150,312
8965,193,169,362
8965,143,139,282
8965,225,217,442
8965,157,121,278
8965,157,145,302
8965,179,184,363
8965,156,159,315
8965,169,163,332
8965,142,123,265
8965,138,150,288
8965,141,172,313
8965,178,201,379
8965,154,156,310
8965,145,153,298
8965,124,126,250
8965,168,153,321
8965,150,159,309
8965,152,138,290
8965,117,123,240
8965,196,180,376
8965,203,211,414
8965,110,117,227
8965,158,140,298
8965,157,145,302
8965,167,145,312
8965,184,166,350
8965,155,132,287
8965,131,113,244
8965,201,180,381
8965,178,201,379
8965,176,180,356
8966,159,129,288
8966,111,117,228
8966,130,114,244
8966,180,191,371
8966,192,173,365
8966,161,165,326
8966,136,120,256
8966,251,267,518
8966,142,144,286
8966,188,209,397
8966,140,162,302
8966,150,146,296
8966,230,221,451
8966,143,141,284
8966,211,183,394
8966,153,121,274
8966,157,137,294
8966,195,165,360
8966,166,146,312
8966,180,206,386
8966,227,233,460
8966,166,146,312
8966,180,206,386
8966,125,127,252
8966,192,173,365
8966,138,150,288
8966,163,132,295
8966,152,165,317
8966,159,152,311
8966,152,136,288
8966,144,170,314
8966,155,140,295
8966,186,166,352
8966,125,127,252
8966,267,237,504
8966,206,220,426
8966,186,184,370
8966,168,149,317
8966,122,138,260
8967,164,155,319
8967,149,160,309
8967,179,188,367
8967,264,237,501
8967,159,131,290
8967,178,194,372
8967,162,124,286
8967,159,140,299
8967,127,130,257
8967,218,173,391
8967,140,167,307
8967,172,148,320
8967,144,140,284
8967,158,177,335
8967,169,192,361
8967,221,183,404
8967,281,261,542
8967,227,196,423
8967,177,184,361
8967,231,230,461
8967,142,148,290
8967,188,181,369
8967,193,170,363
8967,166,131,297
8967,172,146,318
8967,169,192,361
8967,158,137,295
8967,112,116,228
8967,244,225,469
8967,130,118,248
8967,120,140,260
8967,129,114,243
8967,161,173,334
8967,172,148,320
8967,144,166,310
8967,167,129,296
8967,178,194,372
8967,127,130,257
8967,150,141,291
8968,156,163,319
8968,181,189,370
8968,156,129,285
8968,258,282,540
8968,228,237,465
8968,231,218,449
8968,150,163,313
8968,159,141,300
8968,174,177,351
8968,153,157,310
8968,114,126,240
8968,160,165,325
8968,137,117,254
8968,161,129,290
8968,141,141,282
8968,262,237,499
8968,194,181,375
8968,233,188,421
8968,121,142,263
8968,150,136,286
8968,174,154,328
8968,177,196,373
8968,168,175,343
8968,228,199,427
8968,127,132,259
8968,166,188,354
8968,177,196,373
8968,124,117,241
8968,138,152,290
8968,151,140,291
8968,187,168,355
8968,159,141,300
8968,165,144,309
8968,166,188,354
8968,164,123,287
8968,219,172,391
8968,127,132,259
8968,158,143,301
8968,149,157,306
8969,177,186,363
8969,225,194,419
8969,199,163,362
8969,148,157,305
8969,198,181,379
8969,123,119,242
8969,227,238,465
8969,258,236,494
8969,153,152,305
8969,139,120,259
8969,160,130,290
8969,149,138,287
8969,137,149,286
8969,217,173,390
8969,166,181,347
8969,119,135,254
8969,178,196,374
8969,160,143,303
8969,155,142,297
8969,147,155,302
8969,120,116,236
8969,174,170,344
8969,248,255,503
8969,123,119,242
8969,158,130,288
8969,161,151,312
8969,178,196,374
8969,151,149,300
8969,153,130,283
8969,139,136,275
8969,223,185,408
8969,112,116,228
8969,230,234,464
8969,170,145,315
8969,155,142,297
8969,141,143,284
8969,188,169,357
8969,163,174,337
8969,166,181,347
8970,176,178,354
8970,161,161,322
8970,151,138,289
8970,135,123,258
8970,260,238,498
8970,224,224,448
8970,162,152,314
8970,139,136,275
8970,255,243,498
8970,154,131,285
8970,178,201,379
8970,153,156,309
8970,162,185,347
8970,176,187,363
8970,139,120,259
8970,164,172,336
8970,159,129,288
8970,234,190,424
8970,117,131,248
8970,135,123,258
8970,247,254,501
8970,205,167,372
8970,117,130,247
8970,162,143,305
8970,179,204,383
8970,178,201,379
8970,156,153,309
8970,149,127,276
8970,140,166,306
8970,147,155,302
8970,190,177,367
8970,156,153,309
8970,210,189,399
8970,163,127,290
8970,162,143,305
8970,185,151,336
8970,161,161,322
8970,135,121,256
8970,141,131,272
8971,211,209,420
8971,165,180,345
8971,147,153,300
8971,125,118,243
8971,174,188,362
8971,130,122,252
8971,196,164,360
8971,146,137,283
8971,192,183,375
8971,139,131,270
8971,155,132,287
8971,154,148,302
8971,146,137,283
8971,117,133,250
8971,141,147,288
8971,135,124,259
8971,125,118,243
8971,140,168,308
8971,201,189,390
8971,161,128,289
8971,165,180,345
8971,186,151,337
8971,151,138,289
8971,191,190,381
8971,229,259,488
8971,268,239,507
8971,251,263,514
8971,226,229,455
8971,161,180,341
8971,145,179,324
8971,163,180,343
8971,168,169,337
8971,174,188,362
8971,153,147,300
8971,142,120,262
8971,121,138,259
8971,139,154,293
8971,159,139,298
8971,174,186,360
8972,181,177,358
8972,205,190,395
8972,201,178,379
8972,219,183,402
8972,149,162,311
8972,162,175,337
8972,186,184,370
8972,124,119,243
8972,159,172,331
8972,140,160,300
8972,139,137,276
8972,145,121,266
8972,145,154,299
8972,163,176,339
8972,166,160,326
8972,165,143,308
8972,120,138,258
8972,155,130,285
8972,156,125,281
8972,163,177,340
8972,136,166,302
8972,124,119,243
8972,175,181,356
8972,116,131,247
8972,232,259,491
8972,206,168,374
8972,144,129,273
8972,151,138,289
8972,247,258,505
8972,153,139,292
8972,175,181,356
8972,150,144,294
8972,151,138,289
8972,163,177,340
8972,247,263,510
8972,230,231,461
8972,138,152,290
8972,141,125,266
8972,154,149,303
8973,194,176,370
8973,149,137,286
8973,181,201,382
8973,185,149,334
8973,163,176,339
8973,126,153,279
8973,167,189,356
8973,133,156,289
8973,177,171,348
8973,262,240,502
8973,203,190,393
8973,151,128,279
8973,143,145,288
8973,245,259,504
8973,137,151,288
8973,144,145,289
8973,123,118,241
8973,200,178,378
8973,156,135,291
8973,123,118,241
8973,161,171,332
8973,181,201,382
8973,151,166,317
8973,144,165,309
8973,144,145,289
8973,136,128,264
8973,192,163,355
8973,149,114,263
8973,205,187,392
8973,158,151,309
8973,250,261,511
8973,151,139,290
8973,121,143,264
8973,139,120,259
8973,180,147,327
8973,228,227,455
8973,163,176,339
8973,149,123,272
8973,168,168,336
8974,181,207,388
8974,228,229,457
8974,270,239,509
8974,195,179,374
8974,154,130,284
8974,160,139,299
8974,119,138,257
8974,253,273,526
8974,142,121,263
8974,141,141,282
8974,157,138,295
8974,168,145,313
8974,146,165,311
8974,124,143,267
8974,203,201,404
8974,142,145,287
8974,135,118,253
8974,153,161,314
8974,150,146,296
8974,118,135,253
8974,163,180,343
8974,183,207,390
8974,161,170,331
8974,149,162,311
8974,179,152,331
8974,163,180,343
8974,191,169,360
8974,206,182,388
8974,132,150,282
8974,125,119,244
8974,162,179,341
8974,218,185,403
8974,141,141,282
8974,183,207,390
8974,246,232,478
8974,158,169,327
8974,135,141,276
8974,125,119,244
8974,139,129,268
8975,181,204,385
8975,118,135,253
8975,252,280,532
8975,152,148,300
8975,138,119,257
8975,163,178,341
8975,171,149,320
8975,146,123,269
8975,151,161,312
8975,181,204,385
8975,168,142,310
8975,161,176,337
8975,148,156,304
8975,118,136,254
8975,133,157,290
8975,127,119,246
8975,148,156,304
8975,209,216,425
8975,228,259,487
8975,138,150,288
8975,156,163,319
8975,161,176,337
8975,189,163,352
8975,158,130,288
8975,155,130,285
8975,231,187,418
8975,269,240,509
8975,172,146,318
8975,140,135,275
8975,156,125,281
8975,160,165,325
8975,205,180,385
8975,145,144,289
8975,146,155,301
8975,166,150,316
8975,127,119,246
8975,202,186,388
8975,224,225,449
8975,178,202,380
8976,155,171,326
8976,170,144,314
8976,161,131,292
8976,178,198,376
8976,155,171,326
8976,174,150,324
8976,167,145,312
8976,150,125,275
8976,131,151,282
8976,156,148,304
8976,133,139,272
8976,221,238,459
8976,175,195,370
8976,156,163,319
8976,213,226,439
8976,169,153,322
8976,128,120,248
8976,193,211,404
8976,112,122,234
8976,159,175,334
8976,151,149,300
8976,218,183,401
8976,128,120,248
8976,224,219,443
8976,153,139,292
8976,180,202,382
8976,113,126,239
8976,146,153,299
8976,178,198,376
8976,193,163,356
8976,249,261,510
8976,141,119,260
8976,136,125,261
8976,271,240,511
8976,149,149,298
8976,159,175,334
8976,153,125,278
8976,149,129,278
8976,167,192,359
8977,122,120,242
8977,182,207,389
8977,238,235,473
8977,139,155,294
8977,162,130,292
8977,197,168,365
8977,167,143,310
8977,196,183,379
8977,112,111,223
8977,154,158,312
8977,136,117,253
8977,166,149,315
8977,158,173,331
8977,156,172,328
8977,152,138,290
8977,182,207,389
8977,155,170,325
8977,182,207,389
8977,115,127,242
8977,169,179,348
8977,164,178,342
8977,145,151,296
8977,248,257,505
8977,153,124,277
8977,156,164,320
8977,127,141,268
8977,226,221,447
8977,158,173,331
8977,122,120,242
8977,222,187,409
8977,156,172,328
8977,211,228,439
8977,155,131,286
8977,148,171,319
8977,203,211,414
8977,139,135,274
8977,132,133,265
8977,247,262,509
8977,150,126,276
8978,116,130,246
8978,154,140,294
8978,147,125,272
8978,140,120,260
8978,159,140,299
8978,191,176,367
8978,246,256,502
8978,210,189,399
8978,169,152,321
8978,187,152,339
8978,192,202,394
8978,166,170,336
8978,202,180,382
8978,172,163,335
8978,122,120,242
8978,140,139,279
8978,177,196,373
8978,185,156,341
8978,161,130,291
8978,247,262,509
8978,221,221,442
8978,130,126,256
8978,209,205,414
8978,181,150,331
8978,122,120,242
8978,115,121,236
8978,166,142,308
8978,130,149,279
8978,152,124,276
8978,192,166,358
8978,210,189,399
8978,207,185,392
8978,234,245,479
8978,146,155,301
8978,156,173,329
8978,144,169,313
8978,144,126,270
8978,181,150,331
8978,166,170,336
8979,180,151,331
8979,147,158,305
8979,223,244,467
8979,189,170,359
8979,197,184,381
8979,130,125,255
8979,122,123,245
8979,157,153,310
8979,163,166,329
8979,122,123,245
8979,163,166,329
8979,131,154,285
8979,114,116,230
8979,182,162,344
8979,142,113,255
8979,156,169,325
8979,143,120,263
8979,156,164,320
8979,197,184,381
8979,167,162,329
8979,141,140,281
8979,160,131,291
8979,272,240,512
8979,212,216,428
8979,180,151,331
8979,155,139,294
8979,150,124,274
8979,242,243,485
8979,194,181,375
8979,151,131,282
8979,156,143,299
8979,142,158,300
8979,143,124,267
8979,175,193,368
8979,162,148,310
8979,243,229,472
8979,165,177,342
8979,221,185,406
8979,198,178,376
8980,182,152,334
8980,181,162,343
8980,226,228,454
8980,207,187,394
8980,246,254,500
8980,205,188,393
8980,126,144,270
8980,209,181,390
8980,146,136,282
8980,177,172,349
8980,148,122,270
8980,182,152,334
8980,112,113,225
8980,127,118,245
8980,127,118,245
8980,133,123,256
8980,207,211,418
8980,254,237,491
8980,219,228,447
8980,154,131,285
8980,216,185,401
8980,178,148,326
8980,147,162,309
8980,147,125,272
8980,205,188,393
8980,177,172,349
8980,165,173,338
8980,195,179,374
8980,178,201,379
8980,129,111,240
8980,155,140,295
8980,132,113,245
8980,138,153,291
8980,161,168,329
8980,165,144,309
8980,174,159,333
8980,155,130,285
8980,156,147,303
8980,145,147,292
8981,241,241,482
8981,155,169,324
8981,160,138,298
8981,211,188,399
8981,134,123,257
8981,213,224,437
8981,175,191,366
8981,175,172,347
8981,118,125,243
8981,148,125,273
8981,133,111,244
8981,207,180,387
8981,249,248,497
8981,207,178,385
8981,249,236,485
8981,177,165,342
8981,164,134,298
8981,132,129,261
8981,211,188,399
8981,220,250,470
8981,145,145,290
8981,175,172,347
8981,155,169,324
8981,155,121,276
8981,136,124,260
8981,160,181,341
8981,134,123,257
8981,155,141,296
8981,140,132,272
8981,159,167,326
8981,144,121,265
8981,200,182,382
8981,157,174,331
8981,177,206,383
8981,153,157,310
8981,124,138,262
8981,153,149,302
8981,151,163,314
8981,155,147,302
8982,181,150,331
8982,147,124,271
8982,256,251,507
8982,158,147,305
8982,175,164,339
8982,149,155,304
8982,146,158,304
8982,166,167,333
8982,195,182,377
8982,261,237,498
8982,125,146,271
8982,152,146,298
8982,176,193,369
8982,223,257,480
8982,219,185,404
8982,149,141,290
8982,157,158,315
8982,137,125,262
8982,242,237,479
8982,181,204,385
8982,136,139,275
8982,209,172,381
8982,133,113,246
8982,160,141,301
8982,155,132,287
8982,184,152,336
8982,137,125,262
8982,210,210,420
8982,161,120,281
8982,132,121,253
8982,144,135,279
8982,194,186,380
8982,150,113,263
8982,156,153,309
8982,166,167,333
8982,184,152,336
8982,159,168,327
8982,194,186,380
8982,134,139,273
8983,188,200,388
8983,148,145,293
8983,152,147,299
8983,170,169,339
8983,267,234,501
8983,125,146,271
8983,199,186,385
8983,144,115,259
8983,216,229,445
8983,197,171,368
8983,139,135,274
8983,133,136,269
8983,203,178,381
8983,243,238,481
8983,139,141,280
8983,148,128,276
8983,156,175,331
8983,156,152,308
8983,143,151,294
8983,170,169,339
8983,173,184,357
8983,199,186,385
8983,155,159,314
8983,148,128,276
8983,149,125,274
8983,157,135,292
8983,156,175,331
8983,145,152,297
8983,153,133,286
8983,251,239,490
8983,160,143,303
8983,181,146,327
8983,147,114,261
8983,155,119,274
8983,268,251,519
8983,201,206,407
8983,129,126,255
8983,177,162,339
8983,149,151,300
8984,225,260,485
8984,176,180,356
8984,157,133,290
8984,264,252,516
8984,217,183,400
8984,236,209,445
8984,176,180,356
8984,148,151,299
8984,153,126,279
8984,155,173,328
8984,253,232,485
8984,159,140,299
8984,125,148,273
8984,135,138,273
8984,167,152,319
8984,156,151,307
8984,147,146,293
8984,155,173,328
8984,178,195,373
8984,170,169,339
8984,172,148,320
8984,151,161,312
8984,207,174,381
8984,201,201,402
8984,148,136,284
8984,140,143,283
8984,147,117,264
8984,132,131,263
8984,244,239,483
8984,165,178,343
8984,144,127,271
8984,129,124,253
8984,138,115,253
8984,178,195,373
8984,150,135,285
8984,144,127,271
8984,170,169,339
8984,150,150,300
8984,141,112,253
8985,180,156,336
8985,156,176,332
8985,158,135,293
8985,159,128,287
8985,131,136,267
8985,226,226,452
8985,140,143,283
8985,236,209,445
8985,253,238,491
8985,150,137,287
8985,250,263,513
8985,156,160,316
8985,177,159,336
8985,149,120,269
8985,149,149,298
8985,148,158,306
8985,157,135,292
8985,136,122,258
8985,127,123,250
8985,244,232,476
8985,150,116,266
8985,157,168,325
8985,153,152,305
8985,177,178,355
8985,160,136,296
8985,184,174,358
8985,177,178,355
8985,156,176,332
8985,136,122,258
8985,208,186,394
8985,175,189,364
8985,163,152,315
8985,184,174,358
8985,220,178,398
8985,140,122,262
8985,135,113,248
8985,131,128,259
8985,218,183,401
8985,174,192,366
8986,177,165,342
8986,151,133,284
8986,187,188,375
8986,171,170,341
8986,151,147,298
8986,172,189,361
8986,141,172,313
8986,172,189,361
8986,122,140,262
8986,255,240,495
8986,154,167,321
8986,129,120,249
8986,151,168,319
8986,177,151,328
8986,158,128,286
8986,128,122,250
8986,180,154,334
8986,154,119,273
8986,154,144,298
8986,243,247,490
8986,177,151,328
8986,169,175,344
8986,153,142,295
8986,128,136,264
8986,152,154,306
8986,228,227,455
8986,119,132,251
8986,155,139,294
8986,127,121,248
8986,126,111,237
8986,174,183,357
8986,158,135,293
8986,202,200,402
8986,217,224,441
8986,171,170,341
8986,129,120,249
8986,207,215,422
8986,170,161,331
8986,260,244,504
8987,237,262,499
8987,169,164,333
8987,154,170,324
8987,161,146,307
8987,141,141,282
8987,120,133,253
8987,176,194,370
8987,120,132,252
8987,252,275,527
8987,157,157,314
8987,225,244,469
8987,167,172,339
8987,181,171,352
8987,158,120,278
8987,181,164,345
8987,147,144,291
8987,135,121,256
8987,163,145,308
8987,171,171,342
8987,205,199,404
8987,159,138,297
8987,142,172,314
8987,123,108,231
8987,127,117,244
8987,132,136,268
8987,135,121,256
8987,262,245,507
8987,149,159,308
8987,148,153,301
8987,170,185,355
8987,210,207,417
8987,170,185,355
8987,155,135,290
8987,149,124,273
8987,163,145,308
8987,150,137,287
8987,171,171,342
8987,128,137,265
8987,191,193,384
8988,167,164,331
8988,138,128,266
8988,154,172,326
8988,127,117,244
8988,130,133,263
8988,176,147,323
8988,148,123,271
8988,138,161,299
8988,220,228,448
8988,141,133,274
8988,176,187,363
8988,129,119,248
8988,119,131,250
8988,128,140,268
8988,161,146,307
8988,169,181,350
8988,194,206,400
8988,148,158,306
8988,210,208,418
8988,109,103,212
8988,122,139,261
8988,150,156,306
8988,161,169,330
8988,179,174,353
8988,170,188,358
8988,141,142,283
8988,273,249,522
8988,151,152,303
8988,129,119,248
8988,233,251,484
8988,161,155,316
8988,161,146,307
8988,179,174,353
8988,156,122,278
8988,229,177,406
8988,170,188,358
8988,224,186,410
8988,156,131,287
8988,249,259,508
8989,136,136,272
8989,162,123,285
8989,170,159,329
8989,166,171,337
8989,151,163,314
8989,132,121,253
8989,228,238,466
8989,153,142,295
8989,149,145,294
8989,133,146,279
8989,132,121,253
8989,155,129,284
8989,134,119,253
8989,184,178,362
8989,225,176,401
8989,133,132,265
8989,116,123,239
8989,142,172,314
8989,168,178,346
8989,150,142,292
8989,168,178,346
8989,147,150,297
8989,225,188,413
8989,269,238,507
8989,176,193,369
8989,114,120,234
8989,131,150,281
8989,173,151,324
8989,187,187,374
8989,143,110,253
8989,186,160,346
8989,153,142,295
8989,134,119,253
8989,151,165,316
8989,210,203,413
8989,246,248,494
8989,255,243,498
8989,162,163,325
8989,184,178,362
8990,231,235,466
8990,129,117,246
8990,157,196,353
8990,181,160,341
8990,249,266,515
8990,171,179,350
8990,155,132,287
8990,112,114,226
8990,202,197,399
8990,125,118,243
8990,177,161,338
8990,150,148,298
8990,157,143,300
8990,157,143,300
8990,253,243,496
8990,157,196,353
8990,224,177,401
8990,136,140,276
8990,144,178,322
8990,128,140,268
8990,219,181,400
8990,144,137,281
8990,151,172,323
8990,142,139,281
8990,182,209,391
8990,171,179,350
8990,153,168,321
8990,130,119,249
8990,178,205,383
8990,131,145,276
8990,162,123,285
8990,114,117,231
8990,258,240,498
8990,218,202,420
8990,178,151,329
8990,176,166,342
8990,142,134,276
8990,135,109,244
8990,125,118,243
8991,144,143,287
8991,123,118,241
8991,155,170,325
8991,237,235,472
8991,173,179,352
8991,150,186,336
8991,184,167,351
8991,142,146,288
8991,186,161,347
8991,159,161,320
8991,109,108,217
8991,131,144,275
8991,132,109,241
8991,166,152,318
8991,151,141,292
8991,173,179,352
8991,177,150,327
8991,234,250,484
8991,131,120,251
8991,163,147,310
8991,144,142,286
8991,231,208,439
8991,191,176,367
8991,221,185,406
8991,145,141,286
8991,128,136,264
8991,137,158,295
8991,180,207,387
8991,145,135,280
8991,115,119,234
8991,128,115,243
8991,150,186,336
8991,136,138,274
8991,253,249,502
8991,214,173,387
8991,163,147,310
8991,251,242,493
8991,123,118,241
8991,207,213,420
8992,151,153,304
8992,235,258,493
8992,147,149,296
8992,143,144,287
8992,273,255,528
8992,234,196,430
8992,181,171,352
8992,149,184,333
8992,168,147,315
8992,134,110,244
8992,156,166,322
8992,244,239,483
8992,172,186,358
8992,176,149,325
8992,169,187,356
8992,149,184,333
8992,132,148,280
8992,116,117,233
8992,154,173,327
8992,162,145,307
8992,127,120,247
8992,214,172,386
8992,170,191,361
8992,168,147,315
8992,128,132,260
8992,172,127,299
8992,130,125,255
8992,108,105,213
8992,135,128,263
8992,249,236,485
8992,131,143,274
8992,160,152,312
8992,145,136,281
8992,135,120,255
8992,191,175,366
8992,213,203,416
8992,127,120,247
8992,169,187,356
8992,145,150,295
8993,153,141,294
8993,245,239,484
8993,131,131,262
8993,153,141,294
8993,169,184,353
8993,169,184,353
8993,133,124,257
8993,159,173,332
8993,182,150,332
8993,132,149,281
8993,186,158,344
8993,162,148,310
8993,142,135,277
8993,108,105,213
8993,153,155,308
8993,258,249,507
8993,136,130,266
8993,135,125,260
8993,128,131,259
8993,225,174,399
8993,170,161,331
8993,137,135,272
8993,233,260,493
8993,146,156,302
8993,219,205,424
8993,135,125,260
8993,176,199,375
8993,231,251,482
8993,152,163,315
8993,121,120,241
8993,143,169,312
8993,140,113,253
8993,157,148,305
8993,151,158,309
8993,159,173,332
8993,195,172,367
8993,170,175,345
8993,222,191,413
8993,144,142,286
8994,251,261,512
8994,139,125,264
8994,141,114,255
8994,166,174,340
8994,113,114,227
8994,135,127,262
8994,175,165,340
8994,168,148,316
8994,236,265,501
8994,164,154,318
8994,218,193,411
8994,168,179,347
8994,125,121,246
8994,156,172,328
8994,149,155,304
8994,131,147,278
8994,150,138,288
8994,165,172,337
8994,154,144,298
8994,161,146,307
8994,168,179,347
8994,157,171,328
8994,166,174,340
8994,159,148,307
8994,203,177,380
8994,168,172,340
8994,255,272,527
8994,221,206,427
8994,143,147,290
8994,161,170,331
8994,137,139,276
8994,137,151,288
8994,154,144,298
8994,131,144,275
8994,139,125,264
8994,252,239,491
8994,132,123,255
8994,162,180,342
8994,214,177,391
8995,138,143,281
8995,142,126,268
8995,158,157,315
8995,172,178,350
8995,169,180,349
8995,136,132,268
8995,149,154,303
8995,164,168,332
8995,224,206,430
8995,144,149,293
8995,142,126,268
8995,147,149,296
8995,162,136,298
8995,140,116,256
8995,159,187,346
8995,180,166,346
8995,221,178,399
8995,158,137,295
8995,187,154,341
8995,130,122,252
8995,234,253,487
8995,141,134,275
8995,251,258,509
8995,136,153,289
8995,165,146,311
8995,167,148,315
8995,130,142,272
8995,172,178,350
8995,168,186,354
8995,278,248,526
8995,165,146,311
8995,254,240,494
8995,224,194,418
8995,168,186,354
8995,132,124,256
8995,164,173,337
8995,118,126,244
8995,187,201,388
8995,169,150,319
8996,179,165,344
8996,165,148,313
8996,155,156,311
8996,160,193,353
8996,165,148,313
8996,170,183,353
8996,162,151,313
8996,137,132,269
8996,208,173,381
8996,130,119,249
8996,168,150,318
8996,133,129,262
8996,256,252,508
8996,145,138,283
8996,174,150,324
8996,155,135,290
8996,132,123,255
8996,164,155,319
8996,183,181,364
8996,145,149,294
8996,249,259,508
8996,210,217,427
8996,207,199,406
8996,180,185,365
8996,124,121,245
8996,242,234,476
8996,178,201,379
8996,236,252,488
8996,183,181,364
8996,132,123,255
8996,120,134,254
8996,133,148,281
8996,114,135,249
8996,176,184,360
8996,135,148,283
8996,166,181,347
8996,157,177,334
8996,176,184,360
8996,143,140,283
8997,164,148,312
8997,166,181,347
8997,138,146,284
8997,177,180,357
8997,177,180,357
8997,158,138,296
8997,153,146,299
8997,167,180,347
8997,155,172,327
8997,111,120,231
8997,117,126,243
8997,250,255,505
8997,135,124,259
8997,182,172,354
8997,142,170,312
8997,186,158,344
8997,153,145,298
8997,122,120,242
8997,141,143,284
8997,204,209,413
8997,267,246,513
8997,146,132,278
8997,157,134,291
8997,261,254,515
8997,203,186,389
8997,155,145,300
8997,155,145,300
8997,177,166,343
8997,254,239,493
8997,134,142,276
8997,215,180,395
8997,136,155,291
8997,139,133,272
8997,167,180,347
8997,170,184,354
8997,209,204,413
8997,135,121,256
8997,161,146,307
8997,135,124,259
8998,177,153,330
8998,137,125,262
8998,148,154,302
8998,109,111,220
8998,214,214,428
8998,182,171,353
8998,145,152,297
8998,168,150,318
8998,127,126,253
8998,185,188,373
8998,147,144,291
8998,129,124,253
8998,179,179,358
8998,205,207,412
8998,234,183,417
8998,156,134,290
8998,158,127,285
8998,135,145,280
8998,171,156,327
8998,168,150,318
8998,137,125,262
8998,119,127,246
8998,172,184,356
8998,250,236,486
8998,173,150,323
8998,181,155,336
8998,234,238,472
8998,185,188,373
8998,138,143,281
8998,155,167,322
8998,132,112,244
8998,193,169,362
8998,174,181,355
8998,136,154,290
8998,174,181,355
8998,254,265,519
8998,161,147,308
8998,250,257,507
8998,142,135,277
8999,132,126,258
8999,161,147,308
8999,277,253,530
8999,115,121,236
8999,262,288,550
8999,177,184,361
8999,148,135,283
8999,144,167,311
8999,145,144,289
8999,181,185,366
8999,157,144,301
8999,227,179,406
8999,157,144,301
8999,181,185,366
8999,192,160,352
8999,177,184,361
8999,182,180,362
8999,233,232,465
8999,244,262,506
8999,182,153,335
8999,138,153,291
8999,138,142,280
8999,149,129,278
8999,149,129,278
8999,144,174,318
8999,111,108,219
8999,136,123,259
8999,174,194,368
8999,174,154,328
8999,189,169,358
8999,215,214,429
8999,148,154,302
8999,150,154,304
8999,152,158,310
8999,123,126,249
8999,164,130,294
8999,177,184,361
8999,156,133,289
8999,213,218,431
9000,149,159,308
9000,167,187,354
9000,144,149,293
9000,148,137,285
9000,159,153,312
9000,172,186,358
9000,159,174,333
9000,256,246,502
9000,244,242,486
9000,284,267,551
9000,125,138,263
9000,141,146,287
9000,156,140,296
9000,134,122,256
9000,164,154,318
9000,156,157,313
9000,167,169,336
9000,156,157,313
9000,151,165,316
9000,213,211,424
9000,172,186,358
9000,163,130,293
9000,125,154,279
9000,152,159,311
9000,154,127,281
9000,163,147,310
9000,126,126,252
9000,226,181,407
9000,237,209,446
9000,231,230,461
9000,144,133,277
9000,192,182,374
9000,182,172,354
9000,149,132,281
9000,125,154,279
9000,109,110,219
9000,145,175,320
9000,168,180,348
9000,168,180,348
9001,180,201,381
9001,135,131,266
9001,157,140,297
9001,251,246,497
9001,112,125,237
9001,138,127,265
9001,228,234,462
9001,167,161,328
9001,155,129,284
9001,157,156,313
9001,167,180,347
9001,172,183,355
9001,139,128,267
9001,119,157,276
9001,195,183,378
9001,211,208,419
9001,155,155,310
9001,139,153,292
9001,157,156,313
9001,223,180,403
9001,121,130,251
9001,174,146,320
9001,167,180,347
9001,142,151,293
9001,253,261,514
9001,148,157,305
9001,185,153,338
9001,136,123,259
9001,153,163,316
9001,223,208,431
9001,171,194,365
9001,151,150,301
9001,173,185,358
9001,157,146,303
9001,180,201,381
9001,186,186,372
9001,246,251,497
9001,138,153,291
9001,136,123,259
9002,207,203,410
9002,115,127,242
9002,122,134,256
9002,173,159,332
9002,206,192,398
9002,145,156,301
9002,175,184,359
9002,248,260,508
9002,123,127,250
9002,176,151,327
9002,149,127,276
9002,258,248,506
9002,170,180,350
9002,163,142,305
9002,180,179,359
9002,157,128,285
9002,170,195,365
9002,211,218,429
9002,252,234,486
9002,149,127,276
9002,158,156,314
9002,200,165,365
9002,277,265,542
9002,159,142,301
9002,162,157,319
9002,175,184,359
9002,165,158,323
9002,184,216,400
9002,161,146,307
9002,139,130,269
9002,169,154,323
9002,137,134,271
9002,156,125,281
9002,145,132,277
9002,184,216,400
9002,218,182,400
9002,158,156,314
9002,140,158,298
9002,160,153,313
9003,160,143,303
9003,148,131,279
9003,130,125,255
9003,127,149,276
9003,156,146,302
9003,160,127,287
9003,114,125,239
9003,175,182,357
9003,146,160,306
9003,231,228,459
9003,156,150,306
9003,135,129,264
9003,141,131,272
9003,170,175,345
9003,208,179,387
9003,165,149,314
9003,148,180,328
9003,178,183,361
9003,142,145,287
9003,167,164,331
9003,151,129,280
9003,164,153,317
9003,151,153,304
9003,218,225,443
9003,164,180,344
9003,251,259,510
9003,175,182,357
9003,193,163,356
9003,261,252,513
9003,228,191,419
9003,168,153,321
9003,127,149,276
9003,156,153,309
9003,156,153,309
9003,204,194,398
9003,121,127,248
9003,180,209,389
9003,258,283,541
9004,142,131,273
9004,139,116,255
9004,155,156,311
9004,157,208,365
9004,163,138,301
9004,184,198,382
9004,114,124,238
9004,172,162,334
9004,164,163,327
9004,176,152,328
9004,262,289,551
9004,126,123,249
9004,127,151,278
9004,221,181,402
9004,158,136,294
9004,156,148,304
9004,148,141,289
9004,171,147,318
9004,157,208,365
9004,253,269,522
9004,168,149,317
9004,118,118,236
9004,207,197,404
9004,157,129,286
9004,154,125,279
9004,162,149,311
9004,163,146,309
9004,174,193,367
9004,252,234,486
9004,266,253,519
9004,127,151,278
9004,141,139,280
9004,171,181,352
9004,155,166,321
9004,179,185,364
9004,162,149,311
9004,212,214,426
9004,159,146,305
9005,160,141,301
9005,123,142,265
9005,209,205,414
9005,188,206,394
9005,168,173,341
9005,197,166,363
9005,255,271,526
9005,164,131,295
9005,170,161,331
9005,222,208,430
9005,160,173,333
9005,250,247,497
9005,154,199,353
9005,259,261,520
9005,162,151,313
9005,152,144,296
9005,210,177,387
9005,132,114,246
9005,143,173,316
9005,208,181,389
9005,137,131,268
9005,123,142,265
9005,173,191,364
9005,234,229,463
9005,145,151,296
9005,160,127,287
9005,151,162,313
9005,109,114,223
9005,162,138,300
9005,162,151,313
9005,125,127,252
9005,170,151,321
9005,165,135,300
9005,167,151,318
9005,170,193,363
9005,144,148,292
9005,119,114,233
9005,154,199,353
9006,209,207,416
9006,130,119,249
9006,134,137,271
9006,172,181,353
9006,163,174,337
9006,153,190,343
9006,155,128,283
9006,109,110,219
9006,165,186,351
9006,172,152,324
9006,257,246,503
9006,214,208,422
9006,273,244,517
9006,161,141,302
9006,114,110,224
9006,172,152,324
9006,146,154,300
9006,145,167,312
9006,176,189,365
9006,176,153,329
9006,153,190,343
9006,222,222,444
9006,138,155,293
9006,186,186,372
9006,125,145,270
9006,125,145,270
9006,160,187,347
9006,206,170,376
9006,266,286,552
9006,164,138,302
9006,189,208,397
9006,149,173,322
9006,168,136,304
9006,159,150,309
9006,150,156,306
9006,208,206,414
9006,140,131,271
9006,131,126,257
9007,180,208,388
9007,229,181,410
9007,186,186,372
9007,125,141,266
9007,115,106,221
9007,162,137,299
9007,110,110,220
9007,227,211,438
9007,172,182,354
9007,206,196,402
9007,171,162,333
9007,147,153,300
9007,185,193,378
9007,138,130,268
9007,229,240,469
9007,150,152,302
9007,186,186,372
9007,126,133,259
9007,163,138,301
9007,138,154,292
9007,125,141,266
9007,165,148,313
9007,275,273,548
9007,151,167,318
9007,183,179,362
9007,158,158,316
9007,191,164,355
9007,146,163,309
9007,165,159,324
9007,239,252,491
9007,146,127,273
9007,157,129,286
9007,191,164,355
9007,134,138,272
9007,176,190,366
9007,132,119,251
9007,137,149,286
9007,249,242,491
9008,234,259,493
9008,190,164,354
9008,184,181,365
9008,124,140,264
9008,202,193,395
9008,228,209,437
9008,169,180,349
9008,159,157,316
9008,122,105,227
9008,151,171,322
9008,161,137,298
9008,143,157,300
9008,190,164,354
9008,253,263,516
9008,186,195,381
9008,151,153,304
9008,227,190,417
9008,153,130,283
9008,133,121,254
9008,227,182,409
9008,206,183,389
9008,134,138,272
9008,169,180,349
9008,185,165,350
9008,139,156,295
9008,160,155,315
9008,184,167,351
9008,205,169,374
9008,171,142,313
9008,124,140,264
9008,141,153,294
9008,157,137,294
9008,135,156,291
9008,151,165,316
9008,129,126,255
9008,116,133,249
9008,284,274,558
9008,245,263,508
9009,209,212,421
9009,143,152,295
9009,173,174,347
9009,138,157,295
9009,196,181,377
9009,153,159,312
9009,126,109,235
9009,134,137,271
9009,173,189,362
9009,167,145,312
9009,226,235,461
9009,178,187,365
9009,157,134,291
9009,217,214,431
9009,140,140,280
9009,181,167,348
9009,147,160,307
9009,116,132,248
9009,172,145,317
9009,255,245,500
9009,162,159,321
9009,149,126,275
9009,189,165,354
9009,273,271,544
9009,189,197,386
9009,121,126,247
9009,121,133,254
9009,178,187,365
9009,189,198,387
9009,135,127,262
9009,194,192,386
9009,189,165,354
9009,247,244,491
9009,167,139,306
9009,121,133,254
9009,157,167,324
9009,203,189,392
9009,163,158,321
9010,174,146,320
9010,153,150,303
9010,135,142,277
9010,163,165,328
9010,117,119,236
9010,174,160,334
9010,180,187,367
9010,126,127,253
9010,172,183,355
9010,172,183,355
9010,220,187,407
9010,138,116,254
9010,192,209,401
9010,172,164,336
9010,249,247,496
9010,148,143,291
9010,136,137,273
9010,154,150,304
9010,203,183,386
9010,183,168,351
9010,147,167,314
9010,168,133,301
9010,232,190,422
9010,174,160,334
9010,219,220,439
9010,175,171,346
9010,184,165,349
9010,281,254,535
9010,157,128,285
9010,148,157,305
9010,264,270,534
9010,208,173,381
9010,159,132,291
9010,117,119,236
9010,141,168,309
9010,266,231,497
9010,138,131,269
9010,115,127,242
9011,170,180,350
9011,147,168,315
9011,153,143,296
9011,187,160,347
9011,164,159,323
9011,204,181,385
9011,249,261,510
9011,115,125,240
9011,178,134,312
9011,187,192,379
9011,151,164,315
9011,140,143,283
9011,164,183,347
9011,138,116,254
9011,170,180,350
9011,152,151,303
9011,166,163,329
9011,123,127,250
9011,168,159,327
9011,203,181,384
9011,149,135,284
9011,160,128,288
9011,185,178,363
9011,168,159,327
9011,271,299,570
9011,143,154,297
9011,138,161,299
9011,112,118,230
9011,260,247,507
9011,222,219,441
9011,249,232,481
9011,177,195,372
9011,142,125,267
9011,172,155,327
9011,212,184,396
9011,171,195,366
9011,139,156,295
9011,115,125,240
9012,226,204,430
9012,161,164,325
9012,173,136,309
9012,182,186,368
9012,152,165,317
9012,162,153,315
9012,256,244,500
9012,116,131,247
9012,176,182,358
9012,143,148,291
9012,162,182,344
9012,229,191,420
9012,161,164,325
9012,143,164,307
9012,154,127,281
9012,138,145,283
9012,138,121,259
9012,140,139,279
9012,174,192,366
9012,155,138,293
9012,181,176,357
9012,158,127,285
9012,226,224,450
9012,263,282,545
9012,114,119,233
9012,116,131,247
9012,172,180,352
9012,111,122,233
9012,150,180,330
9012,201,175,376
9012,189,159,348
9012,253,281,534
9012,183,177,360
9012,166,189,355
9012,176,182,358
9012,183,154,337
9012,143,120,263
9012,150,151,301
9013,273,274,547
9013,153,167,320
9013,162,157,319
9013,249,259,508
9013,116,129,245
9013,143,140,283
9013,165,131,296
9013,215,204,419
9013,149,137,286
9013,227,244,471
9013,180,151,331
9013,116,129,245
9013,178,155,333
9013,153,150,303
9013,219,190,409
9013,162,173,335
9013,162,173,335
9013,168,175,343
9013,174,140,314
9013,143,151,294
9013,200,167,367
9013,218,216,434
9013,158,166,324
9013,131,124,255
9013,143,156,299
9013,163,129,292
9013,115,134,249
9013,139,155,294
9013,113,122,235
9013,183,180,363
9013,163,170,333
9013,186,187,373
9013,257,281,538
9013,198,185,383
9013,200,167,367
9013,214,172,386
9013,152,152,304
9013,122,141,263
9014,278,267,545
9014,114,121,235
9014,171,195,366
9014,163,176,339
9014,163,176,339
9014,160,172,332
9014,148,175,323
9014,188,189,377
9014,159,151,310
9014,214,205,419
9014,203,184,387
9014,122,143,265
9014,213,176,389
9014,147,149,296
9014,147,155,302
9014,297,284,581
9014,118,129,247
9014,173,190,363
9014,142,150,292
9014,172,156,328
9014,120,114,234
9014,194,161,355
9014,134,139,273
9014,154,129,283
9014,163,160,323
9014,147,136,283
9014,237,263,500
9014,159,152,311
9014,183,155,338
9014,152,125,277
9014,118,129,247
9014,223,241,464
9014,244,258,502
9014,173,190,363
9014,137,152,289
9014,182,178,360
9014,149,165,314
9014,166,131,297
9015,141,137,278
9015,174,200,374
9015,153,146,299
9015,150,159,309
9015,237,222,459
9015,218,221,439
9015,160,169,329
9015,243,205,448
9015,161,153,314
9015,151,137,288
9015,170,179,349
9015,164,127,291
9015,140,134,274
9015,185,139,324
9015,187,168,355
9015,240,244,484
9015,163,173,336
9015,115,114,229
9015,177,188,365
9015,177,188,365
9015,173,133,306
9015,145,118,263
9015,282,272,554
9015,185,183,368
9015,141,143,284
9015,113,126,239
9015,167,187,354
9015,124,131,255
9015,182,176,358
9015,223,181,404
9015,130,131,261
9015,113,126,239
9015,128,117,245
9015,149,150,299
9015,269,264,533
9015,149,158,307
9015,174,194,368
9015,174,194,368
10081,163,190,353
10081,184,152,336
10081,168,145,313
10081,157,152,309
10081,137,130,267
10081,185,175,360
10081,295,259,554
10081,172,191,363
10081,141,107,248
10081,177,218,395
10081,184,152,336
10081,152,171,323
10081,262,273,535
10081,152,114,266
10081,172,191,363
10081,162,173,335
10081,233,218,451
10081,242,199,441
10081,160,166,326
10081,146,144,290
10081,163,124,287
10081,171,137,308
10081,177,168,345
10081,203,206,409
10081,157,152,309
10081,170,152,322
10081,235,263,498
10081,168,175,343
10081,153,149,302
10081,234,192,426
10081,157,179,336
10081,194,198,392
10081,152,146,298
10081,139,146,285
10081,158,130,288
10081,191,148,339
10081,372,381,753
10081,180,217,397
10082,179,220,399
10082,171,179,350
10082,161,171,332
10082,157,115,272
10082,174,167,341
10082,174,187,361
10082,203,204,407
10082,133,143,276
10082,159,164,323
10082,157,154,311
10082,233,214,447
10082,192,161,353
10082,238,195,433
10082,369,361,730
10082,152,125,277
10082,266,275,541
10082,186,147,333
10082,158,117,275
10082,174,187,361
10082,137,128,265
10082,207,190,397
10082,147,141,288
10082,201,195,396
10082,160,139,299
10082,199,217,416
10082,168,142,310
10082,156,170,326
10082,192,161,353
10082,149,146,295
10082,277,245,522
10082,159,153,312
10082,245,259,504
10082,157,182,339
10082,159,153,312
10082,171,154,325
10082,141,116,257
10082,186,152,338
10082,187,182,369
10083,236,195,431
10083,163,118,281
10083,159,166,325
10083,153,127,280
10083,163,141,304
10083,201,203,404
10083,162,161,323
10083,118,136,254
10083,138,130,268
10083,190,227,417
10083,361,344,705
10083,207,191,398
10083,184,185,369
10083,199,191,390
10083,219,190,409
10083,182,143,325
10083,146,143,289
10083,188,157,345
10083,232,213,445
10083,267,239,506
10083,171,160,331
10083,164,141,305
10083,153,167,320
10083,176,168,344
10083,269,279,548
10083,160,179,339
10083,133,176,309
10083,137,145,282
10083,188,157,345
10083,240,256,496
10083,133,176,309
10083,182,147,329
10083,152,152,304
10083,159,150,309
10083,166,172,338
10083,186,196,382
10083,186,196,382
10083,139,115,254
10084,145,143,288
10084,186,157,343
10084,163,143,306
10084,153,168,321
10084,184,144,328
10084,219,186,405
10084,364,343,707
10084,184,190,374
10084,186,157,343
10084,158,129,287
10084,207,205,412
10084,153,151,304
10084,133,178,311
10084,192,199,391
10084,133,178,311
10084,159,167,326
10084,159,162,321
10084,247,197,444
10084,168,169,337
10084,270,279,549
10084,161,154,315
10084,134,144,278
10084,265,238,503
10084,192,199,391
10084,169,160,329
10084,122,140,262
10084,165,165,330
10084,158,143,301
10084,227,213,440
10084,197,187,384
10084,160,177,337
10084,191,225,416
10084,176,149,325
10084,137,114,251
10084,235,236,471
10084,136,126,262
10084,163,115,278
10084,203,189,392
10085,162,112,274
10085,136,179,315
10085,185,145,330
10085,183,154,337
10085,172,149,321
10085,134,114,248
10085,270,285,555
10085,171,161,332
10085,132,142,274
10085,118,136,254
10085,352,335,687
10085,165,176,341
10085,192,222,414
10085,136,179,315
10085,212,208,420
10085,166,219,385
10085,153,173,326
10085,144,132,276
10085,228,190,418
10085,227,212,439
10085,168,166,334
10085,186,190,376
10085,214,210,424
10085,166,219,385
10085,168,169,337
10085,240,233,473
10085,159,159,318
10085,205,191,396
10085,162,140,302
10085,143,141,284
10085,161,142,303
10085,150,149,299
10085,159,130,289
10085,196,184,380
10085,264,241,505
10085,183,154,337
10085,159,155,314
10085,184,143,327
10086,258,242,500
10086,182,149,331
10086,187,189,376
10086,212,202,414
10086,182,141,323
10086,159,209,368
10086,174,169,343
10086,211,209,420
10086,364,350,714
10086,159,209,368
10086,166,166,332
10086,136,179,315
10086,158,150,308
10086,161,148,309
10086,196,182,378
10086,190,221,411
10086,142,136,278
10086,162,139,301
10086,117,136,253
10086,156,150,306
10086,206,190,396
10086,136,119,255
10086,153,165,318
10086,185,154,339
10086,161,114,275
10086,272,282,554
10086,146,138,284
10086,161,130,291
10086,133,142,275
10086,172,168,340
10086,260,241,501
10086,163,150,313
10086,169,175,344
10086,185,154,339
10086,239,192,431
10086,231,216,447
10086,136,179,315
10086,180,142,322
10087,159,157,316
10087,261,242,503
10087,228,217,445
10087,154,144,298
10087,207,191,398
10087,163,142,305
10087,185,154,339
10087,153,204,357
10087,135,140,275
10087,160,140,300
10087,173,140,313
10087,181,143,324
10087,171,164,335
10087,214,168,382
10087,149,139,288
10087,159,150,309
10087,172,169,341
10087,136,176,312
10087,206,210,416
10087,360,339,699
10087,219,213,432
10087,197,186,383
10087,153,204,357
10087,168,132,300
10087,136,176,312
10087,266,258,524
10087,174,166,340
10087,185,145,330
10087,211,199,410
10087,141,133,274
10087,164,167,331
10087,122,143,265
10087,183,219,402
10087,139,125,264
10087,185,154,339
10087,266,242,508
10087,164,113,277
10087,180,175,355
10088,135,139,274
10088,230,217,447
10088,235,190,425
10088,224,211,435
10088,190,156,346
10088,267,253,520
10088,190,156,346
10088,271,238,509
10088,158,210,368
10088,171,166,337
10088,159,141,300
10088,165,149,314
10088,181,144,325
10088,151,138,289
10088,204,185,389
10088,163,144,307
10088,137,129,266
10088,165,129,294
10088,168,165,333
10088,171,127,298
10088,172,170,342
10088,265,256,521
10088,179,167,346
10088,136,180,316
10088,123,146,269
10088,185,173,358
10088,197,187,384
10088,209,189,398
10088,136,180,316
10088,356,335,691
10088,201,165,366
10088,142,136,278
10088,179,141,320
10088,176,217,393
10088,152,150,302
10088,182,147,329
10088,161,162,323
10088,158,210,368
10089,201,168,369
10089,161,143,304
10089,154,138,292
10089,204,241,445
10089,120,141,261
10089,176,220,396
10089,173,166,339
10089,139,136,275
10089,190,152,342
10089,357,339,696
10089,136,140,276
10089,197,182,379
10089,159,161,320
10089,190,152,342
10089,263,261,524
10089,171,126,297
10089,168,147,315
10089,140,137,277
10089,154,203,357
10089,183,143,326
10089,154,203,357
10089,199,189,388
10089,208,185,393
10089,171,167,338
10089,155,155,310
10089,159,159,318
10089,183,146,329
10089,165,129,294
10089,234,194,428
10089,150,149,299
10089,216,209,425
10089,268,235,503
10089,182,177,359
10089,186,151,337
10089,168,157,325
10089,155,155,310
10089,186,169,355
10089,271,267,538
10090,264,266,530
10090,138,144,282
10090,160,171,331
10090,141,136,277
10090,171,130,301
10090,163,163,326
10090,148,157,305
10090,210,187,397
10090,353,324,677
10090,195,182,377
10090,154,199,353
10090,159,153,312
10090,159,153,312
10090,125,148,273
10090,188,167,355
10090,166,180,346
10090,202,194,396
10090,167,115,282
10090,202,151,353
10090,155,137,292
10090,263,257,520
10090,191,155,346
10090,265,233,498
10090,208,205,413
10090,149,133,282
10090,201,215,416
10090,185,241,426
10090,173,141,314
10090,169,168,337
10090,191,155,346
10090,221,206,427
10090,141,144,285
10090,195,179,374
10090,191,160,351
10090,178,147,325
10090,186,144,330
10090,177,173,350
10090,154,199,353
10091,161,185,346
10091,259,259,518
10091,176,175,351
10091,152,137,289
10091,169,124,293
10091,209,187,396
10091,193,179,372
10091,166,144,310
10091,148,154,302
10091,139,137,276
10091,202,152,354
10091,180,146,326
10091,155,193,348
10091,193,171,364
10091,198,187,385
10091,257,249,506
10091,249,264,513
10091,191,158,349
10091,193,179,372
10091,155,193,348
10091,209,209,418
10091,222,190,412
10091,172,167,339
10091,203,167,370
10091,191,158,349
10091,174,139,313
10091,191,150,341
10091,229,212,441
10091,351,330,681
10091,164,152,316
10091,120,144,264
10091,195,180,375
10091,164,152,316
10091,135,141,276
10091,187,146,333
10091,142,150,292
10091,142,138,280
10091,186,246,432
10091,157,162,319
10092,151,135,286
10092,196,168,364
10092,139,135,274
10092,176,179,355
10092,186,175,361
10092,134,141,275
10092,200,153,353
10092,186,175,361
10092,166,167,333
10092,175,139,314
10092,142,149,291
10092,158,153,311
10092,157,204,361
10092,149,151,300
10092,169,196,365
10092,149,151,300
10092,190,169,359
10092,175,144,319
10092,167,139,306
10092,256,248,504
10092,149,152,301
10092,190,149,339
10092,177,144,321
10092,148,139,287
10092,212,211,423
10092,217,187,404
10092,216,209,425
10092,158,180,338
10092,120,146,266
10092,354,340,694
10092,178,241,419
10092,157,204,361
10092,204,167,371
10092,141,137,278
10092,250,262,512
10092,209,189,398
10092,196,168,364
10092,204,202,406
10092,272,264,536
10093,149,153,302
10093,210,186,396
10093,197,231,428
10093,133,138,271
10093,152,133,285
10093,260,262,522
10093,210,182,392
10093,183,147,330
10093,136,137,273
10093,239,240,479
10093,153,193,346
10093,173,166,339
10093,136,149,285
10093,203,206,409
10093,153,193,346
10093,181,192,373
10093,175,138,313
10093,141,150,291
10093,149,153,302
10093,166,131,297
10093,121,148,269
10093,163,146,309
10093,170,166,336
10093,187,174,361
10093,154,143,297
10093,201,196,397
10093,187,174,361
10093,362,331,693
10093,139,138,277
10093,164,186,350
10093,178,177,355
10093,195,168,363
10093,149,140,289
10093,203,174,377
10093,155,181,336
10093,267,241,508
10093,195,168,363
10093,177,243,420
10093,174,143,317
10094,180,174,354
10094,211,207,418
10094,145,152,297
10094,203,173,376
10094,197,150,347
10094,205,180,385
10094,140,148,288
10094,145,152,297
10094,175,169,344
10094,135,146,281
10094,149,133,282
10094,152,190,342
10094,139,142,281
10094,163,182,345
10094,172,138,310
10094,205,206,411
10094,257,265,522
10094,125,158,283
10094,272,238,510
10094,192,161,353
10094,157,142,299
10094,162,125,287
10094,179,241,420
10094,194,223,417
10094,139,132,271
10094,162,169,331
10094,377,336,713
10094,166,146,312
10094,152,190,342
10094,192,161,353
10094,134,135,269
10094,212,173,385
10094,265,238,503
10094,154,157,311
10094,181,171,352
10094,180,174,354
10094,211,187,398
10094,162,149,311
10094,169,144,313
10095,194,225,419
10095,150,153,303
10095,151,141,292
10095,146,150,296
10095,179,172,351
10095,180,160,340
10095,176,147,323
10095,261,252,513
10095,123,154,277
10095,175,153,328
10095,245,255,500
10095,164,182,346
10095,150,153,303
10095,191,157,348
10095,150,140,290
10095,140,133,273
10095,140,133,273
10095,153,186,339
10095,161,171,332
10095,339,333,672
10095,135,133,268
10095,262,235,497
10095,179,172,351
10095,212,172,384
10095,213,183,396
10095,191,169,360
10095,156,159,315
10095,191,157,348
10095,178,172,350
10095,168,115,283
10095,172,166,338
10095,206,180,386
10095,153,186,339
10095,135,144,279
10095,149,131,280
10095,203,197,400
10095,225,209,434
10095,209,228,437
10095,176,140,316
10095,147,151,298
10096,181,167,348
10096,155,188,343
10096,158,149,307
10096,193,220,413
10096,177,150,327
10096,259,235,494
10096,167,168,335
10096,201,192,393
10096,163,175,338
10096,178,172,350
10096,249,243,492
10096,198,179,377
10096,207,204,411
10096,186,150,336
10096,174,170,344
10096,137,130,267
10096,210,184,394
10096,168,123,291
10096,182,187,369
10096,134,129,263
10096,335,323,658
10096,154,164,318
10096,137,130,267
10096,147,140,287
10096,186,150,336
10096,178,172,350
10096,135,146,281
10096,245,240,485
10096,171,138,309
10096,173,137,310
10096,138,147,285
10096,146,142,288
10096,149,132,281
10096,155,188,343
10096,191,226,417
10096,151,154,305
10096,179,147,326
10096,151,154,305
10096,188,169,357
10096,122,151,273
10097,190,220,410
10097,188,204,392
10097,181,183,364
10097,132,139,271
10097,150,132,282
10097,134,127,261
10097,171,164,335
10097,181,183,364
10097,261,237,498
10097,124,160,284
10097,205,206,411
10097,185,144,329
10097,159,156,315
10097,174,168,342
10097,140,150,290
10097,159,156,315
10097,242,228,470
10097,155,188,343
10097,135,150,285
10097,176,140,316
10097,161,144,305
10097,205,179,384
10097,185,144,329
10097,179,179,358
10097,212,185,397
10097,135,133,268
10097,339,320,659
10097,180,177,357
10097,162,144,306
10097,199,223,422
10097,180,147,327
10097,134,127,261
10097,161,145,306
10097,155,188,343
10097,260,283,543
10097,166,180,346
10097,177,164,341
10097,169,172,341
10097,165,150,315
10097,169,126,295
10098,200,174,374
10098,160,167,327
10098,201,199,400
10098,188,144,332
10098,170,167,337
10098,135,125,260
10098,175,166,341
10098,176,143,319
10098,226,190,416
10098,164,149,313
10098,135,134,269
10098,358,320,678
10098,183,188,371
10098,172,175,347
10098,165,197,362
10098,163,144,307
10098,258,235,493
10098,197,208,405
10098,159,189,348
10098,128,131,259
10098,255,271,526
10098,188,202,390
10098,242,226,468
10098,123,152,275
10098,162,144,306
10098,157,184,341
10098,188,144,332
10098,138,146,284
10098,183,141,324
10098,180,148,328
10098,184,217,401
10098,158,157,315
10098,183,188,371
10098,159,189,348
10098,170,164,334
10098,135,125,260
10098,135,147,282
10098,155,169,324
10098,150,133,283
10098,158,157,315
10099,188,148,336
10099,142,131,273
10099,155,164,319
10099,254,259,513
10099,350,317,667
10099,154,149,303
10099,179,179,358
10099,184,194,378
10099,132,122,254
10099,156,162,318
10099,140,141,281
10099,138,152,290
10099,263,258,521
10099,160,165,325
10099,188,145,333
10099,190,201,391
10099,170,167,337
10099,185,148,333
10099,128,133,261
10099,181,141,322
10099,197,201,398
10099,170,196,366
10099,184,194,378
10099,132,122,254
10099,140,139,279
10099,155,155,310
10099,173,181,354
10099,124,154,278
10099,203,190,393
10099,155,155,310
10099,167,188,355
10099,227,189,416
10099,199,223,422
10099,206,212,418
10099,188,145,333
10099,172,147,319
10099,170,172,342
10099,176,146,322
10099,257,234,491
10099,167,188,355
10100,165,180,345
10100,188,205,393
10100,185,147,332
10100,189,149,338
10100,255,270,525
10100,128,128,256
10100,156,174,330
10100,170,165,335
10100,164,165,329
10100,162,149,311
10100,188,205,393
10100,155,186,341
10100,255,238,493
10100,231,198,429
10100,182,254,436
10100,128,163,291
10100,132,133,265
10100,140,132,272
10100,132,133,265
10100,157,170,327
10100,137,126,263
10100,135,150,285
10100,191,150,341
10100,197,195,392
10100,191,150,341
10100,169,196,365
10100,225,187,412
10100,180,139,319
10100,155,186,341
10100,176,147,323
10100,206,176,382
10100,296,277,573
10100,203,178,381
10100,346,322,668
10100,146,152,298
10100,146,152,298
10100,204,127,331
10100,186,204,390
10100,170,176,346
10100,141,145,286
10101,260,241,501
10101,181,147,328
10101,185,143,328
10101,206,231,437
10101,127,160,287
10101,223,187,410
10101,212,183,395
10101,145,151,296
10101,223,198,421
10101,191,179,370
10101,188,177,365
10101,342,311,653
10101,138,125,263
10101,185,143,328
10101,175,152,327
10101,202,196,398
10101,173,163,336
10101,269,292,561
10101,165,134,299
10101,163,172,335
10101,166,193,359
10101,176,146,322
10101,254,259,513
10101,145,151,296
10101,165,159,324
10101,166,193,359
10101,199,167,366
10101,167,165,332
10101,215,178,393
10101,175,151,326
10101,186,204,390
10101,156,176,332
10101,140,150,290
10101,131,126,257
10101,153,136,289
10101,215,178,393
10101,140,145,285
10101,131,126,257
10101,155,168,323
10101,127,124,251
10102,194,174,368
10102,136,155,291
10102,203,198,401
10102,154,133,287
10102,267,252,519
10102,151,134,285
10102,168,194,362
10102,137,149,286
10102,174,154,328
10102,160,166,326
10102,276,242,518
10102,168,194,362
10102,137,125,262
10102,194,174,368
10102,189,146,335
10102,133,131,264
10102,162,151,313
10102,174,185,359
10102,183,147,330
10102,137,149,286
10102,157,173,330
10102,264,280,544
10102,223,194,417
10102,129,123,252
10102,170,185,355
10102,133,131,264
10102,222,189,411
10102,130,166,296
10102,226,188,414
10102,190,155,345
10102,160,143,303
10102,190,155,345
10102,187,176,363
10102,185,200,385
10102,206,232,438
10102,352,327,679
10102,190,169,359
10102,157,169,326
10102,142,146,288
10102,175,174,349
10103,139,144,283
10103,279,248,527
10103,143,177,320
10103,127,122,249
10103,227,190,417
10103,162,168,330
10103,195,176,371
10103,215,202,417
10103,187,148,335
10103,265,280,545
10103,216,186,402
10103,177,181,358
10103,169,138,307
10103,136,149,285
10103,182,147,329
10103,136,123,259
10103,182,147,329
10103,184,198,382
10103,142,130,272
10103,175,147,322
10103,176,175,351
10103,160,173,333
10103,173,198,371
10103,174,152,326
10103,352,323,675
10103,184,167,351
10103,181,176,357
10103,136,149,285
10103,155,164,319
10103,268,256,524
10103,176,248,424
10103,164,170,334
10103,151,138,289
10103,225,198,423
10103,134,135,269
10103,158,166,324
10103,173,198,371
10103,164,156,320
10103,195,176,371
10103,134,135,269
10104,207,179,386
10104,141,166,307
10104,138,125,263
10104,179,247,426
10104,136,127,263
10104,162,184,346
10104,152,220,372
10104,185,174,359
10104,141,148,289
10104,127,146,273
10104,158,169,327
10104,187,129,316
10104,263,272,535
10104,184,143,327
10104,152,220,372
10104,218,199,417
10104,213,201,414
10104,273,267,540
10104,338,320,658
10104,174,160,334
10104,170,174,344
10104,166,135,301
10104,160,171,331
10104,197,171,368
10104,207,179,386
10104,232,190,422
10104,139,143,282
10104,263,241,504
10104,238,193,431
10104,169,163,332
10104,159,159,318
10104,184,143,327
10104,129,127,256
10104,127,146,273
10104,176,180,356
10104,190,207,397
10104,139,143,282
10104,185,148,333
10104,168,179,347
10104,139,134,273
10105,222,194,416
10105,135,151,286
10105,179,150,329
10105,217,199,416
10105,187,153,340
10105,225,193,418
10105,174,146,320
10105,178,177,355
10105,127,119,246
10105,129,145,274
10105,342,343,685
10105,204,228,432
10105,187,153,340
10105,127,129,256
10105,131,127,258
10105,169,132,301
10105,192,210,402
10105,139,149,288
10105,177,139,316
10105,188,180,368
10105,264,275,539
10105,221,187,408
10105,170,192,362
10105,297,248,545
10105,152,218,370
10105,129,145,274
10105,138,125,263
10105,168,160,328
10105,163,188,351
10105,158,162,320
10105,164,167,331
10105,152,218,370
10105,189,205,394
10105,168,147,315
10105,163,183,346
10105,189,205,394
10105,139,149,288
10105,269,245,514
10105,172,166,338
10105,186,165,351
10106,135,133,268
10106,150,220,370
10106,169,182,351
10106,178,194,372
10106,140,130,270
10106,144,156,300
10106,124,127,251
10106,182,149,331
10106,158,122,280
10106,164,190,354
10106,160,169,329
10106,166,146,312
10106,332,339,671
10106,164,155,319
10106,189,154,343
10106,193,179,372
10106,127,146,273
10106,162,160,322
10106,175,238,413
10106,170,142,312
10106,139,150,289
10106,271,239,510
10106,202,194,396
10106,175,166,341
10106,210,213,423
10106,158,122,280
10106,187,196,383
10106,214,190,404
10106,179,172,351
10106,187,196,383
10106,150,220,370
10106,260,241,501
10106,160,163,323
10106,190,208,398
10106,267,267,534
10106,130,121,251
10106,182,206,388
10106,228,186,414
10106,189,154,343
10106,127,146,273
10107,137,140,277
10107,166,173,339
10107,165,154,319
10107,227,184,411
10107,163,171,334
10107,180,168,348
10107,202,183,385
10107,192,165,357
10107,129,116,245
10107,240,192,432
10107,188,168,356
10107,167,201,368
10107,195,203,398
10107,162,159,321
10107,270,258,528
10107,201,194,395
10107,137,153,290
10107,202,183,385
10107,199,127,326
10107,206,206,412
10107,192,165,357
10107,148,209,357
10107,253,241,494
10107,177,195,372
10107,128,151,279
10107,165,178,343
10107,157,171,328
10107,148,209,357
10107,169,172,341
10107,123,127,250
10107,170,144,314
10107,128,151,279
10107,172,218,390
10107,159,123,282
10107,159,123,282
10107,137,127,264
10107,165,130,295
10107,337,341,678
10107,263,283,546
10107,167,173,340
10108,274,269,543
10108,271,244,515
10108,135,162,297
10108,158,172,330
10108,161,161,322
10108,219,196,415
10108,169,200,369
10108,272,264,536
10108,216,202,418
10108,173,211,384
10108,126,135,261
10108,163,167,330
10108,159,123,282
10108,232,196,428
10108,210,186,396
10108,210,186,396
10108,165,194,359
10108,183,121,304
10108,138,154,292
10108,168,132,300
10108,191,202,393
10108,133,121,254
10108,159,123,282
10108,158,176,334
10108,162,176,338
10108,190,196,386
10108,196,179,375
10108,184,149,333
10108,202,177,379
10108,160,141,301
10108,136,134,270
10108,177,194,371
10108,160,156,316
10108,135,162,297
10108,141,129,270
10108,190,166,356
10108,184,149,333
10108,155,140,295
10108,169,200,369
10108,332,327,659
10109,134,124,258
10109,182,171,353
10109,160,177,337
10109,138,145,283
10109,138,145,283
10109,158,172,330
10109,174,162,336
10109,176,184,360
10109,140,134,274
10109,177,171,348
10109,128,149,277
10109,126,135,261
10109,128,149,277
10109,197,202,399
10109,237,207,444
10109,166,205,371
10109,195,193,388
10109,183,117,300
10109,162,181,343
10109,162,158,320
10109,235,197,432
10109,139,119,258
10109,149,224,373
10109,257,267,524
10109,185,174,359
10109,266,241,507
10109,177,149,326
10109,159,159,318
10109,173,211,384
10109,187,152,339
10109,322,316,638
10109,221,184,405
10109,142,164,306
10109,166,187,353
10109,187,152,339
10109,155,158,313
10109,149,224,373
10109,183,209,392
10109,183,209,392
10109,170,132,302
10109,259,264,523
10110,184,151,335
10110,130,144,274
10110,178,151,329
10110,184,183,367
10110,164,191,355
10110,170,165,335
10110,175,130,305
10110,289,246,535
10110,130,144,274
10110,186,172,358
10110,131,142,273
10110,262,238,500
10110,184,151,335
10110,138,132,270
10110,148,144,292
10110,143,208,351
10110,166,157,323
10110,157,175,332
10110,139,144,283
10110,183,117,300
10110,208,196,404
10110,179,190,369
10110,175,179,354
10110,232,203,435
10110,139,144,283
10110,328,339,667
10110,181,232,413
10110,143,208,351
10110,179,190,369
10110,138,123,261
10110,275,271,546
10110,141,155,296
10110,177,191,368
10110,160,169,329
10110,205,199,404
10110,190,200,390
10110,154,148,302
10110,225,211,436
10110,162,178,340
10110,156,127,283
10110,157,171,328
10111,169,175,344
10111,143,196,339
10111,130,143,273
10111,203,191,394
10111,184,173,357
10111,168,159,327
10111,165,124,289
10111,152,180,332
10111,324,315,639
10111,165,164,329
10111,189,167,356
10111,145,119,264
10111,170,151,321
10111,194,195,389
10111,224,156,380
10111,156,171,327
10111,228,178,406
10111,198,195,393
10111,196,201,397
10111,141,136,277
10111,178,126,304
10111,170,163,333
10111,184,145,329
10111,207,179,386
10111,159,161,320
10111,203,193,396
10111,185,240,425
10111,165,124,289
10111,154,145,299
10111,297,251,548
10111,224,156,380
10111,184,173,357
10111,179,183,362
10111,170,151,321
10111,143,196,339
10111,144,133,277
10111,254,254,508
10111,265,301,566
10111,143,129,272
10111,167,179,346
10111,178,152,330
10112,188,146,334
10112,338,312,650
10112,178,173,351
10112,182,166,348
10112,170,173,343
10112,137,123,260
10112,124,132,256
10112,178,173,351
10112,147,196,343
10112,203,204,407
10112,261,284,545
10112,189,249,438
10112,156,162,318
10112,199,172,371
10112,240,184,424
10112,168,148,316
10112,165,126,291
10112,180,156,336
10112,145,129,274
10112,161,147,308
10112,192,176,368
10112,159,161,320
10112,177,181,358
10112,173,165,338
10112,140,129,269
10112,168,165,333
10112,210,196,406
10112,268,242,510
10112,168,148,316
10112,207,198,405
10112,147,196,343
10112,150,171,321
10112,165,126,291
10112,182,145,327
10112,274,269,543
10112,142,147,289
10112,198,203,401
10112,196,188,384
10112,199,172,371
10112,165,156,321
10112,166,161,327
10113,140,150,290
10113,125,132,257
10113,175,176,351
10113,142,145,287
10113,176,175,351
10113,164,146,310
10113,170,163,333
10113,230,179,409
10113,143,162,305
10113,222,210,432
10113,226,155,381
10113,186,145,331
10113,186,179,365
10113,153,151,304
10113,143,199,342
10113,167,147,314
10113,174,139,313
10113,202,194,396
10113,273,273,546
10113,199,197,396
10113,209,196,405
10113,226,155,381
10113,170,151,321
10113,140,150,290
10113,204,195,399
10113,168,164,332
10113,166,159,325
10113,270,242,512
10113,142,125,267
10113,138,121,259
10113,155,150,305
10113,186,167,353
10113,355,315,670
10113,262,282,544
10113,205,181,386
10113,143,199,342
10113,175,176,351
10113,155,175,330
10113,164,146,310
10113,185,238,423
10113,142,136,278
10114,144,130,274
10114,187,177,364
10114,178,234,412
10114,141,145,286
10114,194,196,390
10114,210,209,419
10114,160,166,326
10114,291,248,539
10114,217,207,424
10114,268,239,507
10114,177,171,348
10114,129,128,257
10114,145,202,347
10114,155,166,321
10114,155,154,309
10114,229,183,412
10114,135,126,261
10114,162,146,308
10114,353,318,671
10114,207,132,339
10114,167,162,329
10114,199,204,403
10114,145,202,347
10114,177,171,348
10114,212,195,407
10114,202,179,381
10114,168,165,333
10114,156,147,303
10114,143,140,283
10114,141,150,291
10114,166,153,319
10114,141,150,291
10114,161,167,328
10114,267,290,557
10114,156,147,303
10114,202,179,381
10114,176,195,371
10114,186,169,355
10114,158,156,314
10114,203,171,374
10114,145,159,304
10115,147,164,311
10115,201,132,333
10115,199,205,404
10115,154,159,313
10115,203,214,417
10115,169,165,334
10115,163,192,355
10115,262,279,541
10115,148,152,300
10115,167,165,332
10115,181,175,356
10115,185,221,406
10115,162,147,309
10115,214,218,432
10115,158,123,281
10115,158,162,320
10115,173,187,360
10115,154,146,300
10115,147,135,282
10115,205,200,405
10115,183,145,328
10115,179,148,327
10115,148,210,358
10115,200,170,370
10115,148,210,358
10115,167,146,313
10115,222,180,402
10115,200,170,370
10115,162,147,309
10115,264,237,501
10115,346,312,658
10115,180,169,349
10115,141,143,284
10115,264,259,523
10115,181,242,423
10115,135,121,256
10115,195,164,359
10115,158,123,281
10115,180,169,349
10115,125,127,252
10115,161,170,331
10116,175,166,341
10116,174,196,370
10116,161,167,328
10116,292,244,536
10116,156,153,309
10116,149,145,294
10116,176,143,319
10116,170,130,300
10116,196,208,404
10116,157,144,301
10116,200,173,373
10116,155,159,314
10116,140,140,280
10116,152,175,327
10116,159,181,340
10116,222,177,399
10116,210,211,421
10116,149,140,289
10116,159,172,331
10116,155,146,301
10116,143,124,267
10116,155,122,277
10116,165,162,327
10116,185,127,312
10116,175,166,341
10116,146,201,347
10116,279,239,518
10116,358,319,677
10116,197,191,388
10116,198,201,399
10116,257,270,527
10116,167,170,337
10116,146,201,347
10116,200,173,373
10116,209,197,406
10116,149,145,294
10116,155,122,277
10116,171,175,346
10116,125,132,257
10116,207,224,431
10116,178,186,364
10117,126,139,265
10117,201,191,392
10117,266,258,524
10117,229,157,386
10117,148,157,305
10117,204,195,399
10117,152,148,300
10117,199,224,423
10117,159,183,342
10117,184,245,429
10117,140,135,275
10117,158,159,317
10117,229,157,386
10117,178,170,348
10117,160,124,284
10117,155,161,316
10117,158,175,333
10117,154,148,302
10117,166,158,324
10117,160,124,284
10117,328,322,650
10117,280,243,523
10117,178,170,348
10117,179,126,305
10117,174,141,315
10117,149,209,358
10117,149,209,358
10117,153,177,330
10117,154,148,302
10117,223,186,409
10117,164,169,333
10117,174,197,371
10117,156,154,310
10117,179,183,362
10117,209,208,417
10117,262,280,542
10117,199,203,402
10117,146,134,280
10117,154,144,298
10117,164,157,321
10117,153,126,279
10118,323,310,633
10118,146,205,351
10118,220,176,396
10118,182,190,372
10118,156,156,312
10118,167,165,332
10118,175,132,307
10118,156,121,277
10118,265,284,549
10118,202,214,416
10118,170,167,337
10118,163,152,315
10118,155,128,283
10118,263,233,496
10118,152,147,299
10118,200,218,418
10118,213,221,434
10118,153,148,301
10118,151,169,320
10118,144,155,299
10118,202,208,410
10118,152,141,293
10118,143,131,274
10118,202,230,432
10118,146,205,351
10118,182,190,372
10118,252,233,485
10118,156,121,277
10118,199,194,393
10118,159,174,333
10118,124,128,252
10118,201,180,381
10118,158,168,326
10118,140,136,276
10118,179,173,352
10118,228,156,384
10118,153,129,282
10118,159,183,342
10118,163,152,315
10118,228,156,384
10118,186,145,331
10119,182,145,327
10119,154,147,301
10119,159,182,341
10119,268,238,506
10119,333,306,639
10119,143,178,321
10119,235,195,430
10119,144,148,292
10119,206,213,419
10119,159,175,334
10119,184,196,380
10119,200,216,416
10119,224,211,435
10119,171,129,300
10119,151,145,296
10119,143,178,321
10119,150,120,270
10119,262,274,536
10119,184,196,380
10119,168,163,331
10119,238,184,422
10119,150,120,270
10119,229,160,389
10119,140,139,279
10119,175,188,363
10119,182,183,365
10119,203,218,421
10119,163,170,333
10119,166,166,332
10119,179,126,305
10119,144,132,276
10119,229,160,389
10119,167,154,321
10119,151,147,298
10119,196,179,375
10119,153,127,280
10119,253,239,492
10119,147,205,352
10119,155,182,337
10119,147,205,352
10119,125,129,254
10120,166,168,334
10120,142,143,285
10120,161,152,313
10120,222,158,380
10120,269,235,504
10120,187,202,389
10120,222,158,380
10120,181,186,367
10120,159,164,323
10120,148,120,268
10120,187,202,389
10120,161,152,313
10120,176,168,344
10120,191,140,331
10120,199,209,408
10120,156,171,327
10120,141,140,281
10120,151,210,361
10120,249,187,436
10120,160,147,307
10120,178,128,306
10120,182,161,343
10120,148,120,268
10120,352,312,664
10120,156,127,283
10120,189,177,366
10120,142,128,270
10120,176,141,317
10120,125,133,258
10120,151,210,361
10120,255,238,493
10120,203,236,439
10120,155,154,309
10120,169,154,323
10120,167,173,340
10120,207,211,418
10120,179,129,308
10120,263,277,540
10120,159,175,334
10120,225,193,418
10120,204,218,422
10121,147,148,295
10121,262,273,535
10121,164,126,290
10121,177,128,305
10121,159,164,323
10121,217,155,372
10121,155,144,299
10121,239,183,422
10121,127,129,256
10121,159,174,333
10121,200,230,430
10121,143,130,273
10121,179,170,349
10121,261,233,494
10121,200,211,411
10121,163,125,288
10121,153,163,316
10121,325,307,632
10121,253,241,494
10121,164,154,318
10121,152,152,304
10121,178,177,355
10121,180,158,338
10121,164,142,306
10121,148,204,352
10121,157,154,311
10121,184,130,314
10121,211,227,438
10121,197,215,412
10121,164,183,347
10121,231,196,427
10121,200,197,397
10121,217,155,372
10121,140,139,279
10121,186,206,392
10121,164,126,290
10121,186,206,392
10121,148,204,352
10121,165,164,329
10121,164,154,318
10121,193,140,333
10122,148,206,354
10122,148,206,354
10122,160,179,339
10122,334,308,642
10122,276,239,515
10122,182,195,377
10122,228,201,429
10122,143,121,264
10122,216,157,373
10122,146,145,291
10122,175,124,299
10122,203,215,418
10122,214,225,439
10122,204,195,399
10122,161,152,313
10122,159,141,300
10122,199,206,405
10122,182,195,377
10122,170,165,335
10122,166,126,292
10122,192,141,333
10122,180,158,338
10122,162,170,332
10122,142,143,285
10122,216,157,373
10122,182,178,360
10122,151,144,295
10122,265,274,539
10122,166,126,292
10122,177,160,337
10122,158,164,322
10122,154,142,296
10122,243,183,426
10122,161,152,313
10122,254,239,493
10122,127,130,257
10122,143,133,276
10122,154,158,312
10122,196,212,408
10122,182,127,309
10122,157,155,312
10123,143,140,283
10123,161,124,285
10123,144,131,275
10123,280,278,558
10123,183,203,386
10123,258,254,512
10123,199,216,415
10123,141,146,287
10123,238,199,437
10123,154,168,322
10123,142,178,320
10123,212,198,410
10123,148,135,283
10123,185,178,363
10123,167,151,318
10123,158,140,298
10123,174,127,301
10123,159,158,317
10123,184,216,400
10123,142,178,320
10123,204,219,423
10123,187,169,356
10123,183,203,386
10123,332,313,645
10123,165,162,327
10123,161,124,285
10123,159,163,322
10123,213,156,369
10123,173,158,331
10123,152,212,364
10123,140,121,261
10123,152,212,364
10123,255,235,490
10123,213,156,369
10123,188,139,327
10123,179,136,315
10123,157,174,331
10123,129,130,259
10123,150,152,302
10123,234,180,414
10123,199,221,420
10124,202,161,363
10124,153,140,293
10124,186,203,389
10124,144,134,278
10124,224,160,384
10124,153,208,361
10124,328,311,639
10124,130,129,259
10124,158,173,331
10124,194,211,405
10124,140,172,312
10124,153,160,313
10124,231,182,413
10124,173,175,348
10124,224,160,384
10124,167,163,330
10124,176,137,313
10124,161,123,284
10124,203,218,421
10124,180,208,388
10124,156,155,311
10124,191,130,321
10124,175,155,330
10124,281,278,559
10124,170,174,344
10124,154,133,287
10124,140,172,312
10124,178,131,309
10124,253,237,490
10124,162,173,335
10124,197,217,414
10124,253,237,490
10124,161,123,284
10124,186,203,389
10124,144,140,284
10124,141,147,288
10124,153,208,361
10124,212,199,411
10124,139,121,260
10124,159,180,339
10124,241,200,441
10125,162,177,339
10125,222,159,381
10125,195,128,323
10125,157,121,278
10125,154,178,332
10125,152,130,282
10125,187,140,327
10125,196,216,412
10125,140,144,284
10125,181,138,319
10125,141,178,319
10125,157,121,278
10125,186,201,387
10125,191,174,365
10125,224,179,403
10125,157,218,375
10125,146,124,270
10125,181,161,342
10125,141,178,319
10125,201,160,361
10125,149,151,300
10125,159,176,335
10125,210,208,418
10125,250,231,481
10125,137,131,268
10125,186,201,387
10125,194,211,405
10125,158,183,341
10125,182,213,395
10125,251,228,479
10125,156,141,297
10125,157,218,375
10125,198,207,405
10125,141,123,264
10125,216,202,418
10125,222,159,381
10125,160,170,330
10125,329,309,638
10125,141,136,277
10125,164,161,325
10125,282,277,559
10126,220,179,399
10126,180,202,382
10126,220,158,378
10126,142,131,273
10126,272,240,512
10126,189,141,330
10126,161,184,345
10126,153,119,272
10126,208,187,395
10126,182,144,326
10126,146,125,271
10126,156,173,329
10126,252,235,487
10126,141,144,285
10126,209,199,408
10126,195,215,410
10126,161,171,332
10126,158,219,377
10126,142,136,278
10126,208,207,415
10126,171,162,333
10126,141,173,314
10126,177,154,331
10126,203,223,426
10126,185,158,343
10126,296,284,580
10126,153,119,272
10126,208,187,395
10126,151,155,306
10126,188,126,314
10126,187,166,353
10126,155,140,295
10126,164,174,338
10126,158,219,377
10126,340,311,651
10126,180,208,388
10126,141,173,314
10126,194,192,386
10126,220,158,378
10126,142,126,268
10126,158,135,293
10127,142,134,276
10127,181,142,323
10127,151,137,288
10127,165,173,338
10127,342,312,654
10127,193,197,390
10127,162,174,336
10127,159,180,339
10127,213,203,416
10127,277,280,557
10127,157,169,326
10127,170,152,322
10127,148,126,274
10127,187,140,327
10127,154,169,323
10127,160,180,340
10127,184,122,306
10127,180,210,390
10127,167,186,353
10127,144,133,277
10127,179,194,373
10127,222,177,399
10127,215,156,371
10127,140,168,308
10127,198,215,413
10127,201,186,387
10127,158,120,278
10127,156,216,372
10127,161,141,302
10127,144,129,273
10127,254,247,501
10127,201,186,387
10127,183,155,338
10127,140,168,308
10127,201,219,420
10127,156,216,372
10127,215,156,371
10127,274,240,514
10127,158,120,278
10127,210,206,416
10127,140,144,284
10128,213,156,369
10128,139,171,310
10128,154,119,273
10128,213,156,369
10128,158,178,336
10128,180,181,361
10128,139,171,310
10128,135,131,266
10128,143,128,271
10128,179,192,371
10128,230,181,411
10128,181,214,395
10128,187,168,355
10128,197,215,412
10128,168,180,348
10128,150,146,296
10128,259,231,490
10128,354,313,667
10128,210,198,408
10128,276,281,557
10128,182,196,378
10128,172,156,328
10128,163,151,314
10128,159,176,335
10128,156,174,330
10128,180,181,361
10128,179,120,299
10128,206,196,402
10128,162,141,303
10128,190,141,331
10128,163,173,336
10128,140,145,285
10128,207,202,409
10128,142,133,275
10128,182,196,378
10128,160,183,343
10128,210,219,429
10128,154,119,273
10128,191,163,354
10128,150,128,278
10128,253,248,501
10129,265,278,543
10129,139,147,286
10129,146,137,283
10129,146,147,293
10129,154,168,322
10129,210,210,420
10129,161,176,337
10129,138,169,307
10129,174,159,333
10129,159,148,307
10129,156,216,372
10129,184,235,419
10129,264,235,499
10129,155,172,327
10129,155,140,295
10129,318,321,639
10129,152,136,288
10129,209,198,407
10129,196,143,339
10129,251,247,498
10129,160,117,277
10129,154,166,320
10129,181,180,361
10129,186,154,340
10129,161,177,338
10129,182,209,391
10129,138,169,307
10129,169,199,368
10129,174,176,350
10129,144,134,278
10129,187,154,341
10129,227,180,407
10129,156,120,276
10129,219,157,376
10129,219,157,376
10129,149,130,279
10129,202,189,391
10129,197,211,408
10129,156,216,372
10130,267,279,546
10130,181,185,366
10130,164,131,295
10130,220,237,457
10130,157,217,374
10130,173,177,350
10130,136,159,295
10130,214,202,416
10130,182,148,330
10130,161,174,335
10130,156,165,321
10130,144,117,261
10130,174,155,329
10130,169,152,321
10130,194,142,336
10130,170,178,348
10130,206,195,401
10130,210,198,408
10130,252,249,501
10130,323,324,647
10130,165,187,352
10130,152,138,290
10130,145,144,289
10130,146,141,287
10130,138,139,277
10130,180,219,399
10130,221,179,400
10130,157,174,331
10130,167,136,303
10130,136,159,295
10130,209,235,444
10130,209,154,363
10130,157,217,374
10130,150,137,287
10130,209,154,363
10130,151,139,290
10130,249,259,508
10130,172,209,381
10130,157,174,331
10131,139,115,254
10131,248,253,501
10131,289,282,571
10131,182,228,410
10131,151,138,289
10131,203,229,432
10131,222,206,428
10131,156,205,361
10131,173,212,385
10131,178,154,332
10131,254,261,515
10131,213,204,417
10131,157,147,304
10131,182,176,358
10131,168,178,346
10131,139,134,273
10131,149,147,296
10131,146,136,282
10131,233,181,414
10131,317,314,631
10131,139,167,306
10131,212,157,369
10131,137,124,261
10131,181,202,383
10131,212,157,369
10131,161,170,331
10131,187,137,324
10131,171,137,308
10131,163,192,355
10131,139,167,306
10131,212,204,416
10131,179,138,317
10131,174,118,292
10131,152,163,315
10131,221,234,455
10131,154,169,323
10131,156,205,361
10131,166,187,353
10131,150,142,292
10132,220,240,460
10132,161,167,328
10132,149,147,296
10132,181,202,383
10132,176,134,310
10132,272,243,515
10132,154,172,326
10132,184,194,378
10132,161,183,344
10132,171,210,381
10132,267,300,567
10132,185,122,307
10132,152,133,285
10132,152,191,343
10132,140,136,276
10132,226,204,430
10132,192,169,361
10132,205,237,442
10132,140,173,313
10132,209,201,410
10132,184,222,406
10132,152,191,343
10132,165,175,340
10132,200,180,380
10132,317,310,627
10132,249,236,485
10132,149,137,286
10132,144,116,260
10132,144,154,298
10132,200,180,380
10132,152,164,316
10132,138,122,260
10132,172,159,331
10132,231,182,413
10132,155,155,310
10132,152,149,301
10132,184,137,321
10132,178,220,398
10132,140,173,313
10133,163,168,331
10133,244,229,473
10133,179,223,402
10133,224,179,403
10133,325,303,628
10133,138,120,258
10133,149,147,296
10133,181,136,317
10133,151,193,344
10133,278,241,519
10133,166,179,345
10133,196,124,320
10133,200,224,424
10133,152,147,299
10133,137,127,264
10133,268,297,565
10133,137,169,306
10133,158,176,334
10133,182,215,397
10133,174,158,332
10133,194,172,366
10133,137,169,306
10133,247,215,462
10133,186,202,388
10133,154,163,317
10133,207,196,403
10133,189,169,358
10133,142,117,259
10133,160,140,300
10133,156,170,326
10133,157,132,289
10133,192,168,360
10133,171,212,383
10133,194,172,366
10133,151,193,344
10133,180,200,380
10133,175,129,304
10133,143,152,295
10133,200,221,421
10134,189,215,404
10134,197,186,383
10134,167,141,308
10134,151,144,295
10134,186,138,324
10134,159,138,297
10134,144,177,321
10134,138,123,261
10134,189,171,360
10134,175,164,339
10134,158,181,339
10134,175,127,302
10134,224,206,430
10134,211,188,399
10134,180,212,392
10134,267,292,559
10134,156,170,326
10134,179,195,374
10134,247,214,461
10134,169,197,366
10134,145,155,300
10134,164,175,339
10134,180,157,337
10134,144,117,261
10134,202,226,428
10134,261,241,502
10134,222,178,400
10134,151,183,334
10134,151,183,334
10134,158,174,332
10134,146,142,288
10134,186,233,419
10134,161,178,339
10134,324,317,641
10134,138,130,268
10134,197,186,383
10134,248,236,484
10134,144,177,321
10134,153,139,292
10135,173,163,336
10135,139,130,269
10135,156,150,306
10135,233,209,442
10135,137,112,249
10135,182,199,381
10135,152,142,294
10135,139,121,260
10135,233,181,414
10135,155,169,324
10135,212,191,403
10135,169,197,366
10135,186,234,420
10135,156,150,306
10135,197,204,401
10135,179,204,383
10135,182,137,319
10135,266,293,559
10135,197,123,320
10135,154,139,293
10135,258,255,513
10135,150,142,292
10135,176,134,310
10135,179,168,347
10135,324,309,633
10135,215,203,418
10135,142,131,273
10135,196,181,377
10135,150,180,330
10135,164,188,352
10135,164,173,337
10135,245,243,488
10135,161,185,346
10135,156,166,322
10135,184,161,345
10135,196,181,377
10135,150,180,330
10135,177,200,377
10135,170,137,307
10136,189,162,351
10136,168,193,361
10136,182,136,318
10136,184,235,419
10136,161,150,311
10136,211,209,420
10136,330,311,641
10136,247,237,484
10136,142,127,269
10136,153,141,294
10136,192,172,364
10136,238,211,449
10136,207,180,387
10136,144,154,298
10136,152,161,313
10136,185,192,377
10136,180,210,390
10136,157,171,328
10136,153,190,343
10136,190,154,344
10136,175,160,335
10136,213,189,402
10136,269,305,574
10136,256,255,511
10136,188,171,359
10136,153,139,292
10136,142,131,273
10136,192,172,364
10136,179,128,307
10136,151,158,309
10136,153,190,343
10136,221,203,424
10136,161,150,311
10136,186,120,306
10136,153,132,285
10136,237,185,422
10136,134,112,246
10136,137,125,262
10136,163,187,350
10137,162,156,318
10137,185,130,315
10137,169,162,331
10137,182,148,330
10137,140,131,271
10137,152,188,340
10137,202,182,384
10137,332,312,644
10137,166,194,360
10137,248,249,497
10137,151,151,302
10137,152,141,293
10137,151,151,302
10137,181,159,340
10137,152,158,310
10137,144,155,299
10137,152,188,340
10137,158,136,294
10137,134,116,250
10137,187,161,348
10137,163,141,304
10137,129,129,258
10137,208,188,396
10137,186,171,357
10137,243,210,453
10137,141,131,272
10137,187,161,348
10137,178,199,377
10137,166,187,353
10137,159,176,335
10137,298,286,584
10137,236,186,422
10137,181,185,366
10137,221,202,423
10137,180,225,405
10137,161,157,318
10137,136,116,252
10137,219,213,432
10137,281,238,519
10138,289,240,529
10138,165,145,310
10138,217,220,437
10138,138,129,267
10138,140,124,264
10138,161,189,350
10138,185,159,344
10138,153,185,338
10138,215,188,403
10138,184,218,402
10138,153,160,313
10138,165,160,325
10138,180,158,338
10138,157,167,324
10138,152,141,293
10138,243,245,488
10138,141,132,273
10138,180,148,328
10138,195,220,415
10138,352,317,669
10138,182,188,370
10138,163,182,345
10138,140,132,272
10138,185,159,344
10138,141,147,288
10138,153,185,338
10138,141,147,288
10138,161,153,314
10138,168,191,359
10138,288,284,572
10138,224,213,437
10138,174,195,369
10138,143,151,294
10138,179,222,401
10138,221,180,401
10138,136,117,253
10138,168,135,303
10138,197,130,327
10138,169,163,332
10139,163,184,347
10139,198,134,332
10139,341,313,654
10139,140,132,272
10139,301,290,591
10139,254,261,515
10139,174,197,371
10139,160,180,340
10139,175,145,320
10139,195,209,404
10139,173,205,378
10139,188,199,387
10139,211,187,398
10139,220,181,401
10139,160,137,297
10139,142,149,291
10139,150,138,288
10139,203,238,441
10139,181,170,351
10139,155,155,310
10139,135,117,252
10139,164,158,322
10139,162,185,347
10139,142,149,291
10139,207,201,408
10139,282,236,518
10139,185,150,335
10139,180,224,404
10139,140,121,261
10139,162,154,316
10139,162,185,347
10139,139,130,269
10139,211,198,409
10139,185,150,335
10139,168,132,300
10139,150,152,302
10139,162,162,324
10139,201,166,367
10139,141,146,287
10140,166,164,330
10140,196,135,331
10140,193,189,382
10140,193,153,346
10140,182,233,415
10140,209,186,395
10140,166,158,324
10140,253,189,442
10140,212,198,410
10140,141,126,267
10140,262,231,493
10140,230,216,446
10140,161,165,326
10140,139,147,286
10140,157,124,281
10140,153,147,300
10140,137,121,258
10140,142,131,273
10140,165,171,336
10140,153,130,283
10140,185,189,374
10140,139,147,286
10140,136,133,269
10140,257,247,504
10140,151,165,316
10140,160,177,337
10140,163,186,349
10140,312,323,635
10140,203,191,394
10140,164,171,335
10140,194,197,391
10140,193,153,346
10140,163,186,349
10140,296,287,583
10140,193,197,390
10140,141,131,272
10140,165,163,328
10140,137,126,263
10140,163,189,352
10141,195,188,383
10141,187,187,374
10141,280,235,515
10141,196,220,416
10141,185,159,344
10141,202,155,357
10141,243,185,428
10141,136,151,287
10141,187,197,384
10141,154,147,301
10141,144,130,274
10141,184,231,415
10141,208,189,397
10141,265,290,555
10141,167,191,358
10141,136,151,287
10141,137,130,267
10141,149,161,310
10141,145,130,275
10141,274,285,559
10141,340,312,652
10141,138,126,264
10141,164,175,339
10141,202,155,357
10141,145,140,285
10141,165,195,360
10141,167,191,358
10141,165,174,339
10141,214,200,414
10141,204,164,368
10141,156,157,313
10141,202,138,340
10141,162,156,318
10141,140,128,268
10141,196,218,414
10141,141,131,272
10141,167,161,328
10141,160,126,286
10141,158,175,333
10142,196,187,383
10142,150,138,288
10142,163,162,325
10142,222,204,426
10142,196,154,350
10142,143,129,272
10142,179,192,371
10142,207,139,346
10142,196,154,350
10142,287,288,575
10142,175,211,386
10142,164,192,356
10142,267,231,498
10142,159,131,290
10142,132,128,260
10142,139,127,266
10142,191,196,387
10142,179,192,371
10142,164,191,355
10142,197,215,412
10142,193,199,392
10142,165,171,336
10142,165,159,324
10142,147,157,304
10142,136,127,263
10142,292,267,559
10142,198,163,361
10142,342,308,650
10142,182,150,332
10142,154,158,312
10142,155,148,303
10142,208,185,393
10142,142,148,290
10142,244,185,429
10142,184,184,368
10142,142,148,290
10142,135,122,257
10142,144,136,280
10142,186,137,323
10143,177,148,325
10143,170,189,359
10143,138,135,273
10143,286,287,573
10143,141,122,263
10143,214,203,417
10143,268,291,559
10143,197,154,351
10143,192,178,370
10143,197,219,416
10143,157,159,316
10143,158,158,316
10143,139,125,264
10143,165,170,335
10143,158,126,284
10143,203,224,427
10143,130,127,257
10143,170,189,359
10143,213,206,419
10143,175,160,335
10143,140,125,265
10143,174,215,389
10143,192,162,354
10143,239,181,420
10143,139,146,285
10143,135,126,261
10143,308,317,625
10143,180,185,365
10143,186,197,383
10143,164,185,349
10143,197,154,351
10143,146,157,303
10143,189,139,328
10143,156,161,317
10143,200,138,338
10143,151,149,300
10143,264,234,498
10143,139,146,285
10143,196,192,388
10144,211,196,407
10144,139,148,287
10144,138,136,274
10144,199,154,353
10144,126,130,256
10144,169,155,324
10144,176,211,387
10144,139,125,264
10144,194,177,371
10144,156,125,281
10144,165,162,327
10144,224,207,431
10144,249,231,480
10144,180,191,371
10144,139,148,287
10144,173,190,363
10144,211,202,413
10144,303,302,605
10144,156,158,314
10144,232,181,413
10144,149,167,316
10144,184,189,373
10144,136,131,267
10144,164,186,350
10144,181,137,318
10144,148,148,296
10144,185,193,378
10144,143,133,276
10144,160,158,318
10144,178,162,340
10144,288,269,557
10144,142,130,272
10144,199,154,353
10144,176,190,366
10144,205,225,430
10144,200,226,426
10144,170,144,314
10144,176,190,366
10144,288,287,575
10145,144,167,311
10145,177,157,334
10145,144,167,311
10145,166,193,359
10145,198,192,390
10145,306,301,607
10145,172,190,362
10145,138,136,274
10145,210,197,407
10145,138,130,268
10145,227,210,437
10145,268,292,560
10145,172,190,362
10145,127,133,260
10145,162,186,348
10145,248,228,476
10145,174,146,320
10145,183,187,370
10145,155,158,313
10145,149,149,298
10145,196,154,350
10145,178,207,385
10145,199,216,415
10145,176,158,334
10145,196,154,350
10145,269,284,553
10145,154,114,268
10145,145,134,279
10145,198,178,376
10145,138,133,271
10145,156,157,313
10145,185,138,323
10145,142,131,273
10145,235,208,443
10145,193,191,384
10145,170,157,327
10145,222,177,399
10145,185,214,399
10145,166,162,328
10146,229,203,432
10146,182,207,389
10146,210,194,404
10146,138,134,272
10146,311,314,625
10146,182,171,353
10146,137,127,264
10146,128,133,261
10146,139,135,274
10146,179,192,371
10146,222,178,400
10146,208,207,415
10146,179,159,338
10146,269,296,565
10146,182,147,329
10146,209,140,349
10146,185,150,335
10146,179,192,371
10146,144,131,275
10146,181,181,362
10146,161,177,338
10146,141,130,271
10146,189,190,379
10146,155,164,319
10146,265,282,547
10146,152,162,314
10146,158,164,322
10146,222,203,425
10146,186,187,373
10146,168,163,331
10146,141,156,297
10146,185,150,335
10146,191,137,328
10146,141,156,297
10146,165,187,352
10146,175,157,332
10146,189,221,410
10146,158,113,271
10146,251,237,488
10147,223,181,404
10147,189,220,409
10147,171,145,316
10147,181,201,382
10147,178,216,394
10147,201,138,339
10147,214,209,423
10147,177,190,367
10147,164,185,349
10147,177,190,367
10147,289,272,561
10147,161,175,336
10147,187,158,345
10147,143,122,265
10147,162,158,320
10147,161,113,274
10147,181,180,361
10147,182,186,368
10147,203,193,396
10147,157,169,326
10147,187,158,345
10147,266,284,550
10147,229,207,436
10147,173,159,332
10147,211,200,411
10147,308,293,601
10147,128,138,266
10147,162,178,340
10147,186,139,325
10147,141,163,304
10147,141,140,281
10147,141,163,304
10147,138,138,276
10147,136,122,258
10147,234,208,442
10147,258,257,515
10147,139,125,264
10147,180,146,326
10147,177,158,335
10148,174,185,359
10148,161,178,339
10148,265,282,547
10148,191,169,360
10148,218,201,419
10148,143,123,266
10148,155,110,265
10148,130,145,275
10148,183,184,367
10148,170,154,324
10148,157,160,317
10148,138,156,294
10148,156,173,329
10148,185,194,379
10148,300,292,592
10148,270,302,572
10148,191,169,360
10148,164,173,337
10148,192,191,383
10148,138,156,294
10148,185,194,379
10148,279,240,519
10148,176,157,333
10148,175,178,353
10148,226,201,427
10148,150,130,280
10148,202,206,408
10148,137,128,265
10148,206,139,345
10148,182,137,319
10148,227,196,423
10148,210,195,405
10148,191,227,418
10148,167,142,309
10148,142,142,284
10148,180,223,403
10148,139,141,280
10148,162,180,342
10148,179,147,326
10149,177,159,336
10149,159,167,326
10149,209,168,377
10149,272,265,537
10149,190,197,387
10149,177,157,334
10149,145,152,297
10149,138,134,272
10149,138,129,267
10149,214,203,417
10149,179,146,325
10149,139,147,286
10149,184,139,323
10149,187,177,364
10149,189,167,356
10149,190,197,387
10149,161,178,339
10149,178,187,365
10149,161,151,312
10149,278,240,518
10149,222,199,421
10149,273,300,573
10149,167,186,353
10149,154,110,264
10149,168,144,312
10149,189,189,378
10149,149,139,288
10149,139,147,286
10149,156,173,329
10149,191,229,420
10149,150,130,280
10149,189,167,356
10149,129,141,270
10149,180,219,399
10149,205,205,410
10149,230,205,435
10149,209,194,403
10149,312,295,607
10149,162,182,344
10150,137,133,270
10150,164,141,305
10150,151,132,283
10150,160,175,335
10150,147,150,297
10150,175,134,309
10150,284,236,520
10150,205,219,424
10150,163,180,343
10150,147,150,297
10150,196,180,376
10150,153,114,267
10150,167,140,307
10150,176,194,370
10150,160,175,335
10150,133,148,281
10150,191,224,415
10150,139,135,274
10150,191,167,358
10150,213,207,420
10150,160,166,326
10150,194,192,386
10150,200,214,414
10150,256,187,443
10150,290,271,561
10150,143,125,268
10150,176,194,370
10150,157,179,336
10150,213,205,418
10150,301,296,597
10150,309,294,603
10150,154,151,305
10150,194,137,331
10150,182,181,363
10150,191,167,358
10150,186,201,387
10150,152,186,338
10150,169,130,299
10150,184,221,405
10151,230,209,439
10151,142,122,264
10151,158,137,295
10151,191,174,365
10151,177,213,390
10151,164,115,279
10151,129,149,278
10151,138,133,271
10151,219,220,439
10151,188,136,324
10151,210,193,403
10151,183,229,412
10151,173,171,344
10151,278,317,595
10151,191,174,365
10151,158,167,325
10151,221,201,422
10151,176,135,311
10151,154,132,286
10151,285,240,525
10151,164,181,345
10151,201,182,383
10151,140,135,275
10151,188,155,343
10151,158,178,336
10151,299,298,597
10151,175,147,322
10151,154,152,306
10151,154,152,306
10151,171,160,331
10151,177,195,372
10151,167,129,296
10151,177,195,372
10151,181,177,358
10151,206,203,409
10151,193,228,421
10151,262,273,535
10151,216,210,426
10151,165,177,342
10152,191,148,339
10152,190,165,355
10152,184,139,323
10152,217,218,435
10152,149,149,298
10152,195,225,420
10152,215,190,405
10152,168,180,348
10152,180,176,356
10152,274,234,508
10152,168,197,365
10152,193,138,331
10152,164,167,331
10152,160,174,334
10152,217,216,433
10152,276,313,589
10152,172,194,366
10152,232,199,431
10152,259,264,523
10152,207,211,418
10152,190,165,355
10152,158,159,317
10152,190,222,412
10152,195,188,383
10152,154,166,320
10152,169,117,286
10152,157,133,290
10152,172,194,366
10152,140,139,279
10152,167,130,297
10152,180,152,332
10152,194,178,372
10152,306,319,625
10152,153,137,290
10152,140,134,274
10152,168,180,348
10152,141,122,263
10152,177,211,388
10152,149,149,298
10152,169,117,286
10152,128,143,271
10153,156,155,311
10153,220,224,444
10153,195,198,393
10153,153,163,316
10153,175,195,370
10153,192,175,367
10153,169,116,285
10153,199,141,340
10153,332,301,633
10153,227,185,412
10153,178,215,393
10153,143,120,263
10153,195,226,421
10153,182,187,369
10153,156,136,292
10153,215,211,426
10153,261,263,524
10153,180,205,385
10153,139,137,276
10153,128,142,270
10153,175,195,370
10153,182,138,320
10153,165,179,344
10153,146,148,294
10153,181,147,328
10153,192,175,367
10153,171,188,359
10153,146,148,294
10153,139,128,267
10153,165,179,344
10153,168,129,297
10153,189,214,403
10153,270,236,506
10153,207,206,413
10153,177,152,329
10153,154,132,286
10153,272,306,578
10153,157,162,319
10153,181,172,353
10153,168,194,362
10153,169,116,285
10154,164,128,292
10154,185,186,371
10154,171,117,288
10154,150,130,280
10154,139,146,285
10154,139,133,272
10154,264,274,538
10154,175,181,356
10154,163,192,355
10154,181,152,333
10154,166,140,306
10154,269,300,569
10154,175,181,356
10154,218,209,427
10154,174,135,309
10154,160,174,334
10154,156,157,313
10154,140,135,275
10154,170,189,359
10154,192,216,408
10154,129,137,266
10154,192,193,385
10154,178,207,385
10154,213,207,420
10154,228,189,417
10154,174,135,309
10154,223,201,424
10154,181,176,357
10154,206,180,386
10154,140,120,260
10154,139,146,285
10154,270,235,505
10154,214,210,424
10154,182,148,330
10154,194,178,372
10154,322,298,620
10154,194,178,372
10154,171,117,288
10154,197,140,337
10154,163,192,355
10154,165,180,345
10154,141,154,295
10155,173,179,352
10155,174,197,371
10155,182,154,336
10155,126,139,265
10155,187,149,336
10155,165,128,293
10155,214,211,425
10155,149,131,280
10155,226,210,436
10155,184,180,364
10155,143,148,291
10155,182,198,380
10155,180,220,400
10155,295,268,563
10155,177,120,297
10155,212,207,419
10155,154,158,312
10155,296,291,587
10155,186,184,370
10155,193,174,367
10155,177,120,297
10155,182,198,380
10155,193,174,367
10155,202,142,344
10155,173,179,352
10155,168,183,351
10155,140,123,263
10155,324,301,625
10155,198,180,378
10155,158,138,296
10155,152,159,311
10155,174,134,308
10155,228,194,422
10155,258,230,488
10155,174,134,308
10155,137,126,263
10155,193,187,380
10155,159,173,332
10155,143,148,291
10155,139,135,274
10155,214,198,412
10155,193,222,415
10156,163,162,325
10156,183,156,339
10156,209,241,450
10156,140,151,291
10156,187,148,335
10156,179,183,362
10156,193,181,374
10156,144,130,274
10156,162,175,337
10156,197,192,389
10156,225,175,400
10156,184,199,383
10156,155,174,329
10156,132,147,279
10156,179,117,296
10156,210,204,414
10156,136,125,261
10156,168,129,297
10156,185,197,382
10156,271,304,575
10156,203,179,382
10156,261,256,517
10156,233,214,447
10156,197,188,385
10156,176,191,367
10156,177,220,397
10156,257,252,509
10156,157,158,315
10156,140,151,291
10156,168,133,301
10156,179,117,296
10156,162,175,337
10156,193,181,374
10156,177,157,334
10156,200,161,361
10156,168,133,301
10156,331,306,637
10156,138,132,270
10156,168,184,352
10156,185,197,382
10156,138,129,267
10156,154,138,292
10157,175,215,390
10157,137,129,266
10157,201,190,391
10157,167,189,356
10157,213,217,430
10157,178,120,298
10157,191,175,366
10157,172,174,346
10157,154,156,310
10157,131,153,284
10157,137,147,284
10157,161,130,291
10157,171,196,367
10157,224,174,398
10157,274,313,587
10157,143,149,292
10157,150,158,308
10157,161,130,291
10157,224,200,424
10157,165,126,291
10157,166,179,345
10157,201,216,417
10157,172,196,368
10157,161,139,300
10157,257,235,492
10157,335,307,642
10157,168,162,330
10157,137,147,284
10157,177,154,331
10157,174,182,356
10157,191,175,366
10157,210,163,373
10157,178,120,298
10157,179,188,367
10157,140,137,277
10157,167,189,356
10157,172,196,368
10157,234,214,448
10157,191,148,339
10157,270,291,561
10157,145,128,273
10157,172,142,314
10158,168,116,284
10158,169,185,354
10158,169,131,300
10158,258,239,497
10158,159,131,290
10158,191,174,365
10158,151,154,305
10158,170,199,369
10158,168,187,355
10158,211,180,391
10158,142,121,263
10158,228,183,411
10158,188,188,376
10158,173,195,368
10158,267,298,565
10158,158,137,295
10158,169,162,331
10158,191,174,365
10158,306,328,634
10158,180,157,337
10158,187,203,390
10158,198,202,400
10158,181,176,357
10158,170,199,369
10158,234,213,447
10158,185,146,331
10158,296,271,567
10158,143,136,279
10158,173,195,368
10158,168,116,284
10158,164,127,291
10158,149,153,302
10158,142,148,290
10158,166,178,344
10158,159,131,290
10158,151,154,305
10158,151,157,308
10158,134,158,292
10158,213,199,412
10158,174,209,383
10158,140,132,272
10158,196,207,403
10159,161,194,355
10159,180,157,337
10159,228,210,438
10159,173,208,381
10159,258,237,495
10159,171,130,301
10159,161,194,355
10159,198,179,377
10159,173,195,368
10159,210,190,400
10159,145,152,297
10159,194,206,400
10159,171,161,332
10159,198,202,400
10159,305,330,635
10159,178,118,296
10159,179,144,323
10159,166,188,354
10159,152,141,293
10159,148,152,300
10159,189,169,358
10159,178,168,346
10159,162,156,318
10159,152,158,310
10159,171,183,354
10159,172,134,306
10159,188,190,378
10159,178,118,296
10159,147,154,301
10159,147,124,271
10159,227,178,405
10159,140,132,272
10159,294,273,567
10159,162,156,318
10159,134,163,297
10159,170,181,351
10159,183,205,388
10159,273,312,585
10159,166,188,354
10159,162,131,293
10159,162,131,293
10159,189,169,358
10160,177,147,324
10160,146,184,330
10160,283,267,550
10160,172,186,358
10160,255,232,487
10160,154,147,301
10160,176,200,376
10160,155,158,313
10160,173,134,307
10160,163,131,294
10160,176,208,384
10160,231,191,422
10160,163,131,294
10160,209,185,394
10160,146,184,330
10160,195,171,366
10160,176,116,292
10160,182,144,326
10160,195,205,400
10160,169,161,330
10160,176,132,308
10160,142,136,278
10160,167,178,345
10160,149,123,272
10160,275,317,592
10160,160,176,336
10160,195,171,366
10160,216,185,401
10160,153,194,347
10160,195,212,407
10160,214,224,438
10160,169,197,366
10160,169,197,366
10160,189,189,378
10160,133,154,287
10160,149,154,303
10160,179,163,342
10160,153,194,347
10160,176,116,292
10160,195,201,396
10160,165,157,322
10160,301,312,613
10161,152,139,291
10161,167,184,351
10161,173,144,317
10161,232,194,426
10161,186,210,396
10161,168,114,282
10161,143,174,317
10161,228,190,418
10161,168,114,282
10161,167,132,299
10161,192,204,396
10161,154,196,350
10161,163,127,290
10161,193,188,381
10161,158,158,316
10161,198,183,381
10161,148,152,300
10161,179,163,342
10161,154,196,350
10161,297,310,607
10161,169,194,363
10161,206,204,410
10161,132,155,287
10161,237,214,451
10161,198,183,381
10161,152,154,306
10161,290,270,560
10161,178,147,325
10161,169,194,363
10161,258,248,506
10161,195,198,393
10161,139,130,269
10161,159,180,339
10161,143,174,317
10161,196,172,368
10161,212,183,395
10161,175,162,337
10161,158,134,292
10161,158,134,292
10161,263,289,552
10161,146,156,302
10161,171,193,364
10162,168,195,363
10162,153,194,347
10162,163,127,290
10162,138,131,269
10162,160,181,341
10162,240,197,437
10162,198,185,383
10162,147,150,297
10162,138,162,300
10162,207,206,413
10162,168,115,283
10162,159,133,292
10162,233,200,433
10162,168,195,363
10162,157,157,314
10162,189,212,401
10162,159,133,292
10162,155,151,306
10162,191,198,389
10162,258,245,503
10162,154,154,308
10162,138,162,300
10162,132,156,288
10162,168,115,283
10162,299,313,612
10162,180,163,343
10162,146,148,294
10162,198,185,383
10162,166,160,326
10162,143,156,299
10162,190,188,378
10162,153,194,347
10162,203,220,423
10162,236,215,451
10162,177,142,319
10162,171,193,364
10162,190,172,362
10162,179,188,367
10162,263,290,553
10162,171,144,315
10162,263,273,536
10162,171,169,340
10163,177,181,358
10163,146,155,301
10163,160,183,343
10163,139,128,267
10163,194,171,365
10163,228,191,419
10163,193,200,393
10163,230,192,422
10163,179,146,325
10163,168,114,282
10163,139,160,299
10163,144,140,284
10163,187,200,387
10163,241,216,457
10163,159,156,315
10163,183,210,393
10163,258,233,491
10163,168,114,282
10163,159,222,381
10163,195,210,405
10163,161,137,298
10163,142,150,292
10163,159,222,381
10163,161,137,298
10163,188,171,359
10163,156,158,314
10163,211,143,354
10163,182,162,344
10163,154,167,321
10163,179,175,354
10163,181,166,347
10163,129,147,276
10163,276,262,538
10163,165,188,353
10163,161,127,288
10163,266,285,551
10163,181,185,366
10163,165,188,353
10163,304,327,631
10163,139,160,299
10163,194,171,365
10163,199,210,409
10164,232,199,431
10164,199,217,416
10164,142,165,307
10164,231,214,445
10164,207,141,348
10164,131,155,286
10164,175,118,293
10164,193,200,393
10164,153,153,306
10164,187,159,346
10164,156,215,371
10164,154,149,303
10164,175,118,293
10164,201,175,376
10164,185,165,350
10164,157,171,328
10164,188,175,363
10164,181,171,352
10164,265,289,554
10164,154,126,280
10164,165,188,353
10164,332,304,636
10164,199,189,388
10164,146,157,303
10164,165,188,353
10164,278,262,540
10164,177,144,321
10164,160,140,300
10164,140,127,267
10164,194,172,366
10164,194,172,366
10164,148,155,303
10164,156,215,371
10164,196,211,407
10164,160,140,300
10164,185,172,357
10164,142,165,307
10164,189,211,400
10164,194,201,395
10164,145,145,290
10164,261,234,495
10164,217,186,403
10165,143,154,297
10165,175,178,353
10165,264,287,551
10165,208,143,351
10165,232,206,438
10165,145,146,291
10165,260,233,493
10165,146,167,313
10165,148,155,303
10165,196,180,376
10165,161,140,301
10165,162,179,341
10165,162,179,341
10165,156,156,312
10165,191,174,365
10165,169,131,300
10165,197,215,412
10165,154,207,361
10165,196,180,376
10165,244,219,463
10165,175,144,319
10165,178,117,295
10165,189,198,387
10165,198,221,419
10165,154,207,361
10165,140,133,273
10165,209,184,393
10165,267,266,533
10165,178,211,389
10165,299,315,614
10165,159,126,285
10165,174,175,349
10165,183,164,347
10165,180,167,347
10165,178,117,295
10165,158,177,335
10165,161,140,301
10165,146,167,313
10165,154,149,303
10165,197,206,403
10165,202,193,395
10165,129,145,274
10166,162,142,304
10166,189,163,352
10166,144,149,293
10166,164,177,341
10166,144,152,296
10166,265,280,545
10166,164,177,341
10166,192,186,378
10166,163,131,294
10166,152,142,294
10166,291,300,591
10166,162,127,289
10166,145,144,289
10166,151,158,309
10166,194,179,373
10166,162,142,304
10166,203,175,378
10166,170,160,330
10166,189,163,352
10166,188,183,371
10166,151,181,332
10166,211,193,404
10166,190,200,390
10166,160,138,298
10166,235,206,441
10166,157,212,369
10166,187,121,308
10166,160,182,342
10166,200,140,340
10166,187,121,308
10166,175,178,353
10166,219,228,447
10166,274,284,558
10166,151,181,332
10166,261,238,499
10166,215,208,423
10166,157,212,369
10166,204,191,395
10166,201,202,403
10166,132,152,284
10166,144,142,286
10166,206,217,423
10167,263,273,536
10167,196,197,393
10167,190,164,354
10167,197,137,334
10167,161,140,301
10167,143,144,287
10167,164,148,312
10167,142,159,301
10167,259,248,507
10167,213,221,434
10167,296,311,607
10167,222,210,432
10167,154,166,320
10167,151,146,297
10167,204,192,396
10167,213,199,412
10167,254,189,443
10167,156,210,366
10167,156,210,366
10167,191,186,377
10167,157,129,286
10167,145,145,290
10167,143,139,282
10167,179,232,411
10167,190,164,354
10167,182,119,301
10167,200,177,377
10167,179,155,334
10167,182,119,301
10167,176,183,359
10167,283,285,568
10167,213,167,380
10167,194,189,383
10167,171,159,330
10167,164,183,347
10167,167,129,296
10167,164,148,312
10167,194,180,374
10167,164,183,347
10167,149,176,325
10167,169,141,310
10167,149,176,325
10168,175,163,338
10168,185,120,305
10168,213,203,416
10168,176,152,328
10168,219,209,428
10168,185,120,305
10168,212,216,428
10168,166,194,360
10168,153,201,354
10168,290,294,584
10168,173,143,316
10168,199,189,388
10168,205,190,395
10168,163,127,290
10168,197,202,399
10168,278,264,542
10168,144,137,281
10168,201,166,367
10168,222,196,418
10168,164,149,313
10168,151,160,311
10168,171,200,371
10168,139,138,277
10168,177,202,379
10168,189,166,355
10168,164,149,313
10168,171,200,371
10168,287,286,573
10168,279,244,523
10168,148,173,321
10168,148,173,321
10168,180,174,354
10168,144,155,299
10168,189,166,355
10168,247,187,434
10168,153,201,354
10168,154,128,282
10168,145,145,290
10168,182,239,421
10168,179,131,310
10168,149,140,289
10168,160,141,301
10169,189,188,377
10169,191,162,353
10169,170,151,321
10169,218,209,427
10169,256,259,515
10169,169,196,365
10169,142,133,275
10169,157,210,367
10169,138,134,272
10169,279,282,561
10169,177,163,340
10169,246,186,432
10169,175,117,292
10169,209,218,427
10169,175,117,292
10169,153,161,314
10169,174,154,328
10169,161,138,299
10169,203,190,393
10169,200,176,376
10169,174,154,328
10169,154,157,311
10169,149,134,283
10169,181,171,352
10169,212,168,380
10169,145,149,294
10169,213,196,409
10169,157,210,367
10169,161,138,299
10169,167,200,367
10169,168,142,310
10169,169,196,365
10169,159,125,284
10169,289,288,577
10169,191,162,353
10169,211,210,421
10169,203,202,405
10169,155,130,285
10169,213,204,417
10169,262,240,502
10169,179,133,312
10169,152,137,289
10170,204,187,391
10170,205,219,424
10170,163,139,302
10170,144,142,286
10170,160,149,309
10170,153,139,292
10170,182,122,304
10170,181,151,332
10170,199,218,417
10170,212,192,404
10170,166,195,361
10170,182,122,304
10170,215,206,421
10170,175,155,330
10170,157,126,283
10170,188,206,394
10170,209,165,374
10170,142,132,274
10170,170,203,373
10170,294,288,582
10170,268,288,556
10170,220,209,429
10170,202,199,401
10170,139,135,274
10170,268,239,507
10170,181,151,332
10170,175,131,306
10170,203,233,436
10170,137,130,267
10170,166,151,317
10170,294,288,582
10170,160,133,293
10170,152,158,310
10170,157,180,337
10170,166,151,317
10170,178,198,376
10170,170,203,373
10170,175,155,330
10170,153,154,307
10170,180,173,353
10170,188,206,394
10170,243,186,429
10171,169,198,367
10171,144,140,284
10171,298,291,589
10171,166,135,301
10171,143,139,282
10171,163,188,351
10171,265,295,560
10171,214,189,403
10171,177,191,368
10171,160,170,330
10171,156,147,303
10171,169,198,367
10171,192,152,344
10171,159,159,318
10171,166,153,319
10171,156,181,337
10171,156,126,282
10171,131,131,262
10171,148,171,319
10171,180,201,381
10171,158,217,375
10171,262,246,508
10171,203,220,423
10171,166,153,319
10171,186,198,384
10171,182,122,304
10171,140,152,292
10171,203,229,432
10171,215,218,433
10171,192,152,344
10171,148,171,319
10171,181,207,388
10171,215,207,422
10171,182,122,304
10171,235,188,423
10171,188,193,381
10171,164,138,302
10171,189,159,348
10171,270,263,533
10171,158,217,375
10171,142,128,270
10171,191,137,328
10172,158,169,327
10172,181,121,302
10172,176,200,376
10172,204,234,438
10172,294,291,585
10172,186,188,374
10172,143,128,271
10172,166,196,362
10172,145,161,306
10172,147,123,270
10172,191,185,376
10172,163,144,307
10172,154,208,362
10172,214,217,431
10172,166,196,362
10172,158,180,338
10172,182,158,340
10172,204,225,429
10172,143,160,303
10172,178,201,379
10172,179,197,376
10172,195,153,348
10172,212,199,411
10172,126,131,257
10172,143,136,279
10172,145,161,306
10172,159,146,305
10172,165,135,300
10172,163,144,307
10172,157,162,319
10172,154,208,362
10172,184,197,381
10172,208,140,348
10172,239,187,426
10172,195,153,348
10172,181,121,302
10172,155,135,290
10172,263,256,519
10172,143,133,276
10172,161,183,344
10172,267,256,523
10172,261,281,542
10173,184,162,346
10173,190,125,315
10173,214,192,406
10173,155,157,312
10173,153,200,353
10173,160,181,341
10173,199,154,353
10173,164,135,299
10173,125,134,259
10173,145,163,308
10173,210,206,416
10173,176,194,370
10173,221,206,427
10173,197,202,399
10173,183,187,370
10173,322,297,619
10173,154,141,295
10173,162,140,302
10173,196,162,358
10173,205,222,427
10173,177,204,381
10173,177,186,363
10173,190,125,315
10173,144,139,283
10173,142,135,277
10173,199,154,353
10173,159,167,326
10173,213,200,413
10173,151,124,275
10173,145,163,308
10173,153,200,353
10173,137,127,264
10173,158,185,343
10173,265,291,556
10173,302,258,560
10173,144,163,307
10173,233,186,419
10173,169,198,367
10173,259,256,515
10173,155,147,302
10173,162,140,302
10173,169,198,367
10174,211,142,353
10174,145,159,304
10174,152,203,355
10174,142,158,300
10174,154,148,302
10174,159,145,304
10174,154,149,303
10174,124,131,255
10174,208,158,366
10174,169,198,367
10174,142,138,280
10174,160,135,295
10174,233,184,417
10174,266,286,552
10174,214,203,417
10174,208,158,366
10174,155,145,300
10174,158,133,291
10174,287,295,582
10174,174,172,346
10174,275,250,525
10174,178,205,383
10174,203,165,368
10174,220,193,413
10174,159,145,304
10174,169,198,367
10174,158,133,291
10174,152,203,355
10174,152,166,318
10174,213,216,429
10174,202,224,426
10174,174,189,363
10174,218,204,422
10174,138,132,270
10174,153,125,278
10174,205,202,407
10174,160,181,341
10174,139,125,264
10174,262,268,530
10174,205,190,395
10174,145,159,304
10174,162,171,333
10175,177,180,357
10175,204,181,385
10175,143,158,301
10175,243,186,429
10175,221,194,415
10175,145,159,304
10175,141,138,279
10175,266,292,558
10175,212,209,421
10175,162,183,345
10175,210,139,349
10175,159,130,289
10175,169,136,305
10175,202,199,401
10175,209,205,414
10175,156,200,356
10175,173,180,353
10175,149,126,275
10175,206,188,394
10175,201,166,367
10175,298,259,557
10175,168,198,366
10175,156,200,356
10175,292,304,596
10175,157,141,298
10175,145,159,304
10175,209,156,365
10175,157,141,298
10175,152,126,278
10175,159,168,327
10175,127,131,258
10175,138,130,268
10175,168,198,366
10175,209,156,365
10175,151,156,307
10175,266,281,547
10175,157,148,305
10175,155,170,325
10175,159,130,289
10175,151,136,287
10175,214,203,417
10175,180,240,420
10176,139,129,268
10176,180,245,425
10176,200,187,387
10176,263,264,527
10176,174,175,349
10176,164,186,350
10176,151,128,279
10176,271,271,542
10176,157,200,357
10176,194,152,346
10176,160,147,307
10176,153,125,278
10176,200,187,387
10176,141,135,276
10176,152,150,302
10176,144,162,306
10176,216,214,430
10176,142,152,294
10176,151,162,313
10176,198,211,409
10176,242,186,428
10176,155,136,291
10176,158,131,289
10176,194,152,346
10176,182,164,346
10176,157,154,311
10176,125,141,266
10176,212,215,427
10176,183,213,396
10176,167,133,300
10176,142,152,294
10176,158,131,289
10176,192,171,363
10176,217,189,406
10176,160,147,307
10176,173,178,351
10176,219,210,429
10176,265,284,549
10176,157,200,357
10176,206,167,373
10176,292,312,604
10176,178,196,374
10177,146,164,310
10177,216,212,428
10177,159,134,293
10177,239,185,424
10177,191,188,379
10177,153,168,321
10177,148,124,272
10177,155,154,309
10177,187,174,361
10177,188,124,312
10177,267,291,558
10177,165,135,300
10177,191,212,403
10177,188,124,312
10177,143,148,291
10177,188,173,361
10177,204,166,370
10177,160,130,290
10177,186,165,351
10177,269,267,536
10177,160,200,360
10177,145,125,270
10177,187,149,336
10177,187,149,336
10177,222,210,432
10177,125,130,255
10177,138,128,266
10177,217,229,446
10177,206,179,385
10177,206,223,429
10177,192,186,378
10177,176,194,370
10177,192,186,378
10177,324,298,622
10177,143,148,291
10177,160,200,360
10177,143,139,282
10177,171,178,349
10177,179,173,352
10177,160,130,290
10177,280,258,538
10177,158,151,309
10178,174,182,356
10178,203,222,425
10178,191,205,396
10178,163,130,293
10178,179,171,350
10178,153,203,356
10178,178,194,372
10178,143,124,267
10178,194,151,345
10178,265,255,520
10178,154,171,325
10178,171,207,378
10178,142,129,271
10178,148,137,285
10178,215,221,436
10178,293,303,596
10178,152,148,300
10178,154,149,303
10178,209,167,376
10178,154,149,303
10178,219,224,443
10178,141,130,271
10178,197,177,374
10178,231,186,417
10178,165,151,316
10178,148,125,273
10178,270,304,574
10178,193,196,389
10178,171,207,378
10178,198,176,374
10178,158,134,292
10178,178,171,349
10178,217,208,425
10178,189,123,312
10178,147,167,314
10178,194,151,345
10178,214,143,357
10178,275,242,517
10178,153,203,356
10178,158,132,290
10178,189,123,312
10178,163,130,293
10179,162,148,310
10179,175,171,346
10179,162,148,310
10179,164,149,313
10179,266,236,502
10179,155,175,330
10179,141,122,263
10179,166,194,360
10179,190,219,409
10179,156,212,368
10179,145,127,272
10179,140,126,266
10179,198,153,351
10179,291,306,597
10179,166,194,360
10179,149,146,295
10179,175,180,355
10179,156,132,288
10179,158,127,285
10179,198,177,375
10179,207,142,349
10179,156,212,368
10179,171,139,310
10179,263,266,529
10179,158,127,285
10179,223,212,435
10179,198,153,351
10179,184,171,355
10179,246,202,448
10179,147,139,286
10179,196,175,371
10179,208,208,416
10179,207,167,374
10179,142,135,277
10179,238,188,426
10179,190,201,391
10179,154,145,299
10179,145,165,310
10179,149,146,295
10179,191,182,373
10179,187,193,380
10179,265,292,557
10180,263,287,550
10180,191,150,341
10180,161,145,306
10180,187,172,359
10180,165,189,354
10180,241,188,429
10180,170,139,309
10180,158,134,292
10180,206,167,373
10180,186,192,378
10180,296,306,602
10180,191,202,393
10180,156,150,306
10180,165,189,354
10180,144,154,298
10180,156,150,306
10180,151,126,277
10180,144,137,281
10180,191,150,341
10180,159,129,288
10180,161,145,306
10180,159,129,288
10180,140,126,266
10180,247,203,450
10180,157,149,306
10180,179,173,352
10180,208,189,397
10180,194,175,369
10180,202,223,425
10180,185,166,351
10180,278,258,536
10180,142,133,275
10180,213,217,430
10180,154,143,297
10180,155,206,361
10180,198,223,421
10180,152,168,320
10180,177,170,347
10180,267,250,517
10180,155,206,361
10180,143,122,265
10180,183,183,366
10181,196,151,347
10181,159,128,287
10181,138,126,264
10181,145,137,282
10181,190,122,312
10181,174,169,343
10181,240,217,457
10181,165,150,315
10181,154,174,328
10181,194,196,390
10181,174,139,313
10181,197,220,417
10181,142,135,277
10181,245,202,447
10181,196,164,360
10181,153,143,296
10181,180,182,362
10181,165,188,353
10181,191,200,391
10181,158,212,370
10181,232,188,420
10181,160,153,313
10181,145,155,300
10181,160,153,313
10181,196,151,347
10181,274,270,544
10181,262,282,544
10181,200,187,387
10181,143,123,266
10181,174,174,348
10181,197,173,370
10181,206,237,443
10181,158,212,370
10181,181,172,353
10181,258,273,531
10181,159,128,287
10181,180,147,327
10181,297,290,587
10181,165,188,353
10181,143,124,267
10181,190,122,312
10181,147,161,308
10182,163,194,357
10182,147,151,298
10182,220,193,413
10182,169,200,369
10182,146,153,299
10182,168,151,319
10182,263,281,544
10182,152,141,293
10182,164,175,339
10182,162,127,289
10182,200,153,353
10182,225,186,411
10182,204,199,403
10182,176,177,353
10182,168,139,307
10182,205,235,440
10182,180,183,363
10182,147,140,287
10182,162,127,289
10182,176,170,346
10182,214,234,448
10182,183,156,339
10182,147,159,306
10182,249,258,507
10182,181,164,345
10182,200,153,353
10182,295,293,588
10182,142,136,278
10182,142,132,274
10182,169,200,369
10182,235,198,433
10182,276,274,550
10182,163,194,357
10182,156,177,333
10182,190,204,394
10182,184,121,305
10182,147,151,298
10182,169,167,336
10182,139,121,260
10182,184,121,305
10182,143,123,266
10182,205,220,425
10183,180,121,301
10183,149,140,289
10183,177,185,362
10183,239,200,439
10183,166,167,333
10183,170,131,301
10183,274,274,548
10183,192,204,396
10183,170,131,301
10183,142,140,282
10183,145,161,306
10183,141,130,271
10183,214,146,360
10183,231,209,440
10183,180,182,362
10183,271,254,525
10183,139,121,260
10183,200,154,354
10183,213,231,444
10183,264,284,548
10183,200,154,354
10183,161,154,315
10183,313,299,612
10183,149,125,274
10183,161,196,357
10183,215,189,404
10183,167,201,368
10183,152,137,289
10183,170,152,322
10183,161,154,315
10183,225,192,417
10183,180,121,301
10183,205,220,425
10183,184,163,347
10183,147,160,307
10183,167,139,306
10183,170,189,359
10183,208,198,406
10183,167,201,368
10183,161,196,357
10183,155,178,333
10183,179,182,361
10184,141,121,262
10184,147,159,306
10184,228,196,424
10184,190,124,314
10184,171,154,325
10184,198,173,371
10184,187,174,361
10184,293,254,547
10184,156,194,350
10184,173,131,304
10184,203,142,345
10184,265,286,551
10184,225,195,420
10184,156,194,350
10184,139,126,265
10184,164,153,317
10184,325,306,631
10184,164,153,317
10184,154,142,296
10184,168,205,373
10184,202,184,386
10184,168,205,373
10184,203,218,421
10184,187,164,351
10184,146,138,284
10184,194,196,390
10184,200,156,356
10184,151,169,320
10184,169,139,308
10184,175,190,365
10184,192,203,395
10184,214,230,444
10184,158,142,300
10184,190,124,314
10184,200,156,356
10184,173,131,304
10184,185,175,360
10184,144,163,307
10184,144,145,289
10184,227,210,437
10184,254,248,502
10184,182,184,366
10185,179,169,348
10185,159,153,312
10185,184,165,349
10185,212,146,358
10185,170,154,324
10185,193,153,346
10185,177,201,378
10185,293,252,545
10185,139,124,263
10185,144,145,289
10185,169,202,371
10185,169,202,371
10185,172,199,371
10185,198,215,413
10185,177,201,378
10185,217,202,419
10185,209,220,429
10185,146,138,284
10185,193,153,346
10185,172,132,304
10185,254,248,502
10185,172,132,304
10185,302,301,603
10185,145,140,285
10185,190,183,373
10185,263,278,541
10185,224,212,436
10185,148,163,311
10185,235,194,429
10185,161,145,306
10185,193,170,363
10185,191,204,395
10185,159,153,312
10185,161,145,306
10185,153,138,291
10185,207,191,398
10185,145,172,317
10185,169,139,308
10185,142,122,264
10185,213,190,403
10185,175,135,310
10185,180,181,361
10186,214,209,423
10186,170,207,377
10186,165,180,345
10186,178,134,312
10186,242,194,436
10186,192,226,418
10186,208,217,425
10186,186,184,370
10186,198,154,352
10186,302,309,611
10186,173,183,356
10186,166,197,363
10186,148,146,294
10186,168,134,302
10186,155,144,299
10186,214,147,361
10186,181,198,379
10186,144,123,267
10186,168,134,302
10186,146,169,315
10186,147,145,292
10186,277,247,524
10186,198,154,352
10186,233,197,430
10186,166,197,363
10186,148,146,294
10186,145,137,282
10186,160,142,302
10186,297,254,551
10186,215,191,406
10186,161,160,321
10186,178,134,312
10186,140,125,265
10186,143,145,288
10186,210,223,433
10186,185,171,356
10186,160,142,302
10186,182,170,352
10186,176,155,331
10186,170,207,377
10186,304,292,596
10186,191,194,385
10187,209,224,433
10187,193,196,389
10187,182,183,365
10187,146,136,282
10187,269,243,512
10187,183,139,322
10187,148,150,298
10187,199,215,414
10187,211,200,411
10187,204,157,361
10187,217,222,439
10187,160,195,355
10187,161,144,305
10187,291,254,545
10187,139,121,260
10187,143,138,281
10187,178,165,343
10187,194,187,381
10187,176,158,334
10187,158,157,315
10187,194,187,381
10187,316,303,619
10187,144,146,290
10187,160,195,355
10187,155,141,296
10187,188,181,369
10187,210,208,418
10187,204,157,361
10187,141,122,263
10187,162,127,289
10187,166,133,299
10187,177,178,355
10187,189,172,361
10187,186,161,347
10187,195,206,401
10187,146,177,323
10187,162,127,289
10187,144,146,290
10187,292,292,584
10187,241,194,435
10187,165,176,341
10188,280,288,568
10188,143,172,315
10188,161,140,301
10188,203,205,408
10188,168,136,304
10188,162,154,316
10188,195,206,401
10188,212,222,434
10188,184,170,354
10188,185,158,343
10188,181,181,362
10188,242,192,434
10188,140,121,261
10188,158,161,319
10188,187,171,358
10188,207,183,390
10188,204,156,360
10188,271,251,522
10188,179,158,337
10188,202,217,419
10188,197,206,403
10188,298,315,613
10188,246,251,497
10188,139,119,258
10188,204,156,360
10188,147,147,294
10188,237,197,434
10188,159,174,333
10188,142,146,288
10188,158,195,353
10188,162,169,331
10188,142,146,288
10188,156,155,311
10188,142,141,283
10188,141,136,277
10188,203,199,402
10188,163,128,291
10188,158,195,353
10188,177,181,358
10188,177,181,358
10189,183,169,352
10189,209,209,418
10189,303,322,625
10189,185,162,347
10189,275,284,559
10189,174,180,354
10189,162,196,358
10189,174,180,354
10189,159,162,321
10189,140,147,287
10189,165,160,325
10189,237,189,426
10189,166,169,335
10189,183,176,359
10189,178,160,338
10189,165,137,302
10189,207,158,365
10189,138,124,262
10189,162,196,358
10189,237,197,434
10189,207,158,365
10189,244,246,490
10189,146,147,293
10189,140,147,287
10189,151,138,289
10189,143,142,285
10189,226,192,418
10189,209,222,431
10189,141,164,305
10189,161,140,301
10189,193,215,408
10189,194,203,397
10189,160,162,322
10189,178,181,359
10189,139,118,257
10189,197,197,394
10189,271,255,526
10189,160,176,336
10189,209,182,391
10189,145,158,303
10190,138,123,261
10190,156,196,352
10190,290,291,581
10190,233,197,430
10190,200,154,354
10190,185,169,354
10190,169,161,330
10190,200,208,408
10190,144,155,299
10190,164,193,357
10190,144,139,283
10190,268,248,516
10190,160,167,327
10190,166,177,343
10190,161,140,301
10190,145,144,289
10190,166,177,343
10190,139,124,263
10190,200,154,354
10190,146,155,301
10190,156,196,352
10190,182,155,337
10190,194,150,344
10190,183,166,349
10190,154,140,294
10190,185,138,323
10190,210,223,433
10190,144,155,299
10190,182,182,364
10190,250,193,443
10190,197,211,408
10190,300,321,621
10190,248,236,484
10190,167,142,309
10190,208,182,390
10190,225,214,439
10190,194,214,408
10190,207,198,405
10190,175,158,333
10190,144,174,318
10191,167,190,357
10191,175,181,356
10191,296,290,586
10191,185,177,362
10191,189,211,400
10191,181,139,320
10191,159,133,292
10191,147,153,300
10191,225,190,415
10191,148,150,298
10191,149,137,286
10191,213,225,438
10191,150,149,299
10191,250,261,511
10191,165,137,302
10191,198,153,351
10191,231,195,426
10191,144,176,320
10191,160,192,352
10191,139,123,262
10191,199,216,415
10191,138,121,259
10191,186,212,398
10191,144,158,302
10191,198,153,351
10191,194,149,343
10191,178,163,341
10191,171,160,331
10191,304,329,633
10191,150,149,299
10191,259,198,457
10191,169,157,326
10191,162,178,340
10191,160,192,352
10191,179,151,330
10191,190,228,418
10191,281,250,531
10191,192,170,362
10191,199,216,415
10192,197,205,402
10192,295,307,602
10192,295,289,584
10192,145,151,296
10192,173,162,335
10192,228,195,423
10192,201,155,356
10192,251,267,518
10192,179,195,374
10192,138,122,260
10192,144,181,325
10192,186,217,403
10192,151,149,300
10192,155,195,350
10192,188,182,370
10192,173,207,380
10192,167,138,305
10192,201,155,356
10192,166,169,335
10192,207,186,393
10192,151,149,300
10192,217,236,453
10192,279,251,530
10192,238,218,456
10192,179,160,339
10192,180,137,317
10192,184,199,383
10192,176,136,312
10192,148,157,305
10192,190,169,359
10192,196,180,376
10192,156,127,283
10192,198,197,395
10192,155,195,350
10192,150,152,302
10192,137,123,260
10192,176,161,337
10192,152,138,290
10192,163,176,339
10193,207,188,395
10193,196,206,402
10193,179,135,314
10193,151,192,343
10193,198,204,402
10193,332,309,641
10193,166,186,352
10193,209,155,364
10193,168,141,309
10193,145,154,299
10193,297,288,585
10193,237,211,448
10193,144,149,293
10193,161,177,338
10193,177,134,311
10193,145,154,299
10193,158,130,288
10193,199,172,371
10193,144,124,268
10193,165,160,325
10193,161,197,358
10193,272,251,523
10193,231,195,426
10193,170,208,378
10193,165,168,333
10193,177,162,339
10193,141,132,273
10193,182,189,371
10193,184,159,343
10193,243,249,492
10193,161,197,358
10193,180,197,377
10193,152,137,289
10193,185,208,393
10193,213,229,442
10193,185,176,361
10193,164,182,346
10193,147,154,301
10193,209,155,364
10194,160,133,293
10194,145,148,293
10194,169,131,300
10194,206,186,392
10194,211,227,438
10194,185,204,389
10194,165,184,349
10194,169,133,302
10194,207,187,394
10194,150,189,339
10194,144,149,293
10194,266,200,466
10194,203,174,377
10194,147,150,297
10194,164,185,349
10194,164,161,325
10194,171,197,368
10194,282,283,565
10194,234,197,431
10194,170,213,383
10194,190,150,340
10194,209,157,366
10194,172,160,332
10194,230,213,443
10194,184,196,380
10194,202,149,351
10194,278,243,521
10194,171,197,368
10194,186,215,401
10194,139,123,262
10194,145,148,293
10194,143,141,284
10194,278,285,563
10194,185,176,361
10194,304,330,634
10194,166,180,346
10194,209,157,366
10194,140,135,275
10194,169,146,315
10195,190,216,406
10195,216,158,374
10195,141,130,271
10195,162,180,342
10195,146,148,294
10195,160,159,319
10195,146,146,292
10195,168,194,362
10195,150,138,288
10195,209,177,386
10195,280,278,558
10195,195,161,356
10195,195,198,393
10195,180,211,391
10195,188,149,337
10195,201,227,428
10195,216,158,374
10195,161,157,318
10195,332,313,645
10195,178,188,366
10195,183,160,343
10195,252,268,520
10195,168,194,362
10195,144,142,286
10195,185,217,402
10195,208,218,426
10195,233,196,429
10195,172,171,343
10195,160,135,295
10195,165,140,305
10195,208,186,394
10195,149,180,329
10195,184,171,355
10195,144,151,295
10195,237,215,452
10195,292,290,582
10195,167,132,299
10195,171,134,305
10195,146,148,294
10196,163,194,357
10196,278,270,548
10196,168,186,354
10196,144,170,314
10196,239,197,436
10196,165,169,334
10196,213,230,443
10196,182,162,344
10196,184,212,396
10196,176,145,321
10196,204,226,430
10196,182,205,387
10196,149,148,297
10196,146,151,297
10196,162,158,320
10196,201,155,356
10196,149,137,286
10196,179,184,363
10196,232,201,433
10196,299,302,601
10196,178,150,328
10196,282,285,567
10196,188,216,404
10196,252,268,520
10196,143,145,288
10196,163,194,357
10196,155,157,312
10196,159,135,294
10196,161,132,293
10196,143,136,279
10196,149,148,297
10196,185,203,388
10196,178,179,357
10196,147,145,292
10196,205,188,393
10196,173,136,309
10196,201,155,356
10196,166,136,302
10196,205,187,392
10197,202,156,358
10197,166,159,325
10197,144,147,291
10197,178,173,351
10197,165,188,353
10197,166,135,301
10197,150,150,300
10197,202,156,358
10197,180,155,335
10197,214,230,444
10197,177,189,366
10197,177,137,314
10197,327,309,636
10197,140,135,275
10197,163,181,344
10197,150,150,300
10197,249,266,515
10197,195,185,380
10197,155,195,350
10197,191,221,412
10197,158,135,293
10197,160,158,318
10197,183,170,353
10197,146,176,322
10197,163,176,339
10197,269,286,555
10197,247,199,446
10197,145,144,289
10197,157,134,291
10197,182,194,376
10197,280,282,562
10197,190,215,405
10197,155,139,294
10197,235,207,442
10197,207,185,392
10197,220,200,420
10197,145,138,283
10197,155,195,350
10197,174,143,317
10198,250,265,515
10198,164,132,296
10198,202,204,406
10198,201,154,355
10198,142,166,308
10198,214,188,402
10198,150,137,287
10198,162,140,302
10198,153,158,311
10198,146,151,297
10198,154,133,287
10198,201,154,355
10198,185,145,330
10198,232,201,433
10198,174,142,316
10198,162,154,316
10198,187,183,370
10198,190,228,418
10198,209,236,445
10198,143,133,276
10198,162,154,316
10198,235,195,430
10198,200,176,376
10198,180,180,360
10198,158,189,347
10198,139,132,271
10198,180,191,371
10198,307,306,613
10198,164,181,345
10198,145,151,296
10198,164,195,359
10198,281,286,567
10198,158,189,347
10198,170,159,329
10198,166,189,355
10198,209,190,399
10198,205,219,424
10198,178,135,313
10198,268,284,552
10199,201,218,419
10199,231,194,425
10199,189,180,369
10199,142,165,307
10199,308,310,618
10199,159,139,298
10199,162,153,315
10199,168,159,327
10199,184,143,327
10199,208,208,416
10199,207,176,383
10199,166,184,350
10199,143,138,281
10199,157,149,306
10199,207,186,393
10199,162,140,302
10199,169,200,369
10199,219,193,412
10199,173,143,316
10199,145,153,298
10199,167,137,304
10199,185,191,376
10199,177,179,356
10199,207,205,412
10199,147,141,288
10199,271,283,554
10199,162,153,315
10199,164,215,379
10199,153,158,311
10199,200,156,356
10199,200,156,356
10199,168,134,302
10199,232,208,440
10199,164,215,379
10199,185,208,393
10199,188,187,375
10199,142,135,277
10199,283,288,571
10199,274,243,517
10200,305,270,575
10200,192,198,390
10200,230,196,426
10200,183,190,373
10200,175,239,414
10200,152,152,304
10200,146,147,293
10200,163,215,378
10200,180,193,373
10200,175,141,316
10200,195,188,383
10200,153,157,310
10200,313,307,620
10200,159,135,294
10200,142,134,276
10200,164,189,353
10200,252,269,521
10200,231,204,435
10200,145,144,289
10200,177,131,308
10200,162,130,292
10200,205,157,362
10200,144,150,294
10200,170,185,355
10200,146,179,325
10200,205,157,362
10200,140,135,275
10200,146,147,293
10200,181,170,351
10200,215,199,414
10200,181,179,360
10200,206,187,393
10200,308,300,608
10200,168,137,305
10200,166,183,349
10200,209,230,439
10200,160,160,320
10200,166,159,325
10200,163,215,378
10201,156,151,307
10201,142,148,290
10201,194,152,346
10201,294,294,588
10201,181,187,368
10201,160,138,298
10201,227,200,427
10201,299,333,632
10201,203,189,392
10201,143,167,310
10201,156,151,307
10201,149,135,284
10201,189,188,377
10201,198,188,386
10201,190,162,352
10201,165,176,341
10201,177,135,312
10201,171,136,307
10201,207,175,382
10201,165,125,290
10201,164,183,347
10201,143,135,278
10201,173,234,407
10201,167,138,305
10201,191,175,366
10201,172,160,332
10201,185,206,391
10201,172,133,305
10201,229,196,425
10201,145,147,292
10201,165,222,387
10201,251,261,512
10201,307,270,577
10201,210,232,442
10201,205,201,406
10201,165,222,387
10201,153,162,315
10201,188,180,368
10201,194,152,346
10202,180,137,317
10202,170,138,308
10202,143,134,277
10202,286,289,575
10202,188,173,361
10202,176,181,357
10202,175,161,336
10202,156,140,296
10202,250,256,506
10202,171,138,309
10202,205,206,411
10202,177,211,388
10202,185,161,346
10202,144,148,292
10202,148,150,298
10202,183,150,333
10202,149,149,298
10202,162,217,379
10202,218,162,380
10202,218,162,380
10202,143,164,307
10202,227,187,414
10202,162,217,379
10202,192,197,389
10202,219,193,412
10202,185,197,382
10202,149,149,298
10202,300,270,570
10202,159,133,292
10202,167,190,357
10202,291,305,596
10202,193,188,381
10202,186,210,396
10202,211,224,435
10202,153,156,309
10202,198,174,372
10202,202,218,420
10202,173,133,306
10202,170,141,311
10203,327,314,641
10203,178,180,358
10203,166,228,394
10203,185,198,383
10203,282,286,568
10203,291,295,586
10203,201,171,372
10203,156,129,285
10203,190,180,370
10203,149,149,298
10203,190,180,370
10203,210,218,428
10203,160,160,320
10203,145,148,293
10203,168,138,306
10203,250,260,510
10203,179,135,314
10203,208,217,425
10203,168,200,368
10203,187,218,405
10203,199,216,415
10203,190,189,379
10203,203,194,397
10203,178,141,319
10203,234,205,439
10203,167,158,325
10203,149,153,302
10203,147,176,323
10203,166,228,394
10203,143,133,276
10203,145,146,291
10203,163,170,333
10203,178,132,310
10203,233,196,429
10203,149,149,298
10203,179,212,391
10203,162,142,304
10203,188,162,350
10203,187,172,359
10204,146,149,295
10204,187,213,400
10204,163,182,345
10204,169,144,313
10204,219,160,379
10204,296,323,619
10204,141,129,270
10204,170,199,369
10204,161,142,303
10204,195,172,367
10204,219,160,379
10204,179,186,365
10204,181,192,373
10204,148,153,301
10204,192,188,380
10204,149,149,298
10204,246,247,493
10204,157,132,289
10204,177,133,310
10204,281,323,604
10204,163,220,383
10204,161,159,320
10204,163,220,383
10204,279,281,560
10204,230,197,427
10204,168,138,306
10204,185,132,317
10204,177,170,347
10204,207,200,407
10204,192,213,405
10204,192,196,388
10204,147,184,331
10204,159,159,318
10204,161,160,321
10204,252,194,446
10204,149,149,298
10204,205,202,407
10204,146,154,300
10204,178,204,382
10205,190,206,396
10205,168,193,361
10205,159,157,316
10205,170,139,309
10205,212,159,371
10205,278,275,553
10205,188,216,404
10205,162,159,321
10205,210,216,426
10205,143,128,271
10205,179,168,347
10205,148,153,301
10205,212,200,412
10205,172,152,324
10205,145,154,299
10205,185,213,398
10205,233,199,432
10205,152,151,303
10205,206,187,393
10205,282,316,598
10205,146,176,322
10205,243,241,484
10205,138,167,305
10205,179,136,315
10205,159,158,317
10205,177,183,360
10205,194,189,383
10205,233,206,439
10205,212,159,371
10205,152,151,303
10205,177,167,344
10205,194,133,327
10205,295,317,612
10205,157,132,289
10205,196,173,369
10205,193,203,396
10205,168,129,297
10205,163,180,343
10205,190,206,396
10206,213,221,434
10206,240,238,478
10206,163,160,323
10206,147,156,303
10206,180,171,351
10206,242,201,443
10206,190,223,413
10206,171,139,310
10206,170,190,360
10206,294,316,610
10206,161,139,300
10206,207,191,398
10206,146,175,321
10206,231,199,430
10206,282,314,596
10206,203,156,359
10206,174,156,330
10206,177,210,387
10206,190,188,378
10206,203,156,359
10206,159,158,317
10206,161,126,287
10206,193,208,401
10206,278,270,548
10206,196,132,328
10206,177,164,341
10206,146,147,293
10206,163,186,349
10206,178,183,361
10206,193,208,401
10206,155,161,316
10206,134,157,291
10206,143,128,271
10206,200,185,385
10206,149,156,305
10206,203,173,376
10206,146,147,293
10206,212,201,413
10206,150,154,304
10207,178,136,314
10207,162,214,376
10207,156,158,314
10207,146,147,293
10207,282,290,572
10207,242,234,476
10207,167,137,304
10207,159,159,318
10207,231,198,429
10207,208,161,369
10207,158,156,314
10207,183,179,362
10207,214,206,420
10207,146,147,293
10207,145,170,315
10207,162,214,376
10207,159,137,296
10207,302,297,599
10207,178,210,388
10207,179,211,390
10207,144,135,279
10207,208,161,369
10207,208,193,401
10207,174,159,333
10207,136,165,301
10207,167,130,297
10207,186,161,347
10207,148,154,302
10207,299,305,604
10207,181,165,346
10207,171,198,369
10207,201,187,388
10207,210,214,424
10207,198,171,369
10207,189,217,406
10207,182,169,351
10207,146,157,303
10207,171,157,328
10207,213,220,433
10208,159,159,318
10208,184,204,388
10208,146,141,287
10208,178,213,391
10208,199,187,386
10208,205,159,364
10208,179,167,346
10208,205,189,394
10208,143,169,312
10208,204,173,377
10208,225,207,432
10208,236,200,436
10208,208,211,419
10208,233,197,430
10208,167,157,324
10208,154,152,306
10208,298,300,598
10208,149,144,293
10208,306,296,602
10208,183,119,302
10208,163,214,377
10208,193,187,380
10208,168,139,307
10208,167,149,316
10208,181,160,341
10208,205,159,364
10208,307,266,573
10208,173,158,331
10208,143,150,293
10208,188,181,369
10208,246,246,492
10208,147,153,300
10208,138,166,304
10208,154,152,306
10208,175,202,377
10208,154,159,313
10208,163,214,377
10208,169,130,299
10208,185,166,351
10209,203,173,376
10209,173,131,304
10209,164,155,319
10209,142,148,290
10209,207,210,417
10209,158,163,321
10209,252,268,520
10209,300,306,606
10209,147,144,291
10209,184,212,396
10209,146,178,324
10209,209,159,368
10209,187,181,368
10209,192,182,374
10209,160,159,319
10209,164,142,306
10209,179,192,371
10209,197,183,380
10209,164,219,383
10209,167,152,319
10209,164,219,383
10209,210,229,439
10209,174,158,332
10209,180,161,341
10209,200,187,387
10209,184,123,307
10209,225,196,421
10209,174,158,332
10209,283,292,575
10209,300,291,591
10209,176,213,389
10209,190,172,362
10209,180,164,344
10209,169,150,319
10209,209,159,368
10209,173,143,316
10209,234,202,436
10209,169,129,298
10209,147,149,296
10210,148,156,304
10210,217,191,408
10210,202,187,389
10210,173,132,305
10210,290,306,596
10210,165,219,384
10210,161,189,350
10210,161,167,328
10210,157,165,322
10210,152,182,334
10210,283,289,572
10210,169,149,318
10210,188,181,369
10210,160,135,295
10210,141,146,287
10210,276,246,522
10210,219,165,384
10210,274,299,573
10210,188,215,403
10210,219,165,384
10210,152,123,275
10210,165,219,384
10210,149,146,295
10210,232,198,430
10210,162,154,316
10210,226,198,424
10210,152,182,334
10210,207,207,414
10210,192,170,362
10210,159,146,305
10210,238,212,450
10210,177,180,357
10210,179,143,322
10210,162,145,307
10210,184,187,371
10210,196,188,384
10210,147,180,327
10210,181,166,347
10210,184,207,391
10211,190,214,404
10211,247,256,503
10211,155,124,279
10211,164,143,307
10211,142,147,289
10211,161,207,368
10211,156,121,277
10211,308,308,616
10211,188,213,401
10211,281,285,566
10211,215,192,407
10211,214,200,414
10211,199,171,370
10211,154,157,311
10211,178,171,349
10211,161,186,347
10211,172,208,380
10211,243,203,446
10211,155,158,313
10211,189,145,334
10211,161,207,368
10211,160,162,322
10211,218,199,417
10211,197,184,381
10211,148,150,298
10211,276,297,573
10211,150,179,329
10211,149,186,335
10211,169,149,318
10211,184,179,363
10211,185,170,355
10211,220,164,384
10211,206,214,420
10211,160,143,303
10211,189,145,334
10211,145,139,284
10211,231,198,429
10211,150,179,329
10211,220,164,384
10211,164,154,318
10212,191,172,363
10212,189,184,373
10212,160,122,282
10212,164,214,378
10212,136,165,301
10212,159,154,313
10212,218,196,414
10212,148,184,332
10212,302,305,607
10212,215,224,439
10212,145,164,309
10212,206,199,405
10212,188,212,400
10212,235,208,443
10212,145,164,309
10212,164,214,378
10212,171,201,372
10212,203,210,413
10212,160,144,304
10212,183,144,327
10212,154,156,310
10212,219,193,412
10212,183,144,327
10212,187,214,401
10212,251,268,519
10212,189,184,373
10212,187,181,368
10212,175,177,352
10212,294,262,556
10212,159,160,319
10212,183,168,351
10212,162,134,296
10212,168,145,313
10212,146,154,300
10212,145,134,279
10212,159,174,333
10212,156,158,314
10212,185,181,366
10212,147,152,299
10212,272,296,568
10213,143,130,273
10213,136,169,305
10213,189,212,401
10213,160,160,320
10213,313,309,622
10213,248,257,505
10213,149,150,299
10213,145,159,304
10213,170,148,318
10213,145,159,304
10213,157,137,294
10213,301,264,565
10213,198,196,394
10213,147,155,302
10213,273,279,552
10213,165,224,389
10213,168,188,356
10213,187,168,355
10213,187,179,366
10213,198,187,385
10213,185,196,381
10213,214,218,432
10213,182,134,316
10213,158,165,323
10213,237,206,443
10213,171,141,312
10213,158,153,311
10213,156,167,323
10213,205,187,392
10213,165,224,389
10213,187,179,366
10213,191,226,417
10213,190,172,362
10213,218,193,411
10213,149,185,334
10213,147,148,295
10213,214,223,437
10213,171,141,312
10213,163,142,305
10213,178,179,357
10214,184,174,358
10214,146,168,314
10214,174,207,381
10214,177,141,318
10214,162,176,338
10214,146,168,314
10214,237,215,452
10214,142,128,270
10214,180,179,359
10214,163,139,302
10214,184,174,358
10214,151,150,301
10214,168,236,404
10214,177,169,346
10214,148,181,329
10214,249,262,511
10214,148,181,329
10214,204,198,402
10214,185,187,372
10214,154,154,308
10214,147,154,301
10214,154,128,282
10214,210,203,413
10214,215,228,443
10214,215,192,407
10214,168,236,404
10214,169,188,357
10214,287,313,600
10214,171,126,297
10214,217,191,408
10214,182,167,349
10214,145,144,289
10214,216,237,453
10214,209,188,397
10214,153,160,313
10214,304,265,569
10214,158,157,315
10214,172,151,323
10214,177,141,318
10214,272,279,551
10214,137,166,303
10215,163,169,332
10215,178,177,355
10215,178,160,338
10215,168,191,359
10215,159,130,289
10215,165,233,398
10215,282,281,563
10215,144,164,308
10215,178,160,338
10215,181,145,326
10215,214,221,435
10215,180,206,386
10215,153,194,347
10215,154,126,280
10215,153,194,347
10215,141,126,267
10215,175,130,305
10215,144,164,308
10215,217,192,409
10215,276,303,579
10215,199,185,384
10215,200,195,395
10215,171,153,324
10215,187,181,368
10215,165,233,398
10215,237,214,451
10215,181,145,326
10215,155,163,318
10215,156,155,311
10215,219,192,411
10215,145,137,282
10215,149,145,294
10215,160,169,329
10215,186,184,370
10215,181,190,371
10215,234,214,448
10215,281,246,527
10215,287,293,580
10215,148,160,308
10215,164,143,307
10215,191,229,420
10216,171,151,322
10216,293,299,592
10216,213,225,438
10216,198,186,384
10216,189,196,385
10216,241,228,469
10216,178,169,347
10216,162,181,343
10216,153,128,281
10216,216,195,411
10216,185,197,382
10216,139,153,292
10216,155,140,295
10216,219,207,426
10216,168,230,398
10216,139,153,292
10216,147,161,308
10216,149,149,298
10216,168,173,341
10216,188,227,415
10216,155,163,318
10216,150,156,306
10216,140,128,268
10216,276,278,554
10216,146,143,289
10216,180,164,344
10216,178,169,347
10216,159,160,319
10216,165,176,341
10216,180,164,344
10216,204,206,410
10216,169,205,374
10216,272,284,556
10216,191,182,373
10216,189,196,385
10216,168,230,398
10216,168,173,341
10216,156,125,281
10216,146,138,284
10216,253,243,496
10216,177,172,349
10217,169,190,359
10217,185,203,388
10217,195,212,407
10217,166,136,302
10217,179,224,403
10217,208,205,413
10217,139,122,261
10217,177,129,306
10217,160,141,301
10217,152,163,315
10217,195,150,345
10217,205,215,420
10217,280,301,581
10217,297,263,560
10217,142,149,291
10217,144,135,279
10217,142,149,291
10217,153,125,278
10217,178,158,336
10217,159,161,320
10217,199,192,391
10217,145,142,287
10217,156,162,318
10217,248,241,489
10217,169,167,336
10217,181,169,350
10217,212,227,439
10217,221,194,415
10217,189,195,384
10217,169,167,336
10217,268,290,558
10217,188,180,368
10217,236,220,456
10217,188,189,377
10217,178,158,336
10217,161,177,338
10217,195,150,345
10217,214,211,425
10217,147,161,308
10217,195,212,407
10217,160,122,282
10218,170,146,316
10218,153,157,310
10218,213,205,418
10218,144,159,303
10218,174,128,302
10218,210,205,415
10218,195,208,403
10218,148,140,288
10218,273,306,579
10218,188,192,380
10218,146,143,289
10218,279,300,579
10218,167,187,354
10218,163,143,306
10218,194,211,405
10218,192,205,397
10218,189,180,369
10218,293,262,555
10218,179,160,339
10218,194,211,405
10218,254,240,494
10218,153,195,348
10218,144,159,303
10218,179,160,339
10218,162,124,286
10218,194,149,343
10218,146,155,301
10218,238,204,442
10218,188,208,396
10218,140,124,264
10218,153,127,280
10218,187,170,357
10218,160,175,335
10218,209,221,430
10218,153,163,316
10218,174,217,391
10218,198,191,389
10218,159,154,313
10218,235,195,430
10218,194,149,343
10218,153,195,348
10219,181,167,348
10219,152,193,345
10219,147,156,303
10219,179,206,385
10219,182,144,326
10219,153,163,316
10219,220,226,446
10219,173,127,300
10219,225,192,417
10219,191,180,371
10219,174,210,384
10219,170,128,298
10219,161,160,321
10219,176,156,332
10219,172,177,349
10219,152,193,345
10219,192,202,394
10219,253,238,491
10219,166,184,350
10219,179,206,385
10219,269,299,568
10219,148,137,285
10219,200,203,403
10219,242,205,447
10219,159,171,330
10219,176,156,332
10219,155,129,284
10219,146,143,289
10219,172,160,332
10219,182,144,326
10219,145,163,308
10219,190,189,379
10219,288,263,551
10219,139,166,305
10219,285,317,602
10219,145,163,308
10219,182,190,372
10219,152,152,304
10219,211,204,415
10219,139,126,265
10219,231,196,427
10220,172,177,349
10220,176,169,345
10220,197,152,349
10220,275,264,539
10220,212,205,417
10220,291,331,622
10220,177,153,330
10220,256,270,526
10220,166,181,347
10220,193,211,404
10220,148,175,323
10220,192,170,362
10220,272,306,578
10220,207,183,390
10220,150,143,293
10220,148,175,323
10220,203,211,414
10220,239,204,443
10220,156,135,291
10220,189,213,402
10220,157,163,320
10220,197,152,349
10220,139,126,265
10220,153,153,306
10220,154,171,325
10220,162,156,318
10220,148,156,304
10220,225,242,467
10220,167,148,315
10220,193,211,404
10220,176,169,345
10220,164,122,286
10220,234,196,430
10220,149,148,297
10220,177,218,395
10220,194,204,398
10220,145,147,292
10220,219,192,411
10220,137,153,290
10220,203,181,384
10220,177,153,330
10221,237,196,433
10221,155,160,315
10221,200,179,379
10221,142,160,302
10221,169,126,295
10221,243,241,484
10221,199,149,348
10221,282,308,590
10221,142,160,302
10221,167,174,341
10221,185,205,390
10221,185,205,390
10221,212,190,402
10221,194,204,398
10221,179,226,405
10221,144,137,281
10221,170,146,316
10221,183,155,338
10221,214,223,437
10221,146,150,296
10221,159,171,330
10221,275,269,544
10221,218,223,441
10221,156,139,295
10221,172,167,339
10221,158,179,337
10221,148,159,307
10221,140,128,268
10221,199,149,348
10221,172,167,339
10221,194,173,367
10221,149,142,291
10221,199,202,401
10221,183,155,338
10221,268,296,564
10221,208,182,390
10221,190,222,412
10221,166,179,345
10221,138,162,300
10221,189,212,401
10221,170,176,346
10222,247,241,488
10222,236,197,433
10222,149,152,301
10222,176,203,379
10222,204,211,415
10222,138,125,263
10222,190,173,363
10222,140,152,292
10222,154,129,283
10222,174,217,391
10222,211,183,394
10222,163,164,327
10222,178,154,332
10222,186,145,331
10222,178,154,332
10222,166,165,331
10222,190,190,380
10222,163,164,327
10222,214,222,436
10222,145,140,285
10222,152,146,298
10222,261,287,548
10222,189,218,407
10222,166,180,346
10222,180,181,361
10222,176,203,379
10222,166,143,309
10222,191,207,398
10222,216,188,404
10222,282,309,591
10222,157,166,323
10222,160,182,342
10222,140,152,292
10222,171,135,306
10222,169,147,316
10222,214,208,422
10222,183,184,367
10222,186,145,331
10222,277,270,547
10222,170,127,297
10222,160,172,332
10223,187,208,395
10223,154,150,304
10223,173,210,383
10223,167,142,309
10223,154,162,316
10223,158,174,332
10223,184,145,329
10223,154,162,316
10223,274,295,569
10223,183,194,377
10223,180,168,348
10223,165,133,298
10223,211,184,395
10223,175,154,329
10223,178,202,380
10223,260,281,541
10223,203,188,391
10223,165,181,346
10223,178,202,380
10223,187,184,371
10223,198,184,382
10223,148,151,299
10223,166,124,290
10223,148,153,301
10223,165,161,326
10223,202,205,407
10223,159,170,329
10223,275,264,539
10223,161,184,345
10223,169,148,317
10223,238,202,440
10223,258,244,502
10223,184,145,329
10223,216,220,436
10223,141,125,266
10223,175,154,329
10223,154,122,276
10223,149,148,297
10223,187,186,373
10223,240,197,437
10223,148,153,301
10224,187,178,365
10224,184,204,388
10224,160,185,345
10224,185,145,330
10224,168,188,356
10224,241,196,437
10224,179,170,349
10224,191,184,375
10224,179,170,349
10224,161,182,343
10224,153,156,309
10224,173,126,299
10224,158,168,326
10224,184,200,384
10224,176,160,336
10224,176,160,336
10224,155,125,280
10224,199,194,393
10224,169,149,318
10224,180,177,357
10224,167,171,338
10224,279,276,555
10224,144,151,295
10224,144,151,295
10224,237,221,458
10224,177,212,389
10224,145,147,292
10224,157,133,290
10224,269,248,517
10224,140,123,263
10224,184,204,388
10224,189,190,379
10224,167,188,355
10224,233,200,433
10224,278,306,584
10224,139,166,305
10224,259,278,537
10224,206,182,388
10224,196,215,411
10224,152,147,299
10224,185,145,330
10225,176,136,312
10225,237,204,441
10225,282,285,567
10225,246,198,444
10225,158,178,336
10225,140,151,291
10225,166,169,335
10225,180,127,307
10225,155,160,315
10225,142,139,281
10225,163,199,362
10225,207,190,397
10225,170,196,366
10225,168,174,342
10225,269,277,546
10225,163,199,362
10225,167,148,315
10225,140,151,291
10225,213,184,397
10225,194,211,405
10225,146,132,278
10225,160,175,335
10225,162,140,302
10225,313,307,620
10225,185,197,382
10225,195,182,377
10225,185,144,329
10225,193,203,396
10225,171,167,338
10225,180,212,392
10225,171,167,338
10225,156,134,290
10225,180,166,346
10225,207,196,403
10225,154,119,273
10225,139,123,262
10225,185,144,329
10225,180,166,346
10225,264,247,511
10225,179,174,353
10225,230,218,448
10226,146,130,276
10226,155,126,281
10226,178,174,352
10226,173,142,315
10226,182,180,362
10226,160,175,335
10226,140,156,296
10226,156,160,316
10226,189,198,387
10226,167,137,304
10226,173,142,315
10226,233,202,435
10226,191,197,388
10226,268,276,544
10226,213,184,397
10226,178,162,340
10226,279,280,559
10226,160,177,337
10226,187,206,393
10226,168,166,334
10226,170,149,319
10226,143,139,282
10226,278,303,581
10226,164,180,344
10226,166,200,366
10226,191,180,371
10226,266,250,516
10226,168,166,334
10226,166,179,345
10226,140,156,296
10226,252,198,450
10226,215,190,405
10226,166,200,366
10226,171,134,305
10226,233,216,449
10226,176,125,301
10226,207,196,403
10226,140,124,264
10226,178,162,340
10226,190,215,405
10226,163,142,305
10227,166,171,337
10227,143,154,297
10227,157,172,329
10227,183,174,357
10227,260,283,543
10227,177,172,349
10227,217,202,419
10227,192,195,387
10227,158,198,356
10227,143,154,297
10227,177,172,349
10227,208,185,393
10227,185,213,398
10227,153,121,274
10227,139,127,266
10227,177,157,334
10227,225,194,419
10227,144,124,268
10227,255,245,500
10227,194,216,410
10227,204,179,383
10227,280,280,560
10227,170,183,353
10227,137,159,296
10227,141,126,267
10227,185,207,392
10227,166,171,337
10227,158,172,330
10227,225,219,444
10227,157,165,322
10227,211,224,435
10227,170,156,326
10227,170,137,307
10227,169,141,310
10227,177,157,334
10227,279,313,592
10227,175,126,301
10227,169,141,310
10227,246,196,442
10227,166,134,300
10227,158,198,356
10228,161,199,360
10228,139,128,267
10228,212,218,430
10228,184,195,379
10228,154,168,322
10228,169,136,305
10228,167,156,323
10228,168,141,309
10228,306,299,605
10228,184,186,370
10228,261,283,544
10228,209,184,393
10228,168,180,348
10228,199,180,379
10228,177,157,334
10228,260,245,505
10228,183,211,394
10228,182,178,360
10228,201,224,425
10228,180,127,307
10228,177,157,334
10228,214,211,425
10228,222,201,423
10228,159,131,290
10228,159,170,329
10228,163,141,304
10228,154,122,276
10228,242,197,439
10228,228,192,420
10228,146,130,276
10228,143,133,276
10228,168,141,309
10228,286,291,577
10228,164,165,329
10228,167,161,328
10228,167,161,328
10228,161,199,360
10228,183,171,354
10228,185,183,368
10228,183,171,354
10228,153,169,322
10229,304,275,579
10229,207,182,389
10229,193,190,383
10229,168,180,348
10229,268,247,515
10229,149,138,287
10229,167,159,326
10229,210,209,419
10229,235,193,428
10229,152,114,266
10229,140,127,267
10229,179,161,340
10229,169,140,309
10229,161,180,341
10229,146,141,287
10229,163,142,305
10229,213,212,425
10229,159,207,366
10229,170,134,304
10229,179,161,340
10229,167,159,326
10229,173,121,294
10229,193,202,395
10229,156,190,346
10229,182,178,360
10229,189,210,399
10229,169,135,304
10229,163,164,327
10229,188,212,400
10229,197,217,414
10229,157,178,335
10229,156,190,346
10229,261,288,549
10229,159,179,338
10229,196,181,377
10229,169,140,309
10229,183,176,359
10229,166,152,318
10229,279,306,585
10229,193,188,381
10229,159,207,366
10230,146,162,308
10230,166,158,324
10230,166,158,324
10230,252,272,524
10230,167,146,313
10230,185,180,365
10230,298,292,590
10230,150,142,292
10230,146,162,308
10230,160,180,340
10230,162,118,280
10230,150,108,258
10230,193,226,419
10230,232,197,429
10230,198,179,377
10230,184,178,362
10230,145,142,287
10230,183,185,368
10230,162,217,379
10230,162,217,379
10230,223,214,437
10230,157,139,296
10230,162,152,314
10230,168,134,302
10230,188,212,400
10230,212,217,429
10230,166,178,344
10230,185,180,365
10230,155,167,322
10230,139,131,270
10230,197,210,407
10230,204,183,387
10230,184,182,366
10230,135,154,289
10230,187,172,359
10230,187,201,388
10230,157,139,296
10230,153,162,315
10230,300,276,576
10230,191,194,385
10230,256,276,532
10231,152,154,306
10231,166,134,300
10231,155,160,315
10231,276,279,555
10231,148,160,308
10231,184,184,368
10231,187,184,371
10231,188,210,398
10231,132,141,273
10231,205,194,399
10231,184,183,367
10231,163,197,360
10231,294,314,608
10231,160,148,308
10231,153,105,258
10231,186,179,365
10231,163,160,323
10231,197,182,379
10231,216,209,425
10231,159,207,366
10231,140,134,274
10231,187,184,371
10231,283,274,557
10231,237,218,455
10231,161,180,341
10231,219,190,409
10231,183,176,359
10231,153,160,313
10231,246,258,504
10231,169,154,323
10231,152,154,306
10231,148,136,284
10231,158,139,297
10231,158,139,297
10231,233,198,431
10231,165,170,335
10231,143,134,277
10231,186,210,396
10231,159,207,366
10231,148,160,308
10231,212,223,435
10232,190,184,374
10232,152,155,307
10232,150,162,312
10232,196,199,395
10232,194,178,372
10232,164,198,362
10232,183,175,358
10232,147,137,284
10232,167,158,325
10232,133,134,267
10232,161,146,307
10232,196,214,410
10232,150,162,312
10232,243,220,463
10232,161,146,307
10232,296,333,629
10232,208,189,397
10232,212,222,434
10232,246,264,510
10232,153,156,309
10232,166,178,344
10232,143,140,283
10232,158,201,359
10232,155,106,261
10232,170,160,330
10232,287,270,557
10232,143,131,274
10232,238,209,447
10232,266,276,542
10232,185,186,371
10232,183,175,358
10232,162,131,293
10232,148,166,314
10232,163,160,323
10232,148,166,314
10232,158,201,359
10232,158,136,294
10232,210,207,417
10232,211,194,405
10232,190,184,374
10232,182,168,350
10233,201,205,406
10233,181,172,353
10233,183,185,368
10233,209,188,397
10233,160,202,362
10233,212,220,432
10233,326,322,648
10233,160,202,362
10233,153,157,310
10233,166,168,334
10233,149,161,310
10233,209,201,410
10233,155,182,337
10233,161,150,311
10233,171,160,331
10233,287,278,565
10233,164,199,363
10233,149,161,310
10233,157,132,289
10233,157,130,287
10233,184,177,361
10233,192,188,380
10233,203,212,415
10233,190,188,378
10233,129,131,260
10233,237,203,440
10233,167,157,324
10233,207,184,391
10233,172,192,364
10233,154,109,263
10233,224,212,436
10233,144,141,285
10233,288,271,559
10233,181,176,357
10233,190,188,378
10233,246,257,503
10233,143,127,270
10233,155,182,337
10233,161,150,311
10233,152,151,303
10233,145,129,274
10234,159,208,367
10234,155,182,337
10234,236,203,439
10234,172,198,370
10234,295,330,625
10234,163,155,318
10234,217,165,382
10234,156,129,285
10234,143,142,285
10234,163,155,318
10234,159,208,367
10234,214,204,418
10234,150,156,306
10234,163,132,295
10234,162,192,354
10234,199,212,411
10234,135,129,264
10234,217,165,382
10234,184,175,359
10234,165,158,323
10234,156,113,269
10234,144,128,272
10234,144,129,273
10234,235,213,448
10234,249,260,509
10234,155,182,337
10234,184,188,372
10234,283,272,555
10234,209,185,394
10234,164,161,325
10234,191,185,376
10234,150,156,306
10234,184,188,372
10234,284,282,566
10234,198,214,412
10234,195,141,336
10234,193,184,377
10234,211,216,427
10234,210,207,417
10234,155,161,316
10234,150,148,298
10235,146,141,287
10235,164,190,354
10235,195,186,381
10235,166,161,327
10235,156,130,286
10235,164,159,323
10235,214,208,422
10235,210,208,418
10235,152,153,305
10235,193,140,333
10235,162,213,375
10235,292,285,577
10235,179,170,349
10235,178,183,361
10235,169,194,363
10235,166,174,340
10235,154,178,332
10235,154,178,332
10235,162,213,375
10235,293,323,616
10235,164,159,323
10235,144,140,284
10235,238,210,448
10235,215,165,380
10235,266,248,514
10235,281,271,552
10235,224,213,437
10235,147,162,309
10235,143,127,270
10235,159,119,278
10235,147,162,309
10235,209,202,411
10235,202,181,383
10235,188,185,373
10235,215,165,380
10235,161,132,293
10235,193,208,401
10235,199,213,412
10235,182,189,371
10235,149,140,289
10235,143,132,275
10236,244,249,493
10236,163,217,380
10236,184,187,371
10236,186,171,357
10236,201,212,413
10236,227,215,442
10236,163,157,320
10236,209,212,421
10236,154,128,282
10236,193,229,422
10236,282,274,556
10236,188,189,377
10236,169,194,363
10236,163,217,380
10236,149,164,313
10236,214,204,418
10236,162,154,316
10236,164,192,356
10236,194,180,374
10236,155,182,337
10236,149,164,313
10236,213,164,377
10236,147,146,293
10236,141,131,272
10236,160,133,293
10236,239,215,454
10236,162,154,316
10236,148,140,288
10236,201,184,385
10236,167,181,348
10236,151,153,304
10236,146,146,292
10236,143,124,267
10236,325,327,652
10236,260,281,541
10236,213,164,377
10236,167,171,338
10236,155,182,337
10236,158,115,273
10236,196,140,336
10236,192,204,396
10237,158,132,290
10237,297,336,633
10237,156,186,342
10237,162,152,314
10237,148,162,310
10237,162,159,321
10237,190,198,388
10237,156,186,342
10237,189,178,367
10237,137,130,267
10237,195,211,406
10237,250,248,498
10237,198,176,374
10237,159,119,278
10237,259,276,535
10237,189,192,381
10237,216,164,380
10237,163,221,384
10237,205,205,410
10237,214,211,425
10237,215,204,419
10237,207,208,415
10237,183,185,368
10237,148,162,310
10237,169,181,350
10237,171,176,347
10237,154,127,281
10237,196,184,380
10237,162,155,317
10237,163,221,384
10237,235,204,439
10237,190,139,329
10237,165,193,358
10237,162,159,321
10237,170,181,351
10237,216,164,380
10237,149,144,293
10237,144,130,274
10237,148,138,286
10237,285,283,568
10237,147,149,296
10238,292,329,621
10238,254,248,502
10238,189,195,384
10238,159,123,282
10238,170,157,327
10238,239,199,438
10238,164,224,388
10238,169,178,347
10238,189,198,387
10238,146,131,277
10238,199,186,385
10238,164,224,388
10238,192,189,381
10238,261,267,528
10238,213,216,429
10238,171,176,347
10238,206,204,410
10238,192,202,394
10238,153,125,278
10238,145,132,277
10238,166,151,317
10238,204,213,417
10238,202,176,378
10238,146,161,307
10238,192,189,381
10238,286,277,563
10238,163,156,319
10238,156,133,289
10238,195,227,422
10238,163,156,319
10238,147,148,295
10238,190,178,368
10238,153,182,335
10238,192,173,365
10238,216,195,411
10238,194,139,333
10238,146,161,307
10238,147,136,283
10238,135,129,264
10238,153,182,335
10238,168,180,348
10239,143,129,272
10239,167,154,321
10239,170,178,348
10239,284,276,560
10239,204,207,411
10239,215,217,432
10239,259,247,506
10239,196,174,370
10239,170,153,323
10239,189,182,371
10239,188,203,391
10239,189,197,386
10239,191,218,409
10239,146,160,306
10239,162,217,379
10239,147,137,284
10239,189,182,371
10239,259,276,535
10239,149,154,303
10239,183,173,356
10239,148,135,283
10239,169,157,326
10239,250,202,452
10239,208,188,396
10239,175,178,353
10239,162,156,318
10239,146,160,306
10239,153,133,286
10239,171,193,364
10239,216,201,417
10239,191,190,381
10239,139,131,270
10239,151,175,326
10239,205,212,417
10239,284,309,593
10239,151,175,326
10239,162,156,318
10239,162,217,379
10239,160,124,284
10239,193,195,388
10239,154,125,279
10240,262,285,547
10240,245,200,445
10240,171,193,364
10240,163,155,318
10240,284,311,595
10240,190,218,408
10240,199,175,374
10240,149,155,304
10240,158,210,368
10240,148,173,321
10240,157,135,292
10240,158,122,280
10240,189,176,365
10240,163,155,318
10240,190,183,373
10240,132,131,263
10240,195,208,403
10240,190,183,373
10240,200,155,355
10240,210,202,412
10240,158,210,368
10240,145,157,302
10240,146,132,278
10240,145,130,275
10240,191,199,390
10240,192,190,382
10240,148,143,291
10240,207,198,405
10240,148,173,321
10240,170,186,356
10240,165,140,305
10240,206,200,406
10240,165,154,319
10240,285,272,557
10240,143,123,266
10240,197,189,386
10240,165,156,321
10240,222,224,446
10240,191,205,396
10240,251,243,494
10240,145,157,302
10241,185,159,344
10241,186,178,364
10241,148,145,293
10241,240,198,438
10241,193,219,412
10241,176,132,308
10241,211,191,402
10241,163,220,383
10241,167,183,350
10241,162,164,326
10241,194,155,349
10241,166,138,304
10241,286,274,560
10241,142,122,264
10241,244,239,483
10241,233,215,448
10241,162,164,326
10241,186,178,364
10241,198,195,393
10241,163,220,383
10241,291,306,597
10241,130,128,258
10241,197,209,406
10241,215,203,418
10241,153,181,334
10241,193,191,384
10241,165,173,338
10241,169,173,342
10241,153,135,288
10241,159,152,311
10241,169,173,342
10241,146,132,278
10241,160,122,282
10241,205,194,399
10241,153,181,334
10241,189,177,366
10241,190,199,389
10241,264,291,555
10241,182,171,353
10241,191,210,401
10241,158,141,299
10242,208,195,403
10242,148,138,286
10242,238,216,454
10242,159,134,293
10242,198,150,348
10242,294,275,569
10242,156,160,316
10242,283,311,594
10242,200,207,407
10242,200,209,409
10242,159,123,282
10242,264,291,555
10242,168,174,342
10242,243,238,481
10242,199,198,397
10242,194,215,409
10242,167,226,393
10242,186,184,370
10242,172,195,367
10242,152,181,333
10242,188,183,371
10242,152,181,333
10242,133,139,272
10242,142,121,263
10242,159,137,296
10242,181,159,340
10242,156,160,316
10242,164,153,317
10242,179,174,353
10242,147,151,298
10242,239,198,437
10242,170,131,301
10242,188,183,371
10242,167,226,393
10242,166,141,307
10242,198,150,348
10242,190,156,346
10242,189,191,380
10242,199,188,387
10242,204,187,391
10242,195,228,423
10243,182,179,361
10243,158,133,291
10243,167,230,397
10243,183,175,358
10243,195,203,398
10243,151,174,325
10243,149,156,305
10243,199,190,389
10243,188,193,381
10243,250,198,448
10243,190,189,379
10243,151,174,325
10243,185,159,344
10243,165,190,355
10243,166,141,307
10243,263,284,547
10243,172,168,340
10243,134,141,275
10243,169,174,343
10243,213,195,408
10243,189,201,390
10243,162,153,315
10243,193,223,416
10243,169,174,343
10243,219,240,459
10243,163,135,298
10243,181,155,336
10243,167,230,397
10243,285,309,594
10243,206,198,404
10243,172,168,340
10243,296,279,575
10243,145,130,275
10243,219,186,405
10243,204,191,395
10243,206,213,419
10243,173,133,306
10243,143,122,265
10243,159,124,283
10243,190,189,379
10243,265,240,505
10244,283,278,561
10244,150,124,274
10244,152,150,302
10244,167,144,311
10244,208,183,391
10244,216,225,441
10244,221,196,417
10244,190,183,373
10244,186,159,345
10244,147,157,304
10244,180,174,354
10244,195,153,348
10244,212,166,378
10244,157,206,363
10244,190,204,394
10244,272,243,515
10244,190,197,387
10244,169,135,304
10244,175,167,342
10244,151,124,275
10244,181,238,419
10244,163,138,301
10244,135,145,280
10244,197,196,393
10244,154,184,338
10244,212,166,378
10244,175,167,342
10244,208,201,409
10244,189,206,395
10244,168,184,352
10244,187,155,342
10244,191,219,410
10244,238,195,433
10244,195,153,348
10244,288,310,598
10244,168,129,297
10244,267,299,566
10244,157,206,363
10244,158,131,289
10244,192,204,396
10244,154,184,338
10245,188,176,364
10245,178,161,339
10245,269,303,572
10245,189,191,380
10245,185,182,367
10245,161,139,300
10245,193,216,409
10245,247,218,465
10245,145,158,303
10245,270,243,513
10245,178,161,339
10245,158,208,366
10245,207,196,403
10245,167,175,342
10245,193,220,413
10245,179,168,347
10245,167,175,342
10245,282,341,623
10245,179,168,347
10245,190,202,392
10245,172,137,309
10245,156,127,283
10245,219,190,409
10245,158,208,366
10245,208,212,420
10245,189,191,380
10245,191,120,311
10245,150,149,299
10245,171,184,355
10245,208,200,408
10245,132,135,267
10245,191,207,398
10245,164,143,307
10245,187,155,342
10245,284,276,560
10245,187,158,345
10245,148,124,272
10245,235,201,436
10245,151,152,303
10245,225,197,422
10245,199,186,385
10246,194,218,412
10246,164,179,343
10246,206,196,402
10246,159,204,363
10246,176,161,337
10246,189,122,311
10246,186,152,338
10246,267,298,565
10246,281,275,556
10246,176,161,337
10246,190,210,400
10246,202,217,419
10246,151,153,304
10246,131,128,259
10246,168,147,315
10246,182,167,349
10246,176,136,312
10246,166,183,349
10246,192,211,403
10246,159,204,363
10246,191,190,381
10246,179,172,351
10246,191,190,381
10246,147,122,269
10246,146,124,270
10246,272,243,515
10246,182,167,349
10246,145,155,300
10246,151,151,302
10246,285,338,623
10246,167,170,337
10246,169,182,351
10246,222,193,415
10246,223,242,465
10246,224,202,426
10246,191,209,400
10246,180,172,352
10246,154,124,278
10246,244,200,444
10246,203,211,414
10247,143,123,266
10247,179,132,311
10247,316,315,631
10247,157,201,358
10247,168,190,358
10247,181,237,418
10247,191,122,313
10247,189,186,375
10247,179,164,343
10247,203,198,401
10247,191,196,387
10247,189,204,393
10247,193,222,415
10247,164,131,295
10247,154,121,275
10247,165,179,344
10247,167,167,334
10247,181,168,349
10247,215,196,411
10247,162,153,315
10247,270,241,511
10247,205,193,398
10247,145,157,302
10247,227,194,421
10247,239,217,456
10247,170,183,353
10247,197,226,423
10247,170,155,325
10247,189,186,375
10247,164,196,360
10247,157,201,358
10247,267,292,559
10247,245,201,446
10247,281,273,554
10247,180,150,330
10247,149,124,273
10247,133,128,261
10247,179,164,343
10247,184,168,352
10248,211,196,407
10248,142,123,265
10248,199,143,342
10248,183,168,351
10248,166,161,327
10248,159,132,291
10248,193,221,414
10248,265,286,551
10248,176,148,324
10248,288,323,611
10248,227,195,422
10248,184,205,389
10248,164,194,358
10248,168,187,355
10248,190,188,378
10248,150,125,275
10248,146,159,305
10248,285,275,560
10248,155,117,272
10248,132,128,260
10248,154,184,338
10248,184,205,389
10248,151,153,304
10248,166,179,345
10248,212,203,415
10248,241,214,455
10248,189,168,357
10248,171,193,364
10248,154,184,338
10248,191,121,312
10248,209,211,420
10248,190,188,378
10248,266,239,505
10248,163,154,317
10248,188,195,383
10248,250,199,449
10248,194,201,395
10248,194,218,412
10248,206,197,403
10249,145,157,302
10249,165,194,359
10249,237,202,439
10249,158,120,278
10249,170,129,299
10249,166,182,348
10249,185,177,362
10249,189,196,385
10249,195,228,423
10249,184,199,383
10249,169,173,342
10249,169,190,359
10249,227,196,423
10249,185,169,354
10249,133,135,268
10249,154,180,334
10249,167,184,351
10249,242,218,460
10249,195,220,415
10249,184,199,383
10249,154,180,334
10249,231,242,473
10249,192,213,405
10249,182,235,417
10249,195,124,319
10249,161,151,312
10249,284,287,571
10249,195,203,398
10249,206,195,401
10249,185,177,362
10249,144,131,275
10249,144,123,267
10249,208,195,403
10249,267,293,560
10249,183,168,351
10249,169,146,315
10249,162,135,297
10249,281,299,580
10249,191,140,331
10250,178,184,362
10250,164,147,311
10250,233,214,447
10250,227,195,422
10250,227,222,449
10250,143,152,295
10250,163,177,340
10250,239,211,450
10250,165,196,361
10250,185,179,364
10250,168,189,357
10250,195,218,413
10250,142,122,264
10250,159,149,308
10250,194,170,364
10250,289,305,594
10250,205,195,400
10250,188,140,328
10250,208,192,400
10250,134,140,274
10250,194,151,345
10250,195,203,398
10250,161,216,377
10250,185,179,364
10250,188,121,309
10250,190,197,387
10250,290,294,584
10250,181,228,409
10250,163,136,299
10250,218,204,422
10250,161,216,377
10250,191,202,393
10250,156,186,342
10250,269,296,565
10250,154,187,341
10250,170,128,298
10250,164,121,285
10250,154,187,341
10250,145,131,276
10251,165,147,312
10251,239,209,448
10251,220,202,422
10251,193,142,335
10251,184,178,362
10251,184,178,362
10251,214,197,411
10251,200,169,369
10251,135,140,275
10251,168,167,335
10251,160,119,279
10251,188,188,376
10251,188,122,310
10251,162,188,350
10251,153,187,340
10251,232,238,470
10251,153,187,340
10251,240,216,456
10251,210,190,400
10251,146,133,279
10251,144,152,296
10251,166,188,354
10251,178,220,398
10251,189,189,378
10251,164,136,300
10251,170,182,352
10251,292,294,586
10251,159,127,286
10251,182,204,386
10251,282,283,565
10251,182,204,386
10251,154,182,336
10251,196,217,413
10251,188,191,379
10251,274,305,579
10251,151,152,303
10251,163,168,331
10251,141,122,263
10251,196,216,412
10252,239,215,454
10252,212,204,416
10252,193,122,315
10252,152,186,338
10252,142,128,270
10252,160,211,371
10252,161,171,332
10252,142,121,263
10252,160,211,371
10252,156,126,282
10252,231,237,468
10252,189,166,355
10252,281,279,560
10252,153,190,343
10252,160,134,294
10252,191,190,381
10252,168,181,349
10252,168,148,316
10252,190,187,377
10252,193,207,400
10252,132,140,272
10252,188,140,328
10252,165,185,350
10252,239,218,457
10252,205,188,393
10252,180,223,403
10252,187,186,373
10252,162,119,281
10252,147,161,308
10252,163,184,347
10252,299,298,597
10252,187,186,373
10252,186,190,376
10252,168,172,340
10252,196,218,414
10252,196,220,416
10252,292,284,576
10252,153,190,343
10252,153,154,307
10253,133,142,275
10253,192,151,343
10253,168,235,403
10253,187,190,377
10253,170,173,343
10253,292,296,588
10253,200,189,389
10253,234,246,480
10253,194,201,395
10253,193,169,362
10253,164,147,311
10253,297,282,579
10253,285,284,569
10253,206,195,401
10253,149,182,331
10253,191,191,382
10253,180,184,364
10253,160,136,296
10253,142,120,262
10253,165,183,348
10253,191,190,381
10253,158,126,284
10253,143,127,270
10253,201,229,430
10253,165,136,301
10253,195,219,414
10253,158,119,277
10253,238,219,457
10253,191,191,382
10253,208,201,409
10253,186,140,326
10253,183,235,418
10253,148,171,319
10253,163,187,350
10253,149,182,331
10253,157,165,322
10253,223,213,436
10253,168,235,403
10253,189,121,310
10254,135,141,276
10254,196,203,399
10254,186,139,325
10254,224,213,437
10254,206,201,407
10254,153,119,272
10254,297,289,586
10254,194,206,400
10254,166,136,302
10254,179,221,400
10254,167,144,311
10254,162,177,339
10254,142,120,262
10254,189,186,375
10254,192,187,379
10254,141,123,264
10254,153,184,337
10254,180,185,365
10254,226,215,441
10254,238,216,454
10254,220,196,416
10254,195,226,421
10254,165,191,356
10254,156,191,347
10254,192,206,398
10254,187,121,308
10254,157,126,283
10254,185,149,334
10254,192,206,398
10254,165,171,336
10254,295,295,590
10254,167,184,351
10254,230,228,458
10254,153,184,337
10254,153,135,288
10254,193,169,362
10254,293,281,574
10254,188,190,378
10254,189,186,375
10255,189,194,383
10255,197,168,365
10255,237,208,445
10255,156,137,293
10255,182,219,401
10255,210,193,403
10255,218,212,430
10255,143,124,267
10255,191,191,382
10255,164,175,339
10255,288,294,582
10255,174,200,374
10255,225,214,439
10255,163,128,291
10255,186,139,325
10255,165,152,317
10255,294,288,582
10255,193,152,345
10255,229,223,452
10255,193,122,315
10255,142,119,261
10255,146,180,326
10255,164,175,339
10255,146,180,326
10255,178,186,364
10255,206,195,401
10255,167,136,303
10255,166,182,348
10255,174,200,374
10255,164,187,351
10255,304,282,586
10255,156,186,342
10255,218,202,420
10255,189,186,375
10255,191,191,382
10255,154,120,274
10255,133,142,275
10255,190,193,383
10255,195,204,399
10256,218,167,385
10256,143,122,265
10256,166,176,342
10256,186,203,389
10256,170,174,344
10256,168,164,332
10256,204,169,373
10256,199,191,390
10256,295,292,587
10256,154,127,281
10256,222,213,435
10256,237,201,438
10256,143,122,265
10256,219,202,421
10256,210,210,420
10256,189,187,376
10256,186,203,389
10256,191,162,353
10256,193,142,335
10256,131,140,271
10256,218,167,385
10256,146,167,313
10256,191,199,390
10256,196,202,398
10256,189,121,310
10256,297,277,574
10256,187,182,369
10256,208,205,413
10256,184,228,412
10256,168,137,305
10256,167,185,352
10256,146,167,313
10256,155,121,276
10256,232,223,455
10256,199,218,417
10256,165,195,360
10256,165,147,312
10256,289,286,575
10256,156,135,291
10257,245,225,470
10257,165,164,329
10257,147,167,314
10257,305,280,585
10257,193,164,357
10257,179,165,344
10257,189,194,383
10257,142,119,261
10257,159,136,295
10257,158,128,286
10257,165,155,320
10257,184,158,342
10257,209,210,419
10257,166,185,351
10257,306,295,601
10257,198,142,340
10257,219,213,432
10257,192,200,392
10257,192,122,314
10257,196,214,410
10257,147,167,314
10257,187,236,423
10257,225,196,421
10257,182,202,384
10257,171,137,308
10257,164,196,360
10257,291,291,582
10257,190,187,377
10257,131,137,268
10257,145,124,269
10257,190,187,377
10257,164,172,336
10257,219,203,422
10257,196,155,351
10257,182,202,384
10257,214,208,422
10257,153,119,272
10257,200,190,390
10257,238,202,440
10258,273,309,582
10258,182,158,340
10258,193,122,315
10258,145,159,304
10258,190,185,375
10258,182,200,382
10258,198,212,410
10258,145,159,304
10258,293,281,574
10258,211,203,414
10258,163,165,328
10258,166,191,357
10258,159,134,293
10258,185,194,379
10258,219,211,430
10258,250,228,478
10258,171,137,308
10258,155,127,282
10258,238,211,449
10258,207,205,412
10258,306,296,602
10258,189,152,341
10258,141,123,264
10258,191,205,396
10258,190,185,375
10258,223,230,453
10258,156,123,279
10258,196,185,381
10258,180,168,348
10258,185,162,347
10258,183,228,411
10258,170,191,361
10258,165,181,346
10258,144,119,263
10258,132,137,269
10258,169,168,337
10258,225,198,423
10258,184,137,321
10258,182,200,382
10259,180,136,316
10259,217,219,436
10259,154,162,316
10259,146,156,302
10259,192,207,399
10259,220,195,415
10259,152,134,286
10259,187,185,372
10259,185,159,344
10259,192,163,355
10259,189,181,370
10259,160,128,288
10259,196,190,386
10259,170,179,349
10259,267,291,558
10259,143,118,261
10259,167,198,365
10259,132,138,270
10259,212,209,421
10259,313,297,610
10259,182,201,383
10259,167,185,352
10259,146,156,302
10259,212,201,413
10259,182,201,383
10259,158,129,287
10259,295,280,575
10259,189,181,370
10259,178,150,328
10259,144,124,268
10259,208,210,418
10259,255,228,483
10259,178,217,395
10259,242,219,461
10259,188,188,376
10259,163,180,343
10259,183,120,303
10259,224,198,422
10259,171,136,307
10260,156,129,285
10260,216,165,381
10260,132,136,268
10260,209,197,406
10260,172,132,304
10260,147,134,281
10260,218,194,412
10260,216,165,381
10260,222,211,433
10260,243,224,467
10260,165,184,349
10260,192,165,357
10260,191,210,401
10260,194,208,402
10260,225,197,422
10260,287,297,584
10260,183,200,383
10260,146,161,307
10260,171,136,307
10260,165,183,348
10260,204,207,411
10260,315,290,605
10260,156,123,279
10260,175,147,322
10260,252,227,479
10260,183,200,383
10260,166,198,364
10260,203,190,393
10260,168,173,341
10260,152,160,312
10260,187,196,383
10260,209,203,412
10260,146,161,307
10260,153,121,274
10260,157,125,282
10260,182,157,339
10260,266,303,569
10260,180,221,401
10260,182,121,303
10261,193,177,370
10261,168,195,363
10261,150,180,330
10261,260,280,540
10261,175,146,321
10261,190,209,399
10261,168,231,399
10261,175,138,313
10261,212,165,377
10261,212,165,377
10261,202,221,423
10261,207,195,402
10261,186,123,309
10261,237,250,487
10261,193,206,399
10261,152,158,310
10261,168,172,340
10261,154,123,277
10261,157,124,281
10261,157,127,284
10261,182,158,340
10261,176,208,384
10261,188,188,376
10261,165,182,347
10261,168,231,399
10261,227,213,440
10261,133,141,274
10261,202,207,409
10261,246,238,484
10261,220,203,423
10261,143,133,276
10261,322,295,617
10261,309,290,599
10261,210,212,422
10261,179,136,315
10261,201,191,392
10261,149,126,275
10261,189,162,351
10261,150,180,330
10262,195,203,398
10262,176,208,384
10262,194,124,318
10262,218,197,415
10262,152,183,335
10262,149,135,284
10262,165,135,300
10262,199,217,416
10262,286,310,596
10262,193,228,421
10262,165,216,381
10262,155,119,274
10262,165,180,345
10262,152,183,335
10262,167,200,367
10262,195,217,412
10262,238,254,492
10262,157,160,317
10262,168,168,336
10262,149,121,270
10262,152,123,275
10262,169,156,325
10262,176,176,352
10262,165,216,381
10262,175,140,315
10262,232,212,444
10262,319,295,614
10262,166,143,309
10262,136,148,284
10262,207,195,402
10262,197,160,357
10262,180,135,315
10262,185,162,347
10262,211,217,428
10262,241,219,460
10262,190,198,388
10262,192,210,402
10262,261,274,535
10262,197,160,357
10263,160,132,292
10263,213,185,398
10263,166,188,354
10263,165,133,298
10263,166,173,339
10263,233,238,471
10263,237,214,451
10263,149,120,269
10263,249,221,470
10263,185,138,323
10263,187,189,376
10263,165,217,382
10263,175,211,386
10263,283,304,587
10263,194,204,398
10263,196,209,405
10263,134,146,280
10263,195,215,410
10263,309,294,603
10263,153,159,312
10263,169,156,325
10263,192,218,410
10263,199,160,359
10263,209,215,424
10263,176,138,314
10263,220,194,414
10263,167,169,336
10263,169,191,360
10263,199,160,359
10263,149,177,326
10263,162,142,304
10263,153,136,289
10263,149,177,326
10263,267,276,543
10263,208,194,402
10263,160,145,305
10263,165,217,382
10263,165,198,363
10263,148,123,271
10264,154,124,278
10264,152,159,311
10264,162,137,299
10264,166,201,367
10264,164,168,332
10264,147,175,322
10264,147,175,322
10264,170,156,326
10264,216,228,444
10264,146,136,282
10264,197,161,358
10264,149,121,270
10264,166,163,329
10264,177,138,315
10264,167,134,301
10264,208,208,416
10264,221,198,419
10264,163,141,304
10264,192,221,413
10264,193,163,356
10264,301,293,594
10264,263,274,537
10264,187,184,371
10264,197,161,358
10264,213,186,399
10264,241,220,461
10264,165,220,385
10264,169,131,300
10264,165,220,385
10264,189,199,388
10264,176,211,387
10264,285,305,590
10264,210,209,419
10264,194,205,399
10264,231,236,467
10264,170,195,365
10264,194,189,383
10264,157,143,300
10264,132,139,271
10265,229,216,445
10265,164,197,361
10265,212,222,434
10265,189,190,379
10265,146,167,313
10265,162,136,298
10265,238,253,491
10265,146,167,313
10265,167,190,357
10265,166,185,351
10265,147,119,266
10265,221,242,463
10265,165,131,296
10265,201,160,361
10265,166,221,387
10265,143,120,263
10265,181,224,405
10265,191,201,392
10265,136,144,280
10265,189,196,385
10265,296,290,586
10265,149,158,307
10265,191,215,406
10265,201,160,361
10265,174,136,310
10265,222,192,414
10265,314,292,606
10265,166,221,387
10265,168,167,335
10265,170,135,305
10265,162,146,308
10265,186,197,383
10265,245,227,472
10265,189,162,351
10265,257,270,527
10265,214,185,399
10265,163,141,304
10265,170,157,327
10265,145,135,280
10266,165,146,311
10266,187,186,373
10266,151,165,316
10266,192,224,416
10266,209,182,391
10266,158,130,288
10266,206,162,368
10266,168,135,303
10266,163,172,335
10266,206,190,396
10266,164,190,354
10266,183,161,344
10266,201,230,431
10266,311,292,603
10266,245,234,479
10266,197,214,411
10266,147,121,268
10266,163,137,300
10266,206,162,368
10266,168,132,300
10266,150,135,285
10266,146,171,317
10266,152,122,274
10266,167,165,332
10266,258,276,534
10266,165,192,357
10266,146,171,317
10266,227,196,423
10266,137,146,283
10266,161,137,298
10266,177,159,336
10266,245,217,462
10266,192,207,399
10266,167,225,392
10266,176,215,391
10266,250,229,479
10266,303,292,595
10266,167,225,392
10266,185,193,378
10267,194,209,403
10267,269,278,547
10267,203,162,365
10267,165,189,354
10267,153,171,324
10267,167,226,393
10267,244,226,470
10267,143,164,307
10267,153,122,275
10267,167,226,393
10267,143,164,307
10267,165,134,299
10267,170,135,305
10267,166,191,357
10267,189,191,380
10267,149,122,271
10267,307,291,598
10267,172,134,306
10267,203,162,365
10267,176,207,383
10267,274,217,491
10267,216,228,444
10267,145,132,277
10267,226,195,421
10267,200,179,379
10267,194,191,385
10267,175,148,323
10267,199,227,426
10267,200,190,390
10267,163,138,301
10267,139,148,287
10267,160,173,333
10267,161,139,300
10267,191,199,390
10267,180,159,339
10267,315,295,610
10267,194,226,420
10267,178,161,339
10267,170,169,339
10268,299,290,589
10268,168,165,333
10268,215,193,408
10268,149,120,269
10268,154,123,277
10268,199,228,427
10268,143,132,275
10268,225,242,467
10268,195,228,423
10268,244,227,471
10268,187,185,372
10268,153,174,327
10268,193,207,400
10268,243,235,478
10268,162,138,300
10268,140,154,294
10268,168,135,303
10268,172,134,306
10268,184,162,346
10268,195,179,374
10268,138,150,288
10268,223,202,425
10268,153,173,326
10268,196,190,386
10268,287,315,602
10268,162,144,306
10268,182,162,344
10268,200,161,361
10268,269,277,546
10268,172,147,319
10268,164,188,352
10268,180,218,398
10268,166,135,301
10268,187,189,376
10268,140,154,294
10268,166,222,388
10268,169,200,369
10268,200,161,361
10268,166,222,388
10269,208,161,369
10269,169,133,302
10269,187,188,375
10269,170,174,344
10269,188,187,375
10269,139,146,285
10269,206,180,386
10269,163,140,303
10269,203,231,434
10269,283,313,596
10269,172,179,351
10269,167,134,301
10269,154,175,329
10269,165,218,383
10269,217,181,398
10269,215,223,438
10269,189,164,353
10269,150,121,271
10269,239,205,444
10269,290,292,582
10269,208,161,369
10269,165,192,357
10269,180,221,401
10269,141,152,293
10269,205,193,398
10269,176,149,325
10269,265,279,544
10269,142,119,261
10269,160,138,298
10269,165,218,383
10269,198,227,425
10269,144,134,278
10269,166,134,300
10269,191,220,411
10269,216,194,410
10269,172,210,382
10269,252,230,482
10269,190,163,353
10269,141,152,293
10270,201,160,361
10270,152,172,324
10270,256,209,465
10270,288,280,568
10270,169,206,375
10270,165,195,360
10270,214,220,434
10270,144,148,292
10270,246,228,474
10270,194,186,380
10270,163,211,374
10270,153,124,277
10270,163,211,374
10270,201,160,361
10270,178,137,315
10270,165,133,298
10270,171,135,306
10270,194,186,380
10270,177,147,324
10270,144,148,292
10270,293,298,591
10270,161,139,300
10270,202,179,381
10270,192,163,355
10270,305,292,597
10270,162,135,297
10270,195,210,405
10270,196,220,416
10270,219,196,415
10270,163,189,352
10270,146,137,283
10270,136,145,281
10270,197,189,386
10270,169,167,336
10270,177,212,389
10270,150,122,272
10270,188,194,382
10270,190,213,403
10270,192,163,355
10270,219,182,401
10271,133,139,272
10271,188,188,376
10271,291,296,587
10271,166,188,354
10271,201,160,361
10271,175,138,313
10271,280,307,587
10271,166,217,383
10271,166,217,383
10271,199,181,380
10271,167,155,322
10271,165,198,363
10271,162,184,346
10271,196,189,385
10271,174,147,321
10271,175,211,386
10271,201,160,361
10271,186,161,347
10271,196,214,410
10271,263,296,559
10271,190,198,388
10271,245,207,452
10271,140,150,290
10271,197,221,418
10271,165,132,297
10271,217,223,440
10271,158,126,284
10271,146,137,283
10271,147,120,267
10271,168,158,326
10271,140,150,290
10271,202,187,389
10271,154,176,330
10271,174,136,310
10271,164,147,311
10271,191,216,407
10271,202,188,390
10271,248,230,478
10271,170,203,373
10271,202,187,389
10272,184,161,345
10272,173,209,382
10272,146,137,283
10272,190,196,386
10272,244,227,471
10272,153,127,280
10272,196,224,420
10272,162,179,341
10272,148,124,272
10272,276,276,552
10272,201,179,380
10272,164,155,319
10272,199,224,423
10272,165,189,354
10272,133,133,266
10272,192,122,314
10272,187,190,377
10272,171,208,379
10272,207,190,397
10272,220,195,415
10272,189,211,400
10272,253,271,524
10272,220,195,415
10272,176,137,313
10272,173,134,307
10272,198,158,356
10272,142,148,290
10272,166,129,295
10272,163,146,309
10272,142,148,290
10272,163,213,376
10272,173,147,320
10272,165,201,366
10272,163,213,376
10272,199,190,389
10272,198,158,356
10272,153,170,323
10272,251,206,457
10272,294,294,588
10272,217,228,445
10273,216,228,444
10273,169,205,374
10273,148,160,308
10273,184,139,323
10273,190,193,383
10273,159,142,301
10273,194,156,350
10273,186,160,346
10273,189,121,310
10273,245,227,472
10273,145,155,300
10273,226,203,429
10273,252,271,523
10273,146,140,286
10273,169,159,328
10273,151,138,289
10273,166,219,385
10273,205,180,385
10273,279,276,555
10273,246,206,452
10273,175,215,390
10273,166,219,385
10273,150,155,305
10273,145,155,300
10273,187,191,378
10273,214,195,409
10273,158,173,331
10273,216,193,409
10273,201,190,391
10273,188,201,389
10273,167,159,326
10273,154,171,325
10273,214,195,409
10273,133,137,270
10273,194,156,350
10273,292,290,582
10273,157,129,286
10273,163,196,359
10273,190,162,352
10273,196,221,417
10274,192,133,325
10274,189,209,398
10274,277,275,552
10274,201,230,431
10274,149,135,284
10274,171,168,339
10274,238,209,447
10274,207,205,412
10274,162,173,335
10274,261,266,527
10274,197,221,418
10274,187,140,327
10274,182,159,341
10274,146,155,301
10274,189,209,398
10274,187,154,341
10274,302,290,592
10274,187,154,341
10274,193,179,372
10274,155,175,330
10274,189,120,309
10274,170,225,395
10274,171,204,375
10274,150,152,302
10274,190,206,396
10274,231,223,454
10274,159,149,308
10274,213,183,396
10274,150,168,318
10274,164,131,295
10274,134,136,270
10274,145,135,280
10274,219,194,413
10274,192,199,391
10274,211,190,401
10274,170,225,395
10274,175,218,393
10274,190,163,353
10274,194,208,402
10274,150,168,318
10275,145,152,297
10275,188,141,329
10275,216,183,399
10275,147,161,308
10275,160,131,291
10275,192,187,379
10275,297,285,582
10275,199,158,357
10275,171,227,398
10275,150,154,304
10275,160,151,311
10275,210,206,416
10275,258,266,524
10275,190,120,310
10275,202,236,438
10275,171,227,398
10275,151,145,296
10275,174,219,393
10275,220,195,415
10275,206,188,394
10275,185,132,317
10275,146,132,278
10275,242,227,469
10275,190,206,396
10275,147,161,308
10275,155,178,333
10275,235,203,438
10275,206,188,394
10275,162,153,315
10275,218,201,419
10275,175,176,351
10275,163,151,314
10275,276,274,550
10275,132,132,264
10275,196,208,404
10275,175,212,387
10275,167,187,354
10275,199,158,357
10275,206,181,387
10275,182,177,359
10276,185,186,371
10276,217,205,422
10276,214,182,396
10276,149,161,310
10276,132,132,264
10276,152,167,319
10276,150,178,328
10276,272,270,542
10276,195,208,403
10276,166,185,351
10276,189,141,330
10276,168,155,323
10276,191,155,346
10276,185,186,371
10276,211,180,391
10276,186,199,385
10276,147,136,283
10276,258,230,488
10276,174,222,396
10276,254,208,462
10276,194,215,409
10276,222,196,418
10276,171,128,299
10276,153,147,300
10276,220,212,432
10276,173,176,349
10276,180,227,407
10276,166,132,298
10276,191,155,346
10276,167,152,319
10276,178,128,306
10276,150,178,328
10276,171,225,396
10276,190,120,310
10276,186,179,365
10276,203,191,394
10276,279,273,552
10276,305,293,598
10276,171,225,396
10276,160,149,309
10277,172,212,384
10277,167,154,321
10277,189,200,389
10277,209,205,414
10277,167,186,353
10277,169,174,343
10277,152,144,296
10277,219,214,433
10277,170,227,397
10277,197,216,413
10277,188,180,368
10277,151,167,318
10277,193,120,313
10277,279,284,563
10277,193,202,395
10277,211,183,394
10277,214,180,394
10277,266,214,480
10277,260,232,492
10277,134,133,267
10277,169,132,301
10277,319,298,617
10277,153,176,329
10277,222,195,417
10277,184,157,341
10277,174,138,312
10277,184,157,341
10277,153,176,329
10277,178,221,399
10277,183,138,321
10277,171,154,325
10277,187,200,387
10277,166,127,293
10277,173,125,298
10277,209,191,400
10277,148,143,291
10277,279,270,549
10277,170,227,397
10277,189,200,389
10277,158,147,305
10278,181,162,343
10278,171,207,378
10278,158,151,309
10278,170,130,300
10278,216,193,409
10278,170,157,327
10278,188,120,308
10278,209,183,392
10278,224,215,439
10278,168,132,300
10278,132,132,264
10278,181,162,343
10278,194,212,406
10278,173,176,349
10278,216,181,397
10278,212,194,406
10278,251,228,479
10278,189,196,385
10278,147,145,292
10278,219,195,414
10278,175,216,391
10278,199,217,416
10278,165,205,370
10278,165,218,383
10278,193,175,368
10278,240,225,465
10278,279,270,549
10278,317,297,614
10278,168,135,303
10278,186,139,325
10278,152,175,327
10278,191,159,350
10278,171,157,328
10278,193,175,368
10278,151,144,295
10278,189,196,385
10278,209,209,418
10278,164,122,286
10278,165,218,383
10278,282,292,574
10279,199,195,394
10279,197,211,408
10279,173,136,309
10279,212,219,431
10279,178,160,338
10279,184,120,304
10279,218,193,411
10279,192,174,366
10279,205,184,389
10279,282,270,552
10279,181,137,318
10279,149,148,297
10279,193,210,403
10279,254,228,482
10279,155,197,352
10279,190,207,397
10279,188,179,367
10279,153,174,327
10279,133,128,261
10279,165,131,296
10279,190,207,397
10279,186,180,366
10279,179,157,336
10279,172,207,379
10279,152,145,297
10279,182,157,339
10279,221,194,415
10279,147,150,297
10279,155,197,352
10279,156,147,303
10279,198,214,412
10279,283,297,580
10279,212,213,425
10279,175,127,302
10279,238,221,459
10279,215,181,396
10279,182,162,344
10279,178,160,338
10279,192,174,366
10279,324,299,623
10280,304,322,626
10280,176,176,352
10280,167,131,298
10280,176,207,383
10280,175,161,336
10280,163,202,365
10280,193,179,372
10280,185,163,348
10280,189,132,321
10280,197,222,419
10280,148,151,299
10280,164,197,361
10280,161,147,308
10280,135,129,264
10280,281,271,552
10280,171,135,306
10280,175,161,336
10280,213,193,406
10280,185,138,323
10280,198,217,415
10280,211,204,415
10280,198,195,393
10280,189,121,310
10280,200,211,411
10280,208,211,419
10280,193,179,372
10280,153,177,330
10280,187,159,346
10280,194,181,375
10280,198,217,415
10280,211,191,402
10280,145,136,281
10280,236,218,454
10280,151,141,292
10280,197,174,371
10280,233,243,476
10280,164,197,361
10280,176,157,333
10280,201,217,418
10280,279,291,570
10281,163,196,359
10281,212,212,424
10281,209,180,389
10281,304,315,619
10281,165,147,312
10281,276,286,562
10281,146,145,291
10281,134,128,262
10281,210,192,402
10281,190,120,310
10281,163,202,365
10281,226,194,420
10281,151,142,293
10281,171,205,376
10281,169,135,304
10281,239,215,454
10281,166,172,338
10281,188,174,362
10281,216,195,411
10281,234,246,480
10281,149,144,293
10281,199,227,426
10281,166,155,321
10281,163,196,359
10281,190,141,331
10281,150,172,322
10281,222,198,420
10281,173,160,333
10281,160,184,344
10281,173,219,392
10281,166,130,296
10281,210,211,421
10281,202,189,391
10281,173,160,333
10281,187,159,346
10281,188,174,362
10281,216,195,411
10281,288,271,559
10281,196,181,377
10281,177,157,334
10282,161,194,355
10282,171,150,321
10282,172,135,307
10282,218,194,412
10282,166,145,311
10282,183,157,340
10282,262,293,555
10282,175,157,332
10282,209,207,416
10282,191,141,332
10282,161,194,355
10282,162,195,357
10282,198,221,419
10282,162,182,344
10282,149,172,321
10282,238,222,460
10282,185,164,349
10282,198,206,404
10282,150,142,292
10282,277,285,562
10282,134,128,262
10282,186,121,307
10282,218,181,399
10282,304,313,617
10282,196,192,388
10282,210,186,396
10282,147,152,299
10282,206,192,398
10282,177,207,384
10282,164,157,321
10282,164,130,294
10282,162,173,335
10282,229,235,464
10282,185,164,349
10282,224,193,417
10282,164,157,321
10282,198,221,419
10282,200,190,390
10282,147,140,287
10282,198,221,419
10283,186,163,349
10283,160,204,364
10283,200,219,419
10283,301,304,605
10283,174,207,381
10283,274,275,549
10283,147,149,296
10283,182,138,320
10283,211,193,404
10283,191,161,352
10283,164,128,292
10283,194,216,410
10283,168,162,330
10283,197,222,419
10283,186,163,349
10283,197,193,390
10283,150,139,289
10283,210,211,421
10283,160,146,306
10283,156,186,342
10283,194,216,410
10283,160,204,364
10283,178,159,337
10283,134,130,264
10283,233,243,476
10283,168,162,330
10283,147,137,284
10283,261,286,547
10283,189,123,312
10283,222,197,419
10283,158,170,328
10283,173,136,309
10283,192,202,394
10283,206,208,414
10283,161,187,348
10283,210,187,397
10283,206,192,398
10283,167,149,316
10283,242,227,469
10283,166,173,339
10284,151,147,298
10284,177,138,315
10284,161,188,349
10284,159,193,352
10284,259,283,542
10284,193,210,403
10284,179,164,343
10284,167,182,349
10284,187,161,348
10284,211,210,421
10284,132,134,266
10284,304,315,619
10284,188,196,384
10284,159,173,332
10284,160,147,307
10284,179,164,343
10284,161,176,337
10284,187,161,348
10284,143,140,283
10284,212,204,416
10284,159,193,352
10284,182,139,321
10284,161,128,289
10284,245,235,480
10284,199,191,390
10284,168,156,324
10284,188,196,384
10284,146,133,279
10284,198,194,392
10284,215,182,397
10284,215,194,409
10284,228,198,426
10284,170,207,377
10284,155,186,341
10284,275,279,554
10284,232,243,475
10284,167,146,313
10284,197,210,407
10284,185,121,306
10284,215,186,401
10285,192,203,395
10285,300,310,610
10285,192,121,313
10285,171,196,367
10285,131,132,263
10285,162,180,342
10285,222,195,417
10285,210,206,416
10285,163,146,309
10285,153,189,342
10285,260,285,545
10285,143,140,283
10285,163,185,348
10285,169,147,316
10285,170,211,381
10285,210,180,390
10285,195,186,381
10285,186,192,378
10285,181,138,319
10285,171,196,367
10285,187,157,344
10285,164,165,329
10285,187,157,344
10285,157,191,348
10285,166,183,349
10285,208,190,398
10285,153,189,342
10285,202,230,432
10285,279,282,561
10285,237,218,455
10285,186,192,378
10285,152,125,277
10285,163,194,357
10285,198,195,393
10285,153,155,308
10285,148,160,308
10285,215,188,403
10285,150,147,297
10285,233,245,478
10285,209,209,418
10286,208,209,417
10286,236,215,451
10286,189,191,380
10286,190,122,312
10286,302,309,611
10286,157,195,352
10286,162,159,321
10286,177,165,342
10286,200,226,426
10286,190,199,389
10286,162,192,354
10286,151,151,302
10286,148,140,288
10286,176,198,374
10286,220,196,416
10286,190,199,389
10286,200,179,379
10286,166,191,357
10286,177,165,342
10286,234,248,482
10286,211,208,419
10286,186,156,342
10286,140,134,274
10286,164,174,338
10286,164,191,355
10286,211,188,399
10286,197,213,410
10286,179,215,394
10286,182,136,318
10286,151,124,275
10286,193,187,380
10286,133,133,266
10286,186,156,342
10286,196,129,325
10286,176,138,314
10286,176,198,374
10286,279,293,572
10286,202,212,414
10286,260,289,549
10286,162,145,307
10287,163,176,339
10287,177,164,341
10287,182,161,343
10287,188,155,343
10287,161,185,346
10287,177,198,375
10287,150,145,295
10287,176,139,315
10287,228,207,435
10287,134,135,269
10287,230,198,428
10287,177,198,375
10287,181,122,303
10287,207,227,434
10287,159,194,353
10287,194,194,388
10287,152,151,303
10287,217,189,406
10287,195,206,401
10287,201,179,380
10287,288,275,563
10287,197,130,327
10287,231,239,470
10287,190,191,381
10287,280,284,564
10287,188,155,343
10287,188,194,382
10287,188,194,382
10287,210,211,421
10287,159,144,303
10287,150,123,273
10287,234,205,439
10287,195,141,336
10287,177,164,341
10287,301,310,611
10287,187,214,401
10287,188,165,353
10287,217,222,439
10287,163,183,346
10287,140,134,274
10288,178,122,300
10288,153,159,312
10288,228,199,427
10288,207,179,386
10288,141,135,276
10288,199,204,403
10288,186,164,350
10288,162,144,306
10288,194,129,323
10288,152,190,342
10288,177,198,375
10288,195,197,392
10288,166,184,350
10288,189,139,328
10288,191,211,402
10288,187,190,377
10288,187,190,377
10288,301,308,609
10288,181,213,394
10288,212,212,424
10288,194,155,349
10288,194,155,349
10288,283,295,578
10288,229,207,436
10288,196,192,388
10288,160,171,331
10288,165,136,301
10288,148,139,287
10288,199,212,411
10288,180,161,341
10288,177,198,375
10288,227,228,455
10288,155,191,346
10288,162,186,348
10288,286,271,557
10288,200,229,429
10288,145,120,265
10288,152,190,342
10288,135,142,277
10288,247,202,449
10289,185,190,375
10289,186,138,324
10289,205,206,411
10289,278,272,550
10289,143,139,282
10289,227,227,454
10289,143,121,264
10289,244,202,446
10289,183,124,307
10289,189,156,345
10289,297,302,599
10289,219,189,408
10289,154,163,317
10289,284,298,582
10289,195,176,371
10289,202,195,397
10289,190,160,350
10289,198,209,407
10289,225,205,430
10289,160,170,330
10289,147,133,280
10289,169,137,306
10289,176,197,373
10289,152,184,336
10289,161,180,341
10289,135,139,274
10289,196,219,415
10289,189,156,345
10289,202,195,397
10289,193,166,359
10289,152,184,336
10289,176,197,373
10289,192,166,358
10289,181,169,350
10289,170,117,287
10289,195,201,396
10289,213,212,425
10289,165,145,310
10289,232,200,432
10289,184,213,397
10290,196,204,400
10290,174,196,370
10290,186,157,343
10290,215,188,403
10290,165,187,352
10290,199,212,411
10290,159,192,351
10290,147,133,280
10290,135,134,269
10290,219,230,449
10290,230,233,463
10290,160,178,338
10290,186,157,343
10290,175,210,385
10290,180,121,301
10290,220,199,419
10290,168,190,358
10290,165,186,351
10290,247,203,450
10290,189,139,328
10290,282,296,578
10290,150,154,304
10290,151,187,338
10290,170,137,307
10290,162,149,311
10290,145,127,272
10290,194,193,387
10290,273,270,543
10290,220,199,419
10290,219,207,426
10290,238,202,440
10290,151,187,338
10290,291,293,584
10290,191,161,352
10290,197,187,384
10290,181,124,305
10290,143,139,282
10290,212,206,418
10290,204,177,381
10290,174,196,370
10291,171,137,308
10291,145,167,312
10291,211,206,417
10291,178,122,300
10291,187,156,343
10291,194,182,376
10291,188,200,388
10291,235,200,435
10291,190,164,354
10291,160,174,334
10291,201,178,379
10291,188,180,368
10291,143,140,283
10291,144,124,268
10291,187,156,343
10291,165,184,349
10291,145,167,312
10291,222,200,422
10291,222,200,422
10291,169,210,379
10291,149,140,289
10291,167,184,351
10291,188,200,388
10291,164,159,323
10291,159,174,333
10291,219,210,429
10291,189,139,328
10291,220,229,449
10291,245,200,445
10291,178,123,301
10291,196,209,405
10291,305,286,591
10291,173,218,391
10291,134,131,265
10291,274,271,545
10291,275,278,553
10291,230,235,465
10291,149,144,293
10291,219,189,408
10291,182,168,350
10292,148,176,324
10292,216,189,405
10292,149,146,295
10292,148,176,324
10292,189,214,403
10292,187,163,350
10292,159,175,334
10292,172,215,387
10292,189,214,403
10292,269,270,539
10292,204,229,433
10292,228,230,458
10292,192,199,391
10292,196,206,402
10292,217,211,428
10292,162,187,349
10292,191,139,330
10292,186,198,384
10292,167,186,353
10292,186,198,384
10292,250,200,450
10292,212,214,426
10292,278,278,556
10292,137,131,268
10292,241,203,444
10292,142,124,266
10292,149,142,291
10292,199,207,406
10292,178,125,303
10292,182,170,352
10292,212,180,392
10292,165,159,324
10292,297,285,582
10292,187,159,346
10292,187,159,346
10292,178,121,299
10292,166,192,358
10292,171,137,308
10292,143,141,284
10292,173,220,393
10293,194,201,395
10293,149,137,286
10293,174,219,393
10293,194,201,395
10293,171,218,389
10293,229,234,463
10293,216,192,408
10293,197,221,418
10293,192,168,360
10293,190,167,357
10293,217,182,399
10293,142,136,278
10293,142,123,265
10293,232,197,429
10293,192,162,354
10293,188,137,325
10293,153,183,336
10293,294,285,579
10293,177,121,298
10293,172,137,309
10293,145,137,282
10293,198,209,407
10293,185,163,348
10293,240,201,441
10293,172,167,339
10293,159,179,338
10293,270,270,540
10293,170,122,292
10293,204,224,428
10293,197,221,418
10293,143,132,275
10293,212,204,416
10293,153,183,336
10293,164,158,322
10293,195,206,401
10293,283,278,561
10293,199,208,407
10293,187,182,369
10293,163,187,350
10293,190,167,357
10294,180,126,306
10294,246,202,448
10294,140,131,271
10294,199,217,416
10294,189,197,386
10294,143,124,267
10294,172,138,310
10294,177,135,312
10294,190,171,361
10294,165,189,354
10294,215,190,405
10294,282,272,554
10294,176,176,352
10294,171,211,382
10294,191,161,352
10294,187,182,369
10294,227,208,435
10294,192,199,391
10294,163,154,317
10294,190,171,361
10294,281,299,580
10294,291,285,576
10294,192,199,391
10294,175,121,296
10294,196,223,419
10294,149,179,328
10294,213,220,433
10294,164,190,354
10294,202,208,410
10294,208,203,411
10294,150,138,288
10294,192,165,357
10294,174,166,340
10294,147,138,285
10294,203,206,409
10294,196,223,419
10294,149,179,328
10294,233,240,473
10294,172,216,388
10294,139,127,266
10295,193,214,407
10295,164,155,319
10295,214,219,433
10295,232,246,478
10295,205,207,412
10295,165,198,363
10295,183,127,310
10295,235,208,443
10295,190,192,382
10295,212,217,429
10295,202,222,424
10295,188,181,369
10295,168,138,306
10295,148,169,317
10295,266,206,472
10295,193,214,407
10295,298,286,584
10295,189,167,356
10295,179,176,355
10295,176,122,298
10295,187,163,350
10295,190,198,388
10295,174,166,340
10295,148,169,317
10295,152,142,294
10295,164,185,349
10295,176,135,311
10295,316,287,603
10295,166,183,349
10295,174,211,385
10295,169,202,371
10295,209,208,417
10295,283,273,556
10295,141,132,273
10295,190,198,388
10295,189,167,356
10295,149,126,275
10295,190,210,400
10295,137,130,267
10295,142,128,270
10296,300,286,586
10296,171,211,382
10296,186,158,344
10296,149,177,326
10296,313,285,598
10296,212,218,430
10296,286,274,560
10296,170,138,308
10296,173,123,296
10296,165,184,349
10296,194,220,414
10296,144,127,271
10296,184,173,357
10296,230,238,468
10296,136,130,266
10296,216,190,406
10296,189,199,388
10296,181,169,350
10296,206,206,412
10296,210,205,415
10296,227,204,431
10296,175,134,309
10296,189,199,388
10296,151,143,294
10296,173,122,295
10296,167,161,328
10296,222,208,430
10296,151,127,278
10296,144,135,279
10296,164,178,342
10296,165,197,362
10296,193,182,375
10296,173,219,392
10296,204,207,411
10296,184,164,348
10296,149,177,326
10296,194,220,414
10296,186,158,344
10296,255,203,458
10296,165,173,338
10297,185,157,342
10297,229,203,432
10297,164,136,300
10297,188,172,360
10297,166,190,356
10297,155,128,283
10297,175,214,389
10297,312,286,598
10297,185,198,383
10297,290,273,563
10297,201,205,406
10297,217,197,414
10297,163,179,342
10297,178,124,302
10297,145,132,277
10297,175,123,298
10297,298,283,581
10297,171,175,346
10297,185,157,342
10297,180,163,343
10297,146,169,315
10297,142,135,277
10297,241,199,440
10297,146,169,315
10297,164,200,364
10297,193,183,376
10297,217,197,414
10297,137,130,267
10297,193,194,387
10297,256,203,459
10297,150,139,289
10297,164,157,321
10297,183,197,380
10297,207,204,411
10297,185,171,356
10297,177,134,311
10297,231,239,470
10297,183,197,380
10297,200,226,426
10297,208,224,432
10298,216,194,410
10298,157,130,287
10298,169,175,344
10298,176,209,385
10298,280,306,586
10298,191,170,361
10298,230,239,469
10298,164,183,347
10298,195,211,406
10298,196,205,401
10298,165,185,350
10298,173,123,296
10298,141,131,272
10298,158,194,352
10298,216,194,410
10298,163,196,359
10298,233,198,431
10298,196,161,357
10298,223,205,428
10298,163,135,298
10298,179,195,374
10298,213,204,417
10298,145,128,273
10298,143,157,300
10298,181,165,346
10298,180,123,303
10298,166,158,324
10298,187,193,380
10298,289,283,572
10298,193,182,375
10298,179,195,374
10298,137,128,265
10298,284,272,556
10298,246,201,447
10298,182,195,377
10298,143,157,300
10298,177,133,310
10298,150,139,289
10298,213,220,433
10298,196,161,357
10299,231,197,428
10299,147,165,312
10299,181,195,376
10299,147,165,312
10299,181,195,376
10299,195,212,407
10299,141,131,272
10299,227,232,459
10299,145,128,273
10299,174,176,350
10299,181,163,344
10299,165,180,345
10299,191,194,385
10299,293,283,576
10299,219,197,416
10299,197,208,405
10299,181,134,315
10299,151,140,291
10299,251,218,469
10299,187,171,358
10299,197,160,357
10299,163,190,353
10299,185,199,384
10299,175,209,384
10299,200,196,396
10299,168,163,331
10299,138,127,265
10299,170,121,291
10299,164,179,343
10299,197,160,357
10299,149,128,277
10299,264,297,561
10299,200,184,384
10299,231,204,435
10299,173,122,295
10299,275,295,570
10299,163,134,297
10299,219,197,416
10299,257,204,461
10299,184,168,352
10300,168,164,332
10300,177,176,353
10300,194,195,389
10300,161,134,295
10300,242,216,458
10300,142,136,278
10300,153,144,297
10300,265,296,561
10300,207,194,401
10300,182,212,394
10300,195,160,355
10300,188,167,355
10300,196,210,406
10300,268,277,545
10300,180,133,313
10300,298,285,583
10300,181,196,377
10300,236,199,435
10300,190,176,366
10300,165,183,348
10300,163,191,354
10300,193,209,402
10300,207,194,401
10300,186,172,358
10300,149,174,323
10300,231,239,470
10300,140,131,271
10300,202,219,421
10300,186,182,368
10300,149,174,323
10300,174,121,295
10300,148,130,278
10300,195,160,355
10300,154,129,283
10300,166,188,354
10300,209,220,429
10300,260,204,464
10300,173,160,333
10300,181,196,377
10300,180,125,305
10301,175,161,336
10301,179,122,301
10301,163,188,351
10301,159,198,357
10301,215,199,414
10301,188,184,372
10301,153,131,284
10301,152,145,297
10301,162,134,296
10301,189,166,355
10301,289,272,561
10301,141,132,273
10301,168,160,328
10301,174,124,298
10301,216,236,452
10301,156,130,286
10301,231,203,434
10301,248,218,466
10301,215,199,414
10301,177,195,372
10301,191,161,352
10301,193,215,408
10301,146,167,313
10301,146,167,313
10301,228,232,460
10301,185,191,376
10301,296,284,580
10301,181,212,393
10301,237,199,436
10301,241,218,459
10301,196,206,402
10301,195,158,353
10301,195,158,353
10301,177,195,372
10301,174,131,305
10301,179,179,358
10301,160,177,337
10301,167,194,361
10301,269,270,539
10301,147,131,278
10302,193,212,405
10302,188,172,360
10302,144,145,289
10302,169,165,334
10302,185,158,343
10302,184,213,397
10302,162,186,348
10302,148,169,317
10302,213,200,413
10302,179,125,304
10302,179,195,374
10302,213,200,413
10302,239,200,439
10302,160,172,332
10302,207,203,410
10302,161,131,292
10302,225,229,454
10302,187,165,352
10302,168,178,346
10302,223,238,461
10302,201,186,387
10302,190,159,349
10302,147,130,277
10302,243,227,470
10302,177,181,358
10302,195,206,401
10302,158,132,290
10302,148,169,317
10302,179,195,374
10302,305,284,589
10302,190,159,349
10302,146,130,276
10302,179,124,303
10302,186,168,354
10302,226,206,432
10302,268,272,540
10302,288,273,561
10302,152,145,297
10302,171,185,356
10302,168,138,306
10303,222,202,424
10303,147,169,316
10303,167,138,305
10303,194,160,354
10303,219,238,457
10303,147,169,316
10303,191,215,406
10303,155,153,308
10303,188,198,386
10303,188,198,386
10303,158,194,352
10303,191,215,406
10303,139,127,266
10303,171,184,355
10303,185,198,383
10303,186,157,343
10303,197,207,404
10303,228,218,446
10303,145,134,279
10303,188,212,400
10303,238,217,455
10303,179,178,357
10303,156,132,288
10303,306,285,591
10303,184,168,352
10303,169,120,289
10303,270,275,545
10303,184,193,377
10303,194,160,354
10303,289,274,563
10303,201,186,387
10303,144,145,289
10303,163,179,342
10303,171,172,343
10303,191,166,357
10303,215,222,437
10303,164,193,357
10303,231,196,427
10303,157,132,289
10303,179,124,303
10304,227,215,442
10304,195,206,401
10304,325,290,615
10304,274,269,543
10304,190,168,358
10304,155,156,311
10304,171,120,291
10304,185,197,382
10304,180,184,364
10304,131,127,258
10304,157,131,288
10304,152,130,282
10304,144,137,281
10304,195,160,355
10304,229,204,433
10304,167,138,305
10304,236,208,444
10304,189,195,384
10304,230,197,427
10304,195,160,355
10304,189,195,384
10304,168,170,338
10304,190,195,385
10304,164,182,346
10304,171,173,344
10304,170,122,292
10304,163,192,355
10304,185,156,341
10304,215,224,439
10304,185,197,382
10304,184,189,373
10304,146,147,293
10304,242,215,457
10304,182,211,393
10304,198,185,383
10304,144,167,311
10304,282,270,552
10304,144,167,311
10304,159,195,354
10304,189,164,353
10305,225,216,441
10305,198,163,361
10305,192,194,386
10305,204,209,413
10305,146,164,310
10305,153,130,283
10305,182,192,374
10305,191,187,378
10305,271,277,548
10305,280,269,549
10305,144,139,283
10305,202,158,360
10305,158,170,328
10305,236,200,436
10305,146,131,277
10305,220,200,420
10305,187,194,381
10305,184,195,379
10305,169,169,338
10305,189,157,346
10305,195,186,381
10305,137,129,266
10305,184,195,379
10305,311,288,599
10305,238,206,444
10305,199,184,383
10305,153,149,302
10305,158,131,289
10305,183,165,348
10305,146,164,310
10305,159,118,277
10305,213,217,430
10305,197,213,410
10305,168,141,309
10305,198,163,361
10305,185,210,395
10305,156,189,345
10305,167,122,289
10305,187,194,381
10305,163,190,353
10306,184,156,340
10306,182,183,365
10306,191,183,374
10306,157,131,288
10306,181,194,375
10306,164,121,285
10306,181,194,375
10306,212,201,413
10306,144,145,289
10306,144,152,296
10306,216,201,417
10306,199,222,421
10306,143,129,272
10306,184,193,377
10306,184,193,377
10306,278,271,549
10306,157,188,345
10306,206,186,392
10306,154,159,313
10306,200,164,364
10306,280,268,548
10306,164,197,361
10306,314,288,602
10306,152,150,302
10306,144,152,296
10306,197,195,392
10306,157,133,290
10306,194,160,354
10306,188,208,396
10306,171,133,304
10306,236,200,436
10306,200,164,364
10306,153,118,271
10306,210,203,413
10306,226,221,447
10306,194,189,383
10306,191,163,354
10306,176,174,350
10306,153,129,282
10306,221,195,416
10307,175,222,397
10307,145,151,296
10307,151,129,280
10307,206,165,371
10307,188,204,392
10307,179,192,371
10307,147,146,293
10307,193,160,353
10307,188,204,392
10307,283,273,556
10307,240,194,434
10307,314,287,601
10307,153,153,306
10307,179,192,371
10307,179,186,365
10307,192,213,405
10307,202,188,390
10307,179,174,353
10307,229,200,429
10307,186,157,343
10307,158,130,288
10307,206,165,371
10307,282,271,553
10307,188,177,365
10307,145,151,296
10307,161,190,351
10307,197,218,415
10307,186,163,349
10307,229,234,463
10307,163,123,286
10307,143,130,273
10307,226,203,429
10307,169,132,301
10307,215,204,419
10307,150,141,291
10307,153,133,286
10307,221,197,418
10307,157,190,347
10307,153,118,271
10307,202,186,388
10308,176,193,369
10308,196,183,379
10308,202,165,367
10308,189,159,348
10308,164,198,362
10308,164,122,286
10308,183,177,360
10308,225,197,422
10308,155,162,317
10308,220,201,421
10308,184,163,347
10308,193,221,414
10308,197,222,419
10308,192,213,405
10308,172,132,304
10308,236,191,427
10308,158,132,290
10308,202,165,367
10308,220,207,427
10308,257,228,485
10308,176,221,397
10308,189,180,369
10308,153,149,302
10308,158,130,288
10308,147,126,273
10308,319,287,606
10308,199,221,420
10308,143,153,296
10308,158,136,294
10308,145,149,294
10308,146,129,275
10308,205,185,390
10308,281,272,553
10308,182,157,339
10308,157,188,345
10308,214,190,404
10308,176,193,369
10308,143,153,296
10308,193,221,414
10308,299,280,579
10309,210,190,400
10309,184,158,342
10309,243,192,435
10309,160,137,297
10309,227,197,424
10309,160,186,346
10309,144,144,288
10309,288,274,562
10309,187,175,362
10309,215,167,382
10309,145,125,270
10309,187,181,368
10309,200,219,419
10309,181,212,393
10309,158,195,353
10309,315,286,601
10309,156,129,285
10309,152,152,304
10309,195,205,400
10309,171,155,326
10309,197,194,391
10309,191,213,404
10309,153,133,286
10309,172,192,364
10309,255,228,483
10309,210,199,409
10309,145,151,296
10309,219,208,427
10309,215,167,382
10309,175,204,379
10309,191,213,404
10309,172,192,364
10309,163,122,285
10309,204,183,387
10309,156,162,318
10309,182,163,345
10309,155,135,290
10309,173,134,307
10309,300,279,579
10309,145,151,296
10310,202,185,387
10310,162,153,315
10310,149,151,300
10310,188,160,348
10310,142,126,268
10310,158,129,287
10310,151,153,304
10310,195,194,389
10310,249,228,477
10310,203,227,430
10310,225,208,433
10310,215,167,382
10310,165,152,317
10310,308,291,599
10310,255,196,451
10310,174,134,308
10310,149,151,300
10310,172,215,387
10310,168,192,360
10310,181,164,345
10310,229,198,427
10310,186,201,387
10310,215,167,382
10310,176,208,384
10310,289,273,562
10310,174,207,381
10310,205,189,394
10310,158,160,318
10310,197,181,378
10310,162,184,346
10310,215,202,417
10310,297,278,575
10310,193,200,393
10310,168,192,360
10310,157,133,290
10310,157,191,348
10310,161,121,282
10310,147,152,299
10310,158,135,293
10311,224,195,419
10311,212,166,378
10311,154,158,312
10311,177,125,302
10311,302,290,592
10311,278,270,548
10311,198,218,416
10311,259,229,488
10311,176,158,334
10311,211,191,402
10311,195,181,376
10311,212,166,378
10311,144,130,274
10311,277,300,577
10311,200,182,382
10311,166,154,320
10311,249,191,440
10311,148,155,303
10311,194,162,356
10311,154,184,338
10311,201,229,430
10311,152,133,285
10311,193,195,388
10311,220,206,426
10311,145,153,298
10311,171,212,383
10311,145,153,298
10311,161,178,339
10311,198,193,391
10311,152,152,304
10311,187,186,373
10311,166,190,356
10311,166,159,325
10311,166,190,356
10311,167,132,299
10311,151,131,282
10311,179,209,388
10311,174,205,379
10311,159,127,286
10312,297,289,586
10312,190,195,385
10312,201,182,383
10312,193,200,393
10312,212,167,379
10312,256,193,449
10312,233,251,484
10312,218,191,409
10312,151,135,286
10312,199,222,421
10312,168,190,358
10312,174,124,298
10312,195,196,391
10312,195,183,378
10312,164,187,351
10312,193,137,330
10312,149,125,274
10312,168,190,358
10312,192,164,356
10312,149,163,312
10312,163,151,314
10312,167,131,298
10312,215,202,417
10312,217,194,411
10312,150,152,302
10312,200,183,383
10312,304,280,584
10312,142,125,267
10312,212,167,379
10312,149,163,312
10312,289,273,562
10312,195,160,355
10312,173,220,393
10312,166,155,321
10312,160,197,357
10312,158,129,287
10312,168,207,375
10312,197,182,379
10312,148,130,278
10313,190,193,383
10313,196,215,411
10313,143,123,266
10313,152,136,288
10313,167,209,376
10313,219,194,413
10313,211,186,397
10313,231,248,479
10313,248,188,436
10313,164,131,295
10313,194,195,389
10313,193,135,328
10313,286,272,558
10313,211,203,414
10313,293,290,583
10313,141,130,271
10313,195,202,397
10313,152,170,322
10313,185,173,358
10313,263,289,552
10313,195,161,356
10313,187,190,377
10313,164,186,350
10313,187,190,377
10313,178,196,374
10313,219,194,413
10313,178,196,374
10313,200,197,397
10313,171,134,305
10313,169,189,358
10313,190,182,372
10313,152,170,322
10313,202,183,385
10313,165,153,318
10313,171,123,294
10313,188,179,367
10313,145,130,275
10313,148,145,293
10313,166,154,320
10314,192,209,401
10314,239,186,425
10314,148,141,289
10314,151,167,318
10314,141,130,271
10314,174,205,379
10314,194,162,356
10314,262,283,545
10314,167,183,350
10314,167,195,362
10314,165,155,320
10314,216,167,383
10314,190,202,392
10314,144,130,274
10314,180,196,376
10314,186,137,323
10314,149,124,273
10314,156,186,342
10314,216,167,383
10314,173,135,308
10314,197,217,414
10314,153,133,286
10314,210,199,409
10314,215,194,409
10314,162,131,293
10314,215,215,430
10314,164,153,317
10314,208,185,393
10314,195,213,408
10314,180,196,376
10314,182,189,371
10314,289,290,579
10314,169,212,381
10314,185,192,377
10314,196,180,376
10314,172,123,295
10314,151,167,318
10314,235,254,489
10314,277,298,575
10315,169,188,357
10315,183,196,379
10315,318,295,613
10315,168,189,357
10315,210,164,374
10315,182,139,321
10315,171,155,326
10315,218,196,414
10315,265,287,552
10315,173,184,357
10315,155,177,332
10315,188,193,381
10315,204,183,387
10315,244,189,433
10315,144,134,278
10315,155,177,332
10315,222,232,454
10315,277,297,574
10315,139,130,269
10315,167,162,329
10315,142,131,273
10315,210,164,374
10315,165,131,296
10315,255,226,481
10315,221,190,411
10315,187,214,401
10315,194,190,384
10315,199,206,405
10315,183,196,379
10315,179,128,307
10315,184,194,378
10315,147,123,270
10315,150,148,298
10315,165,154,319
10315,195,206,401
10315,159,194,353
10315,168,213,381
10315,192,200,392
10315,169,199,368
10316,191,193,384
10316,180,169,349
10316,168,202,370
10316,185,140,325
10316,166,132,298
10316,198,214,412
10316,181,196,377
10316,222,198,420
10316,189,129,318
10316,216,189,405
10316,195,160,355
10316,170,154,324
10316,184,193,377
10316,206,167,373
10316,149,175,324
10316,147,123,270
10316,181,196,377
10316,147,147,294
10316,167,154,321
10316,181,171,352
10316,143,131,274
10316,168,185,353
10316,216,199,415
10316,313,294,607
10316,197,190,387
10316,203,228,431
10316,225,242,467
10316,141,130,271
10316,230,238,468
10316,306,276,582
10316,172,210,382
10316,206,167,373
10316,167,184,351
10316,166,154,320
10316,268,292,560
10316,149,175,324
10316,182,206,388
10316,244,188,432
10316,144,141,285
10317,179,172,351
10317,147,141,288
10317,166,155,321
10317,147,122,269
10317,184,195,379
10317,200,213,413
10317,148,167,315
10317,194,161,355
10317,148,167,315
10317,216,195,411
10317,224,198,422
10317,166,160,326
10317,179,126,305
10317,230,241,471
10317,141,129,270
10317,193,188,381
10317,184,195,379
10317,167,193,360
10317,246,188,434
10317,190,195,385
10317,183,178,361
10317,169,132,301
10317,323,295,618
10317,171,155,326
10317,168,184,352
10317,298,272,570
10317,181,200,381
10317,192,170,362
10317,196,217,413
10317,207,186,393
10317,188,141,329
10317,226,242,468
10317,183,178,361
10317,177,213,390
10317,268,296,564
10317,147,152,299
10317,144,130,274
10317,166,180,346
10317,186,205,391
10318,218,198,416
10318,188,210,398
10318,169,202,371
10318,186,140,326
10318,146,138,284
10318,167,161,328
10318,175,124,299
10318,149,122,271
10318,169,190,359
10318,273,271,544
10318,191,181,372
10318,206,194,400
10318,196,161,357
10318,145,145,290
10318,192,198,390
10318,198,188,386
10318,172,221,393
10318,182,171,353
10318,175,171,346
10318,200,220,420
10318,180,187,367
10318,162,155,317
10318,171,197,368
10318,151,178,329
10318,302,317,619
10318,268,301,569
10318,240,187,427
10318,249,222,471
10318,151,178,329
10318,187,169,356
10318,192,198,390
10318,163,131,294
10318,182,171,353
10318,201,220,421
10318,256,224,480
10318,142,127,269
10318,180,214,394
10318,180,157,337
10318,146,129,275
10319,183,176,359
10319,179,188,367
10319,183,176,359
10319,183,166,349
10319,145,163,308
10319,198,188,386
10319,173,170,343
10319,153,131,284
10319,192,178,370
10319,165,154,319
10319,244,220,464
10319,147,122,269
10319,172,225,397
10319,272,271,543
10319,143,142,285
10319,265,289,554
10319,192,164,356
10319,204,192,396
10319,165,156,321
10319,168,187,355
10319,324,292,616
10319,239,186,425
10319,193,190,383
10319,145,163,308
10319,156,128,284
10319,231,244,475
10319,177,212,389
10319,185,157,342
10319,144,130,274
10319,147,145,292
10319,222,199,421
10319,180,137,317
10319,191,160,351
10319,193,194,387
10319,174,124,298
10319,190,195,385
10319,172,225,397
10319,199,219,418
10319,186,202,388
10320,191,137,328
10320,167,181,348
10320,185,201,386
10320,320,292,612
10320,252,189,441
10320,188,196,384
10320,172,223,395
10320,172,223,395
10320,225,230,455
10320,159,129,288
10320,190,214,404
10320,170,156,326
10320,198,220,418
10320,159,198,357
10320,142,134,276
10320,202,173,375
10320,146,131,277
10320,185,183,368
10320,144,125,269
10320,168,124,292
10320,185,183,368
10320,242,219,461
10320,190,176,366
10320,190,189,379
10320,192,182,374
10320,193,189,382
10320,153,133,286
10320,178,185,363
10320,182,155,337
10320,179,137,316
10320,208,194,402
10320,185,193,378
10320,184,157,341
10320,147,125,272
10320,274,275,549
10320,264,294,558
10320,147,156,303
10320,147,156,303
10320,170,187,357
10321,174,154,328
10321,199,216,415
10321,152,157,309
10321,211,172,383
10321,151,125,276
10321,186,182,368
10321,242,218,460
10321,181,154,335
10321,194,189,383
10321,183,175,358
10321,146,129,275
10321,175,152,327
10321,194,137,331
10321,141,128,269
10321,273,271,544
10321,144,134,278
10321,206,195,401
10321,178,126,304
10321,185,212,397
10321,153,132,285
10321,185,191,376
10321,198,142,340
10321,329,293,622
10321,184,173,357
10321,147,133,280
10321,167,178,345
10321,168,216,384
10321,186,182,368
10321,176,188,364
10321,263,285,548
10321,152,157,309
10321,180,191,371
10321,182,185,367
10321,223,200,423
10321,189,184,373
10321,199,166,365
10321,225,228,453
10321,245,187,432
10321,168,216,384
10322,170,226,396
10322,275,268,543
10322,169,159,328
10322,202,225,427
10322,179,187,366
10322,183,174,357
10322,198,188,386
10322,159,159,318
10322,179,127,306
10322,184,187,371
10322,167,154,321
10322,183,193,376
10322,165,197,362
10322,149,134,283
10322,212,223,435
10322,146,133,279
10322,182,142,324
10322,204,172,376
10322,224,221,445
10322,158,195,353
10322,152,131,283
10322,246,190,436
10322,143,122,265
10322,159,159,318
10322,183,174,357
10322,170,226,396
10322,194,142,336
10322,188,205,393
10322,172,152,324
10322,190,212,402
10322,168,181,349
10322,301,320,621
10322,241,217,458
10322,193,184,377
10322,168,152,320
10322,140,129,269
10322,269,299,568
10322,196,163,359
10322,186,176,362
10323,299,311,610
10323,193,164,357
10323,194,201,395
10323,243,188,431
10323,194,201,395
10323,205,192,397
10323,140,124,264
10323,163,192,355
10323,211,218,429
10323,175,126,301
10323,162,159,321
10323,165,151,316
10323,182,210,392
10323,202,226,428
10323,243,217,460
10323,140,129,269
10323,143,123,266
10323,168,182,350
10323,177,182,359
10323,195,185,380
10323,162,159,321
10323,152,131,283
10323,186,140,326
10323,193,138,331
10323,159,196,355
10323,154,133,287
10323,160,154,314
10323,275,270,545
10323,179,188,367
10323,184,194,378
10323,214,175,389
10323,183,173,356
10323,203,190,393
10323,167,149,316
10323,270,295,565
10323,223,222,445
10323,183,173,356
10323,149,133,282
10323,186,175,361
10324,188,205,393
10324,200,217,417
10324,202,145,347
10324,181,191,372
10324,178,171,349
10324,143,128,271
10324,166,171,337
10324,151,128,279
10324,142,129,271
10324,157,151,308
10324,149,123,272
10324,210,220,430
10324,242,188,430
10324,196,187,383
10324,277,263,540
10324,156,157,313
10324,186,212,398
10324,184,176,360
10324,193,185,378
10324,222,177,399
10324,171,224,395
10324,185,175,360
10324,151,129,280
10324,166,150,316
10324,200,193,393
10324,195,162,357
10324,166,152,318
10324,184,176,360
10324,169,161,330
10324,171,224,395
10324,268,283,551
10324,249,215,464
10324,221,224,445
10324,163,192,355
10324,298,303,601
10324,156,157,313
10324,196,190,386
10324,184,129,313
10324,151,135,286
10325,206,186,392
10325,203,194,397
10325,182,174,356
10325,204,187,391
10325,184,175,359
10325,190,164,354
10325,163,149,312
10325,173,194,367
10325,150,156,306
10325,182,174,356
10325,226,217,443
10325,188,212,400
10325,150,156,306
10325,185,172,357
10325,154,131,285
10325,173,194,367
10325,145,147,292
10325,282,262,544
10325,169,148,317
10325,246,190,436
10325,181,192,373
10325,183,129,312
10325,167,180,347
10325,238,216,454
10325,270,291,561
10325,135,126,261
10325,199,208,407
10325,150,135,285
10325,188,205,393
10325,161,154,315
10325,197,195,392
10325,297,306,603
10325,154,131,285
10325,152,123,275
10325,197,189,386
10325,197,137,334
10325,212,218,430
10325,162,187,349
10325,206,145,351
10326,186,161,347
10326,183,209,392
10326,252,192,444
10326,180,187,367
10326,228,215,443
10326,295,306,601
10326,158,193,351
10326,277,260,537
10326,144,154,298
10326,225,176,401
10326,181,172,353
10326,143,138,281
10326,190,137,327
10326,162,185,347
10326,229,219,448
10326,191,191,382
10326,171,161,332
10326,171,154,325
10326,186,129,315
10326,191,213,404
10326,193,188,381
10326,198,207,405
10326,181,172,353
10326,271,298,569
10326,168,188,356
10326,170,156,326
10326,156,131,287
10326,211,220,431
10326,151,124,275
10326,150,140,290
10326,175,174,349
10326,182,188,370
10326,200,143,343
10326,174,196,370
10326,174,196,370
10326,144,154,298
10326,149,129,278
10326,134,126,260
10326,201,187,388
10327,180,136,316
10327,173,181,354
10327,163,149,312
10327,225,218,443
10327,175,154,329
10327,181,169,350
10327,168,181,349
10327,189,206,395
10327,180,197,377
10327,171,164,335
10327,180,197,377
10327,230,219,449
10327,215,173,388
10327,152,124,276
10327,186,129,315
10327,157,132,289
10327,183,193,376
10327,166,201,367
10327,178,185,363
10327,297,281,578
10327,181,169,350
10327,158,184,342
10327,189,162,351
10327,154,156,310
10327,198,207,405
10327,210,217,427
10327,299,307,606
10327,177,157,334
10327,204,188,392
10327,204,206,410
10327,178,174,352
10327,142,132,274
10327,284,262,546
10327,154,156,310
10327,242,200,442
10327,172,226,398
10327,149,129,278
10327,150,136,286
10327,134,125,259
10328,172,228,400
10328,191,216,407
10328,156,179,335
10328,186,180,366
10328,132,125,257
10328,172,174,346
10328,196,162,358
10328,143,130,273
10328,161,158,319
10328,179,157,336
10328,172,154,326
10328,199,210,409
10328,151,139,290
10328,211,218,429
10328,180,197,377
10328,281,258,539
10328,228,219,447
10328,162,148,310
10328,161,158,319
10328,180,197,377
10328,199,206,405
10328,212,191,403
10328,173,167,340
10328,154,125,279
10328,143,128,271
10328,229,217,446
10328,183,127,310
10328,186,180,366
10328,167,134,301
10328,183,138,321
10328,302,310,612
10328,186,193,379
10328,187,176,363
10328,218,174,392
10328,244,202,446
10328,165,199,364
10328,181,189,370
10328,296,279,575
10328,168,178,346
10329,184,158,342
10329,143,132,275
10329,141,125,266
10329,171,163,334
10329,173,133,306
10329,213,224,437
10329,223,217,440
10329,176,196,372
10329,135,134,269
10329,168,180,348
10329,206,206,412
10329,193,214,407
10329,187,185,372
10329,163,196,359
10329,165,134,299
10329,181,196,377
10329,289,279,568
10329,171,224,395
10329,219,193,412
10329,236,220,456
10329,168,181,349
10329,155,156,311
10329,216,176,392
10329,155,156,311
10329,148,133,281
10329,156,182,338
10329,199,204,403
10329,187,185,372
10329,185,175,360
10329,161,152,313
10329,176,196,372
10329,196,197,393
10329,167,153,320
10329,159,126,285
10329,240,202,442
10329,162,148,310
10329,178,182,360
10329,277,271,548
10329,300,312,612
10330,243,207,450
10330,168,182,350
10330,212,218,430
10330,231,223,454
10330,215,195,410
10330,146,131,277
10330,185,183,368
10330,171,227,398
10330,164,159,323
10330,175,134,309
10330,171,193,364
10330,237,221,458
10330,171,193,364
10330,184,204,388
10330,220,177,397
10330,205,201,406
10330,296,296,592
10330,160,132,292
10330,157,140,297
10330,168,154,322
10330,179,191,370
10330,185,183,368
10330,191,207,398
10330,162,127,289
10330,215,209,424
10330,169,180,349
10330,135,134,269
10330,294,281,575
10330,168,207,375
10330,172,166,338
10330,162,153,315
10330,201,223,424
10330,284,296,580
10330,186,158,344
10330,164,159,323
10330,173,174,347
10330,142,129,271
10330,155,180,335
10330,149,127,276
10331,154,176,330
10331,165,146,311
10331,180,156,336
10331,198,212,410
10331,193,221,414
10331,187,188,375
10331,219,177,396
10331,182,194,376
10331,158,132,290
10331,185,190,375
10331,156,129,285
10331,160,127,287
10331,226,212,438
10331,243,208,451
10331,170,181,351
10331,135,137,272
10331,167,152,319
10331,297,301,598
10331,142,128,270
10331,183,193,376
10331,167,195,362
10331,238,220,458
10331,282,292,574
10331,147,126,273
10331,173,165,338
10331,163,200,363
10331,149,127,276
10331,160,157,317
10331,187,188,375
10331,174,174,348
10331,160,157,317
10331,236,224,460
10331,301,279,580
10331,215,224,439
10331,177,237,414
10331,170,189,359
10331,170,131,301
10331,167,195,362
10331,219,194,413
10332,240,201,441
10332,220,210,430
10332,136,140,276
10332,170,181,351
10332,155,152,307
10332,159,126,285
10332,201,189,390
10332,144,130,274
10332,298,299,597
10332,183,196,379
10332,284,292,576
10332,143,124,267
10332,174,196,370
10332,244,221,465
10332,170,188,358
10332,147,124,271
10332,156,127,283
10332,158,156,314
10332,232,223,455
10332,158,156,314
10332,170,133,303
10332,174,173,347
10332,185,182,367
10332,199,219,418
10332,187,205,392
10332,167,188,355
10332,178,178,356
10332,223,177,400
10332,271,293,564
10332,174,196,370
10332,176,155,331
10332,173,175,348
10332,162,136,298
10332,163,133,296
10332,185,182,367
10332,166,211,377
10332,213,225,438
10332,157,186,343
10332,189,202,391
10333,158,193,351
10333,192,195,387
10333,183,192,375
10333,241,196,437
10333,175,175,350
10333,196,198,394
10333,210,218,428
10333,140,125,265
10333,271,289,560
10333,237,218,455
10333,155,123,278
10333,217,210,427
10333,168,211,379
10333,160,131,291
10333,197,188,385
10333,160,187,347
10333,232,223,455
10333,284,298,582
10333,169,174,343
10333,158,125,283
10333,169,174,343
10333,183,139,322
10333,158,156,314
10333,184,179,363
10333,180,157,337
10333,136,144,280
10333,183,189,372
10333,142,127,269
10333,168,155,323
10333,173,175,348
10333,193,214,407
10333,184,179,363
10333,173,197,370
10333,191,163,354
10333,158,156,314
10333,173,197,370
10333,178,189,367
10333,291,283,574
10333,149,123,272
10333,161,131,292
10334,240,195,435
10334,229,202,431
10334,190,210,400
10334,141,127,268
10334,140,126,266
10334,134,137,271
10334,220,210,430
10334,167,158,325
10334,162,130,292
10334,167,206,373
10334,272,303,575
10334,182,172,354
10334,178,138,316
10334,234,224,458
10334,185,202,387
10334,179,176,355
10334,156,180,336
10334,166,132,298
10334,164,193,357
10334,189,193,382
10334,174,177,351
10334,294,293,587
10334,169,175,344
10334,196,200,396
10334,281,292,573
10334,182,157,339
10334,182,172,354
10334,175,156,331
10334,164,193,357
10334,187,185,372
10334,148,123,271
10334,169,175,344
10334,211,218,429
10334,167,158,325
10334,162,185,347
10334,160,127,287
10334,233,223,456
10334,175,177,352
10334,157,122,279
10334,189,163,352
10335,198,190,388
10335,188,178,366
10335,235,223,458
10335,209,216,425
10335,184,139,323
10335,170,157,327
10335,173,134,307
10335,188,160,348
10335,164,191,355
10335,175,156,331
10335,178,161,339
10335,186,193,379
10335,234,221,455
10335,181,169,350
10335,295,301,596
10335,170,177,347
10335,154,124,278
10335,190,186,376
10335,169,212,381
10335,211,182,393
10335,158,182,340
10335,238,194,432
10335,183,174,357
10335,145,135,280
10335,150,130,280
10335,164,191,355
10335,156,126,282
10335,190,201,391
10335,183,174,357
10335,211,208,419
10335,176,180,356
10335,194,214,408
10335,167,147,314
10335,294,278,572
10335,133,136,269
10335,170,177,347
10335,163,187,350
10335,300,281,581
10335,178,161,339
10335,161,130,291
10336,291,284,575
10336,171,185,356
10336,168,208,376
10336,158,127,285
10336,165,199,364
10336,200,175,375
10336,210,216,426
10336,150,177,327
10336,147,138,285
10336,211,181,392
10336,179,187,366
10336,150,177,327
10336,169,158,327
10336,243,227,470
10336,286,273,559
10336,161,192,353
10336,274,301,575
10336,159,181,340
10336,152,129,281
10336,186,160,346
10336,184,168,352
10336,205,204,409
10336,182,170,352
10336,192,142,334
10336,183,177,360
10336,146,155,301
10336,182,170,352
10336,154,123,277
10336,156,175,331
10336,203,189,392
10336,165,139,304
10336,171,185,356
10336,181,178,359
10336,196,205,401
10336,210,195,405
10336,161,192,353
10336,149,121,270
10336,235,222,457
10336,132,135,267
10336,240,191,431
10337,172,186,358
10337,298,280,578
10337,173,187,360
10337,174,199,373
10337,168,207,375
10337,159,177,336
10337,185,176,361
10337,171,157,328
10337,152,124,276
10337,198,211,409
10337,149,170,319
10337,164,139,303
10337,132,130,262
10337,185,189,374
10337,158,130,288
10337,209,217,426
10337,148,141,289
10337,177,188,365
10337,203,206,409
10337,159,124,283
10337,185,176,361
10337,149,170,319
10337,172,186,358
10337,247,224,471
10337,180,138,318
10337,291,286,577
10337,168,208,376
10337,244,226,470
10337,207,192,399
10337,242,193,435
10337,286,274,560
10337,203,190,393
10337,188,160,348
10337,147,125,272
10337,184,164,348
10337,208,181,389
10337,149,157,306
10337,185,176,361
10337,174,199,373
10337,154,175,329
10338,175,159,334
10338,163,183,346
10338,181,198,379
10338,203,206,409
10338,184,174,358
10338,150,177,327
10338,213,227,440
10338,182,174,356
10338,147,127,274
10338,147,139,286
10338,187,214,401
10338,178,189,367
10338,181,198,379
10338,151,125,276
10338,223,245,468
10338,190,185,375
10338,173,189,362
10338,284,278,562
10338,233,225,458
10338,244,197,441
10338,173,189,362
10338,298,307,605
10338,172,210,382
10338,154,180,334
10338,192,189,381
10338,146,147,293
10338,206,181,387
10338,159,178,337
10338,184,174,358
10338,292,278,570
10338,172,180,352
10338,175,135,310
10338,167,145,312
10338,150,177,327
10338,189,196,385
10338,169,125,294
10338,151,127,278
10338,198,205,403
10338,132,137,269
10338,168,210,378
10339,284,280,564
10339,152,123,275
10339,198,201,399
10339,295,302,597
10339,183,198,381
10339,244,199,443
10339,167,147,314
10339,170,209,379
10339,155,174,329
10339,216,192,408
10339,165,122,287
10339,146,140,286
10339,147,165,312
10339,170,171,341
10339,185,175,360
10339,215,231,446
10339,187,178,365
10339,206,181,387
10339,183,198,381
10339,148,132,280
10339,172,184,356
10339,231,225,456
10339,206,209,415
10339,172,184,356
10339,161,130,291
10339,170,215,385
10339,174,160,334
10339,284,275,559
10339,164,177,341
10339,190,180,370
10339,146,146,292
10339,147,165,312
10339,160,179,339
10339,177,184,361
10339,185,175,360
10339,217,229,446
10339,186,188,374
10339,183,182,365
10339,186,138,324
10339,132,136,268
10340,165,145,310
10340,299,309,608
10340,172,183,355
10340,171,173,344
10340,150,131,281
10340,181,176,357
10340,134,138,272
10340,144,149,293
10340,172,183,355
10340,229,224,453
10340,152,168,320
10340,283,279,562
10340,190,179,369
10340,192,187,379
10340,164,176,340
10340,245,198,443
10340,146,123,269
10340,182,168,350
10340,168,208,376
10340,200,210,410
10340,200,205,405
10340,279,275,554
10340,182,139,321
10340,175,181,356
10340,215,228,443
10340,184,192,376
10340,157,127,284
10340,172,223,395
10340,150,148,298
10340,182,168,350
10340,157,172,329
10340,179,161,340
10340,189,199,388
10340,213,226,439
10340,146,165,311
10340,189,199,388
10340,146,165,311
10340,209,190,399
10340,177,175,352
10340,160,122,282
10341,174,175,349
10341,167,214,381
10341,196,193,389
10341,183,169,352
10341,204,191,395
10341,152,168,320
10341,164,174,338
10341,201,188,389
10341,148,144,292
10341,163,142,305
10341,160,183,343
10341,182,175,357
10341,135,141,276
10341,146,164,310
10341,170,178,348
10341,150,124,274
10341,212,222,434
10341,245,195,440
10341,146,164,310
10341,196,178,374
10341,171,134,305
10341,148,128,276
10341,144,147,291
10341,178,159,337
10341,170,178,348
10341,169,225,394
10341,192,198,390
10341,181,179,360
10341,200,209,409
10341,220,240,460
10341,158,122,280
10341,161,131,292
10341,285,283,568
10341,190,177,367
10341,183,169,352
10341,225,223,448
10341,274,273,547
10341,169,225,394
10341,299,301,600
10341,171,176,347
10342,200,205,405
10342,135,143,278
10342,168,175,343
10342,201,200,401
10342,148,123,271
10342,149,131,280
10342,209,194,403
10342,220,242,462
10342,184,171,355
10342,167,203,370
10342,224,221,445
10342,191,201,392
10342,144,155,299
10342,159,129,288
10342,294,297,591
10342,168,175,343
10342,184,171,355
10342,144,146,290
10342,199,178,377
10342,282,275,557
10342,187,162,349
10342,169,222,391
10342,167,132,299
10342,170,125,295
10342,213,225,438
10342,191,201,392
10342,173,172,345
10342,147,142,289
10342,158,177,335
10342,191,178,369
10342,287,280,567
10342,202,188,390
10342,165,178,343
10342,169,169,338
10342,144,155,299
10342,166,208,374
10342,172,148,320
10342,152,162,314
10342,251,221,472
10342,199,182,381
10343,290,278,568
10343,214,221,435
10343,142,153,295
10343,135,147,282
10343,183,170,353
10343,156,125,281
10343,150,147,297
10343,213,227,440
10343,196,182,378
10343,163,175,338
10343,184,161,345
10343,277,273,550
10343,156,161,317
10343,186,217,403
10343,191,177,368
10343,142,142,284
10343,168,207,375
10343,148,127,275
10343,204,208,412
10343,142,153,295
10343,191,181,372
10343,166,211,377
10343,204,224,428
10343,186,199,385
10343,169,167,336
10343,161,131,292
10343,169,167,336
10343,171,152,323
10343,209,192,401
10343,186,199,385
10343,147,124,271
10343,183,170,353
10343,176,125,301
10343,297,306,603
10343,250,221,471
10343,158,178,336
10343,174,174,348
10343,170,169,339
10343,164,195,359
10343,228,225,453
10344,171,152,323
10344,202,183,385
10344,157,129,286
10344,181,164,345
10344,199,214,413
10344,163,189,352
10344,150,125,275
10344,221,224,445
10344,278,273,551
10344,168,217,385
10344,195,180,375
10344,165,177,342
10344,215,195,410
10344,142,137,279
10344,170,167,337
10344,168,164,332
10344,188,176,364
10344,157,128,285
10344,168,209,377
10344,187,163,350
10344,142,146,288
10344,214,228,442
10344,151,148,299
10344,181,164,345
10344,297,304,601
10344,142,146,288
10344,217,231,448
10344,195,199,394
10344,202,206,408
10344,252,227,479
10344,156,161,317
10344,170,167,337
10344,158,178,336
10344,183,204,387
10344,175,180,355
10344,283,282,565
10344,138,155,293
10344,195,199,394
10344,150,130,280
10344,174,125,299
10345,298,304,602
10345,177,125,302
10345,282,280,562
10345,143,139,282
10345,185,176,361
10345,185,163,348
10345,175,207,382
10345,270,271,541
10345,208,217,425
10345,170,224,394
10345,169,213,382
10345,151,151,302
10345,141,147,288
10345,161,130,291
10345,154,165,319
10345,158,176,334
10345,176,182,358
10345,141,147,288
10345,253,225,478
10345,188,173,361
10345,167,167,334
10345,138,161,299
10345,212,213,425
10345,150,123,273
10345,168,145,313
10345,153,133,286
10345,167,167,334
10345,180,195,375
10345,166,199,365
10345,178,158,336
10345,198,200,398
10345,165,177,342
10345,178,158,336
10345,215,225,440
10345,208,194,402
10345,222,224,446
10345,167,161,328
10345,157,123,280
10345,170,224,394
10345,196,182,378
10346,178,190,368
10346,153,160,313
10346,171,181,352
10346,175,179,354
10346,180,161,341
10346,159,177,336
10346,197,199,396
10346,142,147,289
10346,153,156,309
10346,153,136,289
10346,159,117,276
10346,190,179,369
10346,251,223,474
10346,180,161,341
10346,224,227,451
10346,181,126,307
10346,216,230,446
10346,294,289,583
10346,284,281,565
10346,197,199,396
10346,206,208,414
10346,137,153,290
10346,192,185,377
10346,146,122,268
10346,267,270,537
10346,209,215,424
10346,167,180,347
10346,203,181,384
10346,189,163,352
10346,170,158,328
10346,142,142,284
10346,186,206,392
10346,184,209,393
10346,209,185,394
10346,164,134,298
10346,199,204,403
10346,142,147,289
10346,171,181,352
10346,167,163,330
10346,170,218,388
10347,191,196,387
10347,142,139,281
10347,177,124,301
10347,195,176,371
10347,217,234,451
10347,224,222,446
10347,170,175,345
10347,193,191,384
10347,208,214,422
10347,275,274,549
10347,199,144,343
10347,179,189,368
10347,133,136,269
10347,170,175,345
10347,178,156,334
10347,168,219,387
10347,154,131,285
10347,165,176,341
10347,156,172,328
10347,204,207,411
10347,143,154,297
10347,149,147,296
10347,183,162,345
10347,153,135,288
10347,191,196,387
10347,210,186,396
10347,291,283,574
10347,185,206,391
10347,287,290,577
10347,155,119,274
10347,182,206,388
10347,146,124,270
10347,198,202,400
10347,174,179,353
10347,143,154,297
10347,155,160,315
10347,166,204,370
10347,178,156,334
10347,271,203,474
10347,168,162,330
10348,177,124,301
10348,207,187,394
10348,180,161,341
10348,155,167,322
10348,196,195,391
10348,276,272,548
10348,132,135,267
10348,151,128,279
10348,164,206,370
10348,166,201,367
10348,175,182,357
10348,158,146,304
10348,175,185,360
10348,143,148,291
10348,189,196,385
10348,180,161,341
10348,143,148,291
10348,210,219,429
10348,206,208,414
10348,198,213,411
10348,178,188,366
10348,159,161,320
10348,157,125,282
10348,216,232,448
10348,187,162,349
10348,175,182,357
10348,142,141,283
10348,165,174,339
10348,254,200,454
10348,196,198,394
10348,225,222,447
10348,155,117,272
10348,189,196,385
10348,285,278,563
10348,197,176,373
10348,147,145,292
10348,170,171,341
10348,192,141,333
10348,180,188,368
10348,295,292,587
10349,178,184,362
10349,210,220,430
10349,194,198,392
10349,157,117,274
10349,182,191,373
10349,177,155,332
10349,306,320,626
10349,215,209,424
10349,180,125,305
10349,172,179,351
10349,172,179,351
10349,157,127,284
10349,286,283,569
10349,205,187,392
10349,169,168,337
10349,188,162,350
10349,183,138,321
10349,181,181,362
10349,198,188,386
10349,133,133,266
10349,206,179,385
10349,160,131,291
10349,162,201,363
10349,166,177,343
10349,141,139,280
10349,284,275,559
10349,157,176,333
10349,155,150,305
10349,197,194,391
10349,151,152,303
10349,194,198,392
10349,187,177,364
10349,178,240,418
10349,243,197,440
10349,165,163,328
10349,177,155,332
10349,159,145,304
10349,216,236,452
10349,155,150,305
10349,228,221,449
10350,194,182,376
10350,219,173,392
10350,176,151,327
10350,163,154,317
10350,167,182,349
10350,146,144,290
10350,155,125,280
10350,265,270,535
10350,164,196,360
10350,202,207,409
10350,231,222,453
10350,163,194,357
10350,135,138,273
10350,190,164,354
10350,169,162,331
10350,163,154,317
10350,174,185,359
10350,281,275,556
10350,142,125,267
10350,214,231,445
10350,191,210,401
10350,174,185,359
10350,157,175,332
10350,159,147,306
10350,210,208,418
10350,193,129,322
10350,328,299,627
10350,176,151,327
10350,176,183,359
10350,156,119,275
10350,189,196,385
10350,244,197,441
10350,212,226,438
10350,180,168,348
10350,182,196,378
10350,189,196,385
10350,140,133,273
10350,179,138,317
10350,212,181,393
10350,186,182,368
10351,170,217,387
10351,222,225,447
10351,289,274,563
10351,163,150,313
10351,205,210,415
10351,181,200,381
10351,182,192,374
10351,192,163,355
10351,179,153,332
10351,158,126,284
10351,210,223,433
10351,190,182,372
10351,176,191,367
10351,158,118,276
10351,146,144,290
10351,179,181,360
10351,139,128,267
10351,170,217,387
10351,144,122,266
10351,174,136,310
10351,168,185,353
10351,179,153,332
10351,156,171,327
10351,221,171,392
10351,157,151,308
10351,173,178,351
10351,164,202,366
10351,176,191,367
10351,207,215,422
10351,159,163,322
10351,200,214,414
10351,163,191,354
10351,301,312,613
10351,162,155,317
10351,157,151,308
10351,169,163,332
10351,136,141,277
10351,208,203,411
10351,248,198,446
10351,265,279,544
10352,172,222,394
10352,154,163,317
10352,290,277,567
10352,139,134,273
10352,178,182,360
10352,162,191,353
10352,152,161,313
10352,251,199,450
10352,211,224,435
10352,161,149,310
10352,198,207,405
10352,155,127,282
10352,161,131,292
10352,158,119,277
10352,305,315,620
10352,182,182,364
10352,189,182,371
10352,170,174,344
10352,181,152,333
10352,194,162,356
10352,142,124,266
10352,225,232,457
10352,235,204,439
10352,191,128,319
10352,263,277,540
10352,134,137,271
10352,155,151,306
10352,181,152,333
10352,216,241,457
10352,173,163,336
10352,172,222,394
10352,200,214,414
10352,181,160,341
10352,177,199,376
10352,177,199,376
10352,164,203,367
10352,145,139,284
10352,182,193,375
10352,196,193,389
10352,155,151,306
10353,178,200,378
10353,134,134,268
10353,199,209,408
10353,162,152,314
10353,183,180,363
10353,217,201,418
10353,156,126,282
10353,182,153,335
10353,161,191,352
10353,182,153,335
10353,211,219,430
10353,196,196,392
10353,180,165,345
10353,191,160,351
10353,197,186,383
10353,214,231,445
10353,146,138,284
10353,162,131,293
10353,173,157,330
10353,196,196,392
10353,225,232,457
10353,146,132,278
10353,150,150,300
10353,196,189,385
10353,265,275,540
10353,161,196,357
10353,155,163,318
10353,150,150,300
10353,254,200,454
10353,300,304,604
10353,170,172,342
10353,178,200,378
10353,154,165,319
10353,192,210,402
10353,164,122,286
10353,290,273,563
10353,140,133,273
10353,179,182,361
10353,185,128,313
10353,182,192,374
10354,184,203,387
10354,195,189,384
10354,157,128,285
10354,179,183,362
10354,263,282,545
10354,156,165,321
10354,189,132,321
10354,189,210,399
10354,186,160,346
10354,199,214,413
10354,162,202,364
10354,172,173,345
10354,156,153,309
10354,213,230,443
10354,179,153,332
10354,225,233,458
10354,180,164,344
10354,299,306,605
10354,247,201,448
10354,185,127,312
10354,133,135,268
10354,161,186,347
10354,173,217,390
10354,165,131,296
10354,153,154,307
10354,168,125,293
10354,285,273,558
10354,173,217,390
10354,178,198,376
10354,209,213,422
10354,181,180,361
10354,171,157,328
10354,146,133,279
10354,208,198,406
10354,158,172,330
10354,179,153,332
10354,183,182,365
10354,156,153,309
10354,178,198,376
10354,140,133,273
10355,242,197,439
10355,178,153,331
10355,214,231,445
10355,288,273,561
10355,195,182,377
10355,185,128,313
10355,193,193,386
10355,204,221,425
10355,178,153,331
10355,189,160,349
10355,186,129,315
10355,206,202,408
10355,158,153,311
10355,158,169,327
10355,193,193,386
10355,145,131,276
10355,157,170,327
10355,186,206,392
10355,176,183,359
10355,160,127,287
10355,187,202,389
10355,186,182,368
10355,140,133,273
10355,183,183,366
10355,175,202,377
10355,178,162,340
10355,161,131,292
10355,145,130,275
10355,222,201,423
10355,175,202,377
10355,163,123,286
10355,134,134,268
10355,262,276,538
10355,201,212,413
10355,161,179,340
10355,164,206,370
10355,180,165,345
10355,158,153,311
10355,223,225,448
10355,294,301,595
10356,190,161,351
10356,196,178,374
10356,182,159,341
10356,176,180,356
10356,177,163,340
10356,141,139,280
10356,159,181,340
10356,290,272,562
10356,169,209,378
10356,159,180,339
10356,183,201,384
10356,243,198,441
10356,198,186,384
10356,191,212,403
10356,164,130,294
10356,178,187,365
10356,183,126,309
10356,147,143,290
10356,160,154,314
10356,169,132,301
10356,266,281,547
10356,188,161,349
10356,191,209,400
10356,159,174,333
10356,227,233,460
10356,290,290,580
10356,133,131,264
10356,165,122,287
10356,177,128,305
10356,192,181,373
10356,160,154,314
10356,196,178,374
10356,214,232,446
10356,211,198,409
10356,169,209,378
10356,206,201,407
10356,202,220,422
10356,158,188,346
10356,144,124,268
10356,182,159,341
10357,194,209,403
10357,225,226,451
10357,185,160,345
10357,161,187,348
10357,159,180,339
10357,168,122,290
10357,183,164,347
10357,176,165,341
10357,175,180,355
10357,215,198,413
10357,290,281,571
10357,167,203,370
10357,163,129,292
10357,159,174,333
10357,244,203,447
10357,157,128,285
10357,183,164,347
10357,181,126,307
10357,205,165,370
10357,167,203,370
10357,144,134,278
10357,216,203,419
10357,196,178,374
10357,209,193,402
10357,284,279,563
10357,149,150,299
10357,196,178,374
10357,211,227,438
10357,149,150,299
10357,190,173,363
10357,175,126,301
10357,184,161,345
10357,136,139,275
10357,199,210,409
10357,161,201,362
10357,266,286,552
10357,141,137,278
10357,149,150,299
10357,201,188,389
10357,184,205,389
10358,144,149,293
10358,197,186,383
10358,184,162,346
10358,175,126,301
10358,200,180,380
10358,192,161,353
10358,135,139,274
10358,158,143,301
10358,166,202,368
10358,159,175,334
10358,223,222,445
10358,209,179,388
10358,291,279,570
10358,144,149,293
10358,192,210,402
10358,186,166,352
10358,157,171,328
10358,196,189,385
10358,184,162,346
10358,146,143,289
10358,175,124,299
10358,180,159,339
10358,228,209,437
10358,166,202,368
10358,160,180,340
10358,203,208,411
10358,162,128,290
10358,140,136,276
10358,197,208,405
10358,200,180,380
10358,284,274,558
10358,243,198,441
10358,180,124,304
10358,205,165,370
10358,263,284,547
10358,177,188,365
10358,165,211,376
10358,196,185,381
10358,212,225,437
10358,144,134,278
10359,143,147,290
10359,176,180,356
10359,140,134,274
10359,180,164,344
10359,143,147,290
10359,214,191,405
10359,212,181,393
10359,264,280,544
10359,145,139,284
10359,154,167,321
10359,188,169,357
10359,287,273,560
10359,212,224,436
10359,192,210,402
10359,219,170,389
10359,178,159,337
10359,156,164,320
10359,165,119,284
10359,290,284,574
10359,163,203,366
10359,204,192,396
10359,195,178,373
10359,227,207,434
10359,194,160,354
10359,195,178,373
10359,200,207,407
10359,146,136,282
10359,176,127,303
10359,165,197,362
10359,200,164,364
10359,188,169,357
10359,180,123,303
10359,244,202,446
10359,158,129,287
10359,225,228,453
10359,156,170,326
10359,165,197,362
10359,136,139,275
10359,204,209,413
10359,159,143,302
10360,136,141,277
10360,168,155,323
10360,208,190,398
10360,183,128,311
10360,200,208,408
10360,143,142,285
10360,265,276,541
10360,191,217,408
10360,145,148,293
10360,195,176,371
10360,195,176,371
10360,143,130,273
10360,162,192,354
10360,161,129,290
10360,156,165,321
10360,162,192,354
10360,203,212,415
10360,295,293,588
10360,173,178,351
10360,171,163,334
10360,157,168,325
10360,156,171,327
10360,284,274,558
10360,160,118,278
10360,145,148,293
10360,148,144,292
10360,159,188,347
10360,187,160,347
10360,191,209,400
10360,208,180,388
10360,243,202,445
10360,158,142,300
10360,231,209,440
10360,189,172,361
10360,210,217,427
10360,206,166,372
10360,179,123,302
10360,195,162,357
10360,228,239,467
10360,189,172,361
10361,266,275,541
10361,210,215,425
10361,221,172,393
10361,183,172,355
10361,159,173,332
10361,157,118,275
10361,225,230,455
10361,172,188,360
10361,200,209,409
10361,288,273,561
10361,189,160,349
10361,216,195,411
10361,294,280,574
10361,172,188,360
10361,182,199,381
10361,244,203,447
10361,191,179,370
10361,186,159,345
10361,187,208,395
10361,151,154,305
10361,177,164,341
10361,183,172,355
10361,177,126,303
10361,144,127,271
10361,157,139,296
10361,146,146,292
10361,210,189,399
10361,236,212,448
10361,158,129,287
10361,146,146,292
10361,191,179,370
10361,135,139,274
10361,155,163,318
10361,171,157,328
10361,202,199,401
10361,143,144,287
10361,168,191,359
10361,181,198,379
10361,158,179,337
10361,182,126,308
10362,193,163,356
10362,189,174,363
10362,174,158,332
10362,239,213,452
10362,183,202,385
10362,200,209,409
10362,243,197,440
10362,154,161,315
10362,156,127,283
10362,154,134,288
10362,147,148,295
10362,189,174,363
10362,142,141,283
10362,207,201,408
10362,198,188,386
10362,157,117,274
10362,181,195,376
10362,179,207,386
10362,264,274,538
10362,224,231,455
10362,177,189,366
10362,197,161,358
10362,177,189,366
10362,160,176,336
10362,183,124,307
10362,211,218,429
10362,154,160,314
10362,224,171,395
10362,187,210,397
10362,147,148,295
10362,293,282,575
10362,187,173,360
10362,294,277,571
10362,182,165,347
10362,136,137,273
10362,147,143,290
10362,175,124,299
10362,162,187,349
10362,187,173,360
10362,160,182,342
10363,187,167,354
10363,143,145,288
10363,210,216,426
10363,145,152,297
10363,209,166,375
10363,184,209,393
10363,194,159,353
10363,145,152,297
10363,301,280,581
10363,278,276,554
10363,201,212,413
10363,139,146,285
10363,253,201,454
10363,180,191,371
10363,175,183,358
10363,223,226,449
10363,191,186,377
10363,154,133,287
10363,178,187,365
10363,188,172,360
10363,211,237,448
10363,152,156,308
10363,159,183,342
10363,174,192,366
10363,172,155,327
10363,181,164,345
10363,179,187,366
10363,181,126,307
10363,180,156,336
10363,153,126,279
10363,175,122,297
10363,187,167,354
10363,188,172,360
10363,158,125,283
10363,297,282,579
10363,150,154,304
10363,209,198,407
10363,180,191,371
10363,141,130,271
10363,158,173,331
10364,209,198,407
10364,181,193,374
10364,183,128,311
10364,184,160,344
10364,146,150,296
10364,191,185,376
10364,146,150,296
10364,155,133,288
10364,163,129,292
10364,190,172,362
10364,169,166,335
10364,153,159,312
10364,166,121,287
10364,144,148,292
10364,139,145,284
10364,158,170,328
10364,184,160,344
10364,182,193,375
10364,183,196,379
10364,254,199,453
10364,138,127,265
10364,179,184,363
10364,186,158,344
10364,290,276,566
10364,195,208,403
10364,182,193,375
10364,158,177,335
10364,190,172,362
10364,167,160,327
10364,222,225,447
10364,270,274,544
10364,235,212,447
10364,203,164,367
10364,176,153,329
10364,179,207,386
10364,177,186,363
10364,207,211,418
10364,159,123,282
10364,151,156,307
10364,311,285,596
10365,174,156,330
10365,172,165,337
10365,205,225,430
10365,150,132,282
10365,182,192,374
10365,155,135,290
10365,184,192,376
10365,186,212,398
10365,138,143,281
10365,180,141,321
10365,225,217,442
10365,147,144,291
10365,186,160,346
10365,141,139,280
10365,230,249,479
10365,172,204,376
10365,165,128,293
10365,247,197,444
10365,172,165,337
10365,207,167,374
10365,286,275,561
10365,186,160,346
10365,184,186,370
10365,147,144,291
10365,311,285,596
10365,158,162,320
10365,208,210,418
10365,182,200,382
10365,271,274,545
10365,187,195,382
10365,167,168,335
10365,176,157,333
10365,178,126,304
10365,184,192,376
10365,152,164,316
10365,162,117,279
10365,171,174,345
10365,158,118,276
10365,155,160,315
10365,205,214,419
10366,166,159,325
10366,155,166,321
10366,167,189,356
10366,281,276,557
10366,187,162,349
10366,250,217,467
10366,167,189,356
10366,187,166,353
10366,210,232,442
10366,299,276,575
10366,184,157,341
10366,171,174,345
10366,167,166,333
10366,167,166,333
10366,178,128,306
10366,145,143,288
10366,173,221,394
10366,142,150,292
10366,210,216,426
10366,226,218,444
10366,210,167,377
10366,171,139,310
10366,181,200,381
10366,320,286,606
10366,152,130,282
10366,156,161,317
10366,159,161,320
10366,225,250,475
10366,174,123,297
10366,201,199,400
10366,145,143,288
10366,191,204,395
10366,161,128,289
10366,184,209,393
10366,157,118,275
10366,181,195,376
10366,143,143,286
10366,157,144,301
10366,187,166,353
10366,178,194,372
10367,142,144,286
10367,160,169,329
10367,155,144,299
10367,212,217,429
10367,167,160,327
10367,208,225,433
10367,186,168,354
10367,148,154,302
10367,172,220,392
10367,154,163,317
10367,217,170,387
10367,158,131,289
10367,178,192,370
10367,186,199,385
10367,290,275,565
10367,158,133,291
10367,186,168,354
10367,308,286,594
10367,187,159,346
10367,224,217,441
10367,206,221,427
10367,181,185,366
10367,174,180,354
10367,158,173,331
10367,174,123,297
10367,223,235,458
10367,178,168,346
10367,165,197,362
10367,180,207,387
10367,250,214,464
10367,178,168,346
10367,148,154,302
10367,193,164,357
10367,174,188,362
10367,165,129,294
10367,186,132,318
10367,144,155,299
10367,161,120,281
10367,165,197,362
10367,283,278,561
10368,173,123,296
10368,197,193,390
10368,162,133,295
10368,157,147,304
10368,154,164,318
10368,167,199,366
10368,183,189,372
10368,198,194,392
10368,190,174,364
10368,190,174,364
10368,214,222,436
10368,171,175,346
10368,223,215,438
10368,151,156,307
10368,184,132,316
10368,151,156,307
10368,174,183,357
10368,313,285,598
10368,248,211,459
10368,225,222,447
10368,165,200,365
10368,199,213,412
10368,182,196,378
10368,191,164,355
10368,291,280,571
10368,165,200,365
10368,145,155,300
10368,169,120,289
10368,186,159,345
10368,209,233,442
10368,203,222,425
10368,140,138,278
10368,167,155,322
10368,184,158,342
10368,186,159,345
10368,154,164,318
10368,168,130,298
10368,283,274,557
10368,161,171,332
10368,147,128,275
10369,149,157,306
10369,300,310,610
10369,198,176,374
10369,185,180,365
10369,204,221,425
10369,151,128,279
10369,247,207,454
10369,183,199,382
10369,144,130,274
10369,197,195,392
10369,288,281,569
10369,144,158,302
10369,178,124,302
10369,166,129,295
10369,195,187,382
10369,178,158,336
10369,218,234,452
10369,223,214,437
10369,191,161,352
10369,142,141,283
10369,168,204,372
10369,153,164,317
10369,167,161,328
10369,155,147,302
10369,202,216,418
10369,164,195,359
10369,161,178,339
10369,149,157,306
10369,185,131,316
10369,233,227,460
10369,205,221,426
10369,187,166,353
10369,167,173,340
10369,321,288,609
10369,157,171,328
10369,164,195,359
10369,187,166,353
10369,198,176,374
10369,158,119,277
10369,194,190,384
10370,174,122,296
10370,164,120,284
10370,136,131,267
10370,211,234,445
10370,165,194,359
10370,203,215,418
10370,189,181,370
10370,186,179,365
10370,150,159,309
10370,187,166,353
10370,160,175,335
10370,187,187,374
10370,154,138,292
10370,243,213,456
10370,149,155,304
10370,200,163,363
10370,209,175,384
10370,166,168,334
10370,168,131,299
10370,199,175,374
10370,199,175,374
10370,191,131,322
10370,305,282,587
10370,298,299,597
10370,195,204,399
10370,183,161,344
10370,155,167,322
10370,167,200,367
10370,222,214,436
10370,160,177,337
10370,196,196,392
10370,187,166,353
10370,142,151,293
10370,234,227,461
10370,244,198,442
10370,298,282,580
10370,169,165,334
10370,153,144,297
10370,167,200,367
10370,150,159,309
10371,197,173,370
10371,186,172,358
10371,202,215,417
10371,238,228,466
10371,245,203,448
10371,166,202,368
10371,197,208,405
10371,186,169,355
10371,147,153,300
10371,188,190,378
10371,154,143,297
10371,312,282,594
10371,330,292,622
10371,196,164,360
10371,152,160,312
10371,162,176,338
10371,196,191,387
10371,186,169,355
10371,143,154,297
10371,171,131,302
10371,297,284,581
10371,166,202,368
10371,182,178,360
10371,178,124,302
10371,161,118,279
10371,220,210,430
10371,171,173,344
10371,146,149,295
10371,218,234,452
10371,166,167,333
10371,205,164,369
10371,162,183,345
10371,163,185,348
10371,197,173,370
10371,215,212,427
10371,136,127,263
10371,181,127,308
10371,188,191,379
10371,146,149,295
10371,153,133,286
10372,166,129,295
10372,169,206,375
10372,183,162,345
10372,179,176,355
10372,148,147,295
10372,200,195,395
10372,153,145,298
10372,162,118,280
10372,225,218,443
10372,165,183,348
10372,210,213,423
10372,248,233,481
10372,198,176,374
10372,179,126,305
10372,137,132,269
10372,190,202,392
10372,194,210,404
10372,185,125,310
10372,166,165,331
10372,168,170,338
10372,242,201,443
10372,201,162,363
10372,192,172,364
10372,329,294,623
10372,199,213,412
10372,215,231,446
10372,195,164,359
10372,194,188,382
10372,192,172,364
10372,152,129,281
10372,169,206,375
10372,164,184,348
10372,148,147,295
10372,326,289,615
10372,183,162,345
10372,143,154,297
10372,148,162,310
10372,161,180,341
10372,273,302,575
10372,155,169,324
10373,203,197,400
10373,172,138,310
10373,243,233,476
10373,216,228,444
10373,152,142,294
10373,147,145,292
10373,157,171,328
10373,208,165,373
10373,189,201,390
10373,185,171,356
10373,298,311,609
10373,174,185,359
10373,192,188,380
10373,155,169,324
10373,162,181,343
10373,147,145,292
10373,185,160,345
10373,141,154,295
10373,293,281,574
10373,166,167,333
10373,221,215,436
10373,194,184,378
10373,169,210,379
10373,164,184,348
10373,171,122,293
10373,215,211,426
10373,168,163,331
10373,187,126,313
10373,299,308,607
10373,181,129,310
10373,145,153,298
10373,169,210,379
10373,185,160,345
10373,164,130,294
10373,202,214,416
10373,142,146,288
10373,206,228,434
10373,181,199,380
10373,247,206,453
10374,209,196,405
10374,177,185,362
10374,206,165,371
10374,211,219,430
10374,194,203,397
10374,204,213,417
10374,300,314,614
10374,233,229,462
10374,167,162,329
10374,169,123,292
10374,170,210,380
10374,178,185,363
10374,206,186,392
10374,178,185,363
10374,216,212,428
10374,243,200,443
10374,277,277,554
10374,141,155,296
10374,170,177,347
10374,170,210,380
10374,319,287,606
10374,148,143,291
10374,182,157,339
10374,162,177,339
10374,153,169,322
10374,191,173,364
10374,186,171,357
10374,187,126,313
10374,178,127,305
10374,171,135,306
10374,148,143,291
10374,167,129,296
10374,144,154,298
10374,143,144,287
10374,182,157,339
10374,158,175,333
10374,153,143,296
10374,208,227,435
10374,215,230,445
10375,230,218,448
10375,188,189,377
10375,181,150,331
10375,202,216,418
10375,138,145,283
10375,173,134,307
10375,169,131,300
10375,190,173,363
10375,176,140,316
10375,181,150,331
10375,325,289,614
10375,165,202,367
10375,165,184,349
10375,155,145,300
10375,268,273,541
10375,165,202,367
10375,178,127,305
10375,208,183,391
10375,196,161,357
10375,169,173,342
10375,154,145,299
10375,243,200,443
10375,170,123,293
10375,178,122,300
10375,155,145,300
10375,200,220,420
10375,162,178,340
10375,226,223,449
10375,155,172,327
10375,203,212,415
10375,211,219,430
10375,203,165,368
10375,160,178,338
10375,144,158,302
10375,213,229,442
10375,183,169,352
10375,166,161,327
10375,173,180,353
10375,298,305,603
10376,168,207,375
10376,186,171,357
10376,209,240,449
10376,315,285,600
10376,158,159,317
10376,196,161,357
10376,244,206,450
10376,156,146,302
10376,222,225,447
10376,266,278,544
10376,161,183,344
10376,202,163,365
10376,168,168,336
10376,192,181,373
10376,200,211,411
10376,166,188,354
10376,141,149,290
10376,193,174,367
10376,181,150,331
10376,212,227,439
10376,187,140,327
10376,153,170,323
10376,177,122,299
10376,173,173,346
10376,167,165,332
10376,181,150,331
10376,143,150,293
10376,211,227,438
10376,295,296,591
10376,199,210,409
10376,190,196,386
10376,168,207,375
10376,169,138,307
10376,168,131,299
10376,161,118,279
10376,165,190,355
10376,156,146,302
10376,192,132,324
10376,203,196,399
10377,245,203,448
10377,157,180,337
10377,165,182,347
10377,155,145,300
10377,158,163,321
10377,168,171,339
10377,181,151,332
10377,181,151,332
10377,166,193,359
10377,188,171,359
10377,202,212,414
10377,209,165,374
10377,209,222,431
10377,237,228,465
10377,194,198,392
10377,195,204,399
10377,155,145,300
10377,166,155,321
10377,296,299,595
10377,172,123,295
10377,174,168,342
10377,213,199,412
10377,192,172,364
10377,142,157,299
10377,168,168,336
10377,174,121,295
10377,165,203,368
10377,304,281,585
10377,265,277,542
10377,165,203,368
10377,207,231,438
10377,157,157,314
10377,212,227,439
10377,196,160,356
10377,142,137,279
10377,188,160,348
10377,166,131,297
10377,169,139,308
10377,185,178,363
10378,191,160,351
10378,157,181,338
10378,191,165,356
10378,179,186,365
10378,301,278,579
10378,168,200,368
10378,145,153,298
10378,170,201,371
10378,188,222,410
10378,179,125,304
10378,200,217,417
10378,204,219,423
10378,227,227,454
10378,218,245,463
10378,193,173,366
10378,204,212,416
10378,180,158,338
10378,153,144,297
10378,160,158,318
10378,181,141,322
10378,250,201,451
10378,187,139,326
10378,189,131,320
10378,167,118,285
10378,174,165,339
10378,267,279,546
10378,204,221,425
10378,182,151,333
10378,182,151,333
10378,169,172,341
10378,141,154,295
10378,172,176,348
10378,169,132,301
10378,153,144,297
10378,212,228,440
10378,295,281,576
10378,175,178,353
10378,172,224,396
10378,172,224,396
10379,178,126,304
10379,308,288,596
10379,192,170,362
10379,210,219,429
10379,169,173,342
10379,241,233,474
10379,179,189,368
10379,163,165,328
10379,170,139,309
10379,155,145,300
10379,187,158,345
10379,181,238,419
10379,145,159,304
10379,217,247,464
10379,174,164,338
10379,199,218,417
10379,194,131,325
10379,176,121,297
10379,189,150,339
10379,181,137,318
10379,172,219,391
10379,225,209,434
10379,172,216,388
10379,176,174,350
10379,167,193,360
10379,306,278,584
10379,202,214,416
10379,192,172,364
10379,199,162,361
10379,172,219,391
10379,156,176,332
10379,189,150,339
10379,169,173,342
10379,138,151,289
10379,170,132,302
10379,270,273,543
10379,183,213,396
10379,155,145,300
10379,250,201,451
10380,208,164,372
10380,166,193,359
10380,154,142,296
10380,176,141,317
10380,182,206,388
10380,190,172,362
10380,168,206,374
10380,180,137,317
10380,189,141,330
10380,209,214,423
10380,307,276,583
10380,189,156,345
10380,157,173,330
10380,192,149,341
10380,136,150,286
10380,173,177,350
10380,309,289,598
10380,192,149,341
10380,168,161,329
10380,179,121,300
10380,192,129,321
10380,245,233,478
10380,177,154,331
10380,189,158,347
10380,251,217,468
10380,170,131,301
10380,168,206,374
10380,199,196,395
10380,154,142,296
10380,182,129,311
10380,209,236,445
10380,200,208,408
10380,173,140,313
10380,186,169,355
10380,166,167,333
10380,194,212,406
10380,196,211,407
10380,256,238,494
10380,268,276,544
10381,183,147,330
10381,267,273,540
10381,138,145,283
10381,149,144,293
10381,183,179,362
10381,210,228,438
10381,166,205,371
10381,213,223,436
10381,191,143,334
10381,157,174,331
10381,187,157,344
10381,176,156,332
10381,299,295,594
10381,306,279,585
10381,183,126,309
10381,262,238,500
10381,166,205,371
10381,165,166,331
10381,183,147,330
10381,196,179,375
10381,192,210,402
10381,184,169,353
10381,177,187,364
10381,196,159,355
10381,159,129,288
10381,185,185,370
10381,194,194,388
10381,169,140,309
10381,191,172,363
10381,179,139,318
10381,186,129,315
10381,155,155,310
10381,149,144,293
10381,183,185,368
10381,251,218,469
10381,203,227,430
10381,168,166,334
10381,172,122,294
10381,218,255,473
10382,150,142,292
10382,299,275,574
10382,180,126,306
10382,164,198,362
10382,256,235,491
10382,188,172,360
10382,163,161,324
10382,148,152,300
10382,184,145,329
10382,169,201,370
10382,160,130,290
10382,172,154,326
10382,178,120,298
10382,204,162,366
10382,205,219,424
10382,189,179,368
10382,184,210,394
10382,193,171,364
10382,207,233,440
10382,150,142,292
10382,164,198,362
10382,157,161,318
10382,136,144,280
10382,197,186,383
10382,266,275,541
10382,184,145,329
10382,191,208,399
10382,205,211,416
10382,162,186,348
10382,191,171,362
10382,187,140,327
10382,181,181,362
10382,161,136,297
10382,250,220,470
10382,300,295,595
10382,194,194,388
10382,165,154,319
10382,170,168,338
10382,213,222,435
10383,157,159,316
10383,189,141,330
10383,151,141,292
10383,210,189,399
10383,302,273,575
10383,173,179,352
10383,213,212,425
10383,159,129,288
10383,164,164,328
10383,255,236,491
10383,151,141,292
10383,209,207,416
10383,187,147,334
10383,299,287,586
10383,186,160,346
10383,187,180,367
10383,175,164,339
10383,168,162,330
10383,164,148,312
10383,166,202,368
10383,177,120,297
10383,181,183,364
10383,166,202,368
10383,143,138,281
10383,190,208,398
10383,197,174,371
10383,191,166,357
10383,178,126,304
10383,187,147,334
10383,271,288,559
10383,248,210,458
10383,137,143,280
10383,171,200,371
10383,199,195,394
10383,222,216,438
10383,232,213,445
10383,158,137,295
10383,164,189,353
10383,179,206,385
10384,223,210,433
10384,202,174,376
10384,187,171,358
10384,268,277,545
10384,195,180,375
10384,166,202,368
10384,190,148,338
10384,166,202,368
10384,170,163,333
10384,150,146,296
10384,190,148,338
10384,174,192,366
10384,149,141,290
10384,244,202,446
10384,157,128,285
10384,311,274,585
10384,166,153,319
10384,187,160,347
10384,161,160,321
10384,168,197,365
10384,163,141,304
10384,171,173,344
10384,210,209,419
10384,227,212,439
10384,203,229,432
10384,163,163,326
10384,175,124,299
10384,204,186,390
10384,142,130,272
10384,179,121,300
10384,191,166,357
10384,186,207,393
10384,163,189,352
10384,180,181,361
10384,136,145,281
10384,149,141,290
10384,306,289,595
10384,235,226,461
10384,183,193,376
10385,163,145,308
10385,173,124,297
10385,200,175,375
10385,149,142,291
10385,268,273,541
10385,185,148,333
10385,192,208,400
10385,137,144,281
10385,157,138,295
10385,160,178,338
10385,207,212,419
10385,163,145,308
10385,159,155,314
10385,194,184,378
10385,297,294,591
10385,169,163,332
10385,182,182,364
10385,161,186,347
10385,162,184,346
10385,195,134,329
10385,167,199,366
10385,174,184,358
10385,301,275,576
10385,201,222,423
10385,162,130,292
10385,164,163,327
10385,215,221,436
10385,231,213,444
10385,181,121,302
10385,195,171,366
10385,164,163,327
10385,166,189,355
10385,147,127,274
10385,186,179,365
10385,232,224,456
10385,167,199,366
10385,185,148,333
10385,248,211,459
10385,193,167,360
10386,192,170,362
10386,158,175,333
10386,152,149,301
10386,212,224,436
10386,164,197,361
10386,174,192,366
10386,193,174,367
10386,174,171,345
10386,135,133,268
10386,163,160,323
10386,189,181,370
10386,189,185,374
10386,167,160,327
10386,198,208,406
10386,189,123,312
10386,302,303,605
10386,192,172,364
10386,207,186,393
10386,148,127,275
10386,164,197,361
10386,159,157,316
10386,211,210,421
10386,144,140,284
10386,205,212,417
10386,186,149,335
10386,162,147,309
10386,176,167,343
10386,305,273,578
10386,186,149,335
10386,223,210,433
10386,162,147,309
10386,192,169,361
10386,169,202,371
10386,171,122,293
10386,230,223,453
10386,246,210,456
10386,164,131,295
10386,189,133,322
10386,273,274,547
10387,156,144,300
10387,193,190,383
10387,159,129,288
10387,196,173,369
10387,183,149,332
10387,183,149,332
10387,190,125,315
10387,303,307,610
10387,195,202,397
10387,166,148,314
10387,195,183,378
10387,226,224,450
10387,163,184,347
10387,172,124,296
10387,271,275,546
10387,217,211,428
10387,171,215,386
10387,146,126,272
10387,179,166,345
10387,163,166,329
10387,185,169,354
10387,190,134,324
10387,179,232,411
10387,171,215,386
10387,232,212,444
10387,249,220,469
10387,148,140,288
10387,158,175,333
10387,304,268,572
10387,180,194,374
10387,212,221,433
10387,166,148,314
10387,181,177,358
10387,176,173,349
10387,150,154,304
10387,134,136,270
10387,189,175,364
10387,190,164,354
10387,168,156,324
10388,179,234,413
10388,197,208,405
10388,185,176,361
10388,244,201,445
10388,179,168,347
10388,186,152,338
10388,186,152,338
10388,151,161,312
10388,132,133,265
10388,188,169,357
10388,236,218,454
10388,168,148,316
10388,300,299,599
10388,180,198,378
10388,166,201,367
10388,177,164,341
10388,235,212,447
10388,168,148,316
10388,163,131,294
10388,183,195,378
10388,194,182,376
10388,294,264,558
10388,273,293,566
10388,163,131,294
10388,183,130,313
10388,227,222,449
10388,181,127,308
10388,198,191,389
10388,160,181,341
10388,212,223,435
10388,149,140,289
10388,188,165,353
10388,145,126,271
10388,154,138,292
10388,191,124,315
10388,187,184,371
10388,163,163,326
10388,166,201,367
10388,173,167,340
10388,167,159,326
10389,200,175,375
10389,200,190,390
10389,181,121,302
10389,187,169,356
10389,157,151,308
10389,182,131,313
10389,173,148,321
10389,196,202,398
10389,202,182,384
10389,213,223,436
10389,171,210,381
10389,210,236,446
10389,135,137,272
10389,224,209,433
10389,271,289,560
10389,173,165,338
10389,158,171,329
10389,227,224,451
10389,160,129,289
10389,173,148,321
10389,171,210,381
10389,181,194,375
10389,183,129,312
10389,178,230,408
10389,288,276,564
10389,151,131,282
10389,184,156,340
10389,154,161,315
10389,297,296,593
10389,160,156,316
10389,190,166,356
10389,143,125,268
10389,190,189,379
10389,190,151,341
10389,190,151,341
10389,170,170,340
10389,164,147,311
10389,244,209,453
10389,194,178,372
10389,160,129,289
10390,156,128,284
10390,189,129,318
10390,184,154,338
10390,184,154,338
10390,200,192,392
10390,175,181,356
10390,285,264,549
10390,175,128,303
10390,156,128,284
10390,198,179,377
10390,244,200,444
10390,187,149,336
10390,207,207,414
10390,149,127,276
10390,184,169,353
10390,221,221,442
10390,180,122,302
10390,212,220,432
10390,191,155,346
10390,197,174,371
10390,171,190,361
10390,158,176,334
10390,210,184,394
10390,163,153,316
10390,172,221,393
10390,226,209,435
10390,132,132,264
10390,172,221,393
10390,190,178,368
10390,208,229,437
10390,266,276,542
10390,166,162,328
10390,165,141,306
10390,153,138,291
10390,297,298,595
10390,164,142,306
10390,177,230,407
10390,160,165,325
10390,173,166,339
10390,187,149,336
10391,222,223,445
10391,188,151,339
10391,180,187,367
10391,156,161,317
10391,152,127,279
10391,153,126,279
10391,183,153,336
10391,132,130,262
10391,166,119,285
10391,210,184,394
10391,153,162,315
10391,195,197,392
10391,178,230,408
10391,187,196,383
10391,161,152,313
10391,328,293,621
10391,203,160,363
10391,197,172,369
10391,204,221,425
10391,201,204,405
10391,212,216,428
10391,242,201,443
10391,177,179,356
10391,224,212,436
10391,153,126,279
10391,167,126,293
10391,179,125,304
10391,197,179,376
10391,188,151,339
10391,267,277,544
10391,154,153,307
10391,195,197,392
10391,154,145,299
10391,290,283,573
10391,198,173,371
10391,162,182,344
10391,203,185,388
10391,164,151,315
10391,178,177,355
10391,183,153,336
10392,152,143,295
10392,209,204,413
10392,194,178,372
10392,206,205,411
10392,268,276,544
10392,256,206,462
10392,165,119,284
10392,194,172,366
10392,178,178,356
10392,149,148,297
10392,197,155,352
10392,149,126,275
10392,163,156,319
10392,197,155,352
10392,169,160,329
10392,289,298,587
10392,162,181,343
10392,175,173,348
10392,167,207,374
10392,156,127,283
10392,218,211,429
10392,161,150,311
10392,175,150,325
10392,298,302,600
10392,213,188,401
10392,161,122,283
10392,193,172,365
10392,201,210,411
10392,175,150,325
10392,190,190,380
10392,159,166,325
10392,167,207,374
10392,156,127,283
10392,206,159,365
10392,132,128,260
10392,203,183,386
10392,153,142,295
10392,226,220,446
10392,194,198,392
10392,181,231,412
10393,196,198,394
10393,173,175,348
10393,206,220,426
10393,156,126,282
10393,173,150,323
10393,247,201,448
10393,144,131,275
10393,172,121,293
10393,198,171,369
10393,158,128,286
10393,156,126,282
10393,213,208,421
10393,151,143,294
10393,170,201,371
10393,169,167,336
10393,155,146,301
10393,173,150,323
10393,159,174,333
10393,156,159,315
10393,163,198,361
10393,162,147,309
10393,198,208,406
10393,324,283,607
10393,199,215,414
10393,203,184,387
10393,212,201,413
10393,292,306,598
10393,158,122,280
10393,192,188,380
10393,230,222,452
10393,197,202,399
10393,205,158,363
10393,184,170,354
10393,283,284,567
10393,163,198,361
10393,205,158,363
10393,212,163,375
10393,167,157,324
10393,179,176,355
10393,131,130,261
10394,162,174,336
10394,132,137,269
10394,162,162,324
10394,149,131,280
10394,198,173,371
10394,211,237,448
10394,288,284,572
10394,202,206,408
10394,293,301,594
10394,151,125,276
10394,154,145,299
10394,210,160,370
10394,256,205,461
10394,165,129,294
10394,171,157,328
10394,174,190,364
10394,198,160,358
10394,165,187,352
10394,168,169,337
10394,221,220,441
10394,172,150,322
10394,158,130,288
10394,196,209,405
10394,307,280,587
10394,193,130,323
10394,156,167,323
10394,177,181,358
10394,151,125,276
10394,165,187,352
10394,199,201,400
10394,210,160,370
10394,172,150,322
10394,185,187,372
10394,208,204,412
10394,215,213,428
10394,180,208,388
10394,177,172,349
10394,192,169,361
10394,172,122,294
10394,196,178,374
10395,176,197,373
10395,312,285,597
10395,190,169,359
10395,194,207,401
10395,147,123,270
10395,160,178,338
10395,175,172,347
10395,155,144,299
10395,176,185,361
10395,167,191,358
10395,184,128,312
10395,209,206,415
10395,174,151,325
10395,168,163,331
10395,183,174,357
10395,213,160,373
10395,210,205,415
10395,273,217,490
10395,158,128,286
10395,160,155,315
10395,160,139,299
10395,182,186,368
10395,171,190,361
10395,184,126,310
10395,196,160,356
10395,164,191,355
10395,222,228,450
10395,147,123,270
10395,188,166,354
10395,174,151,325
10395,213,160,373
10395,142,130,272
10395,208,226,434
10395,286,287,573
10395,131,140,271
10395,179,136,315
10395,299,286,585
10395,207,211,418
10395,164,191,355
10395,200,209,409
10396,191,192,383
10396,149,150,299
10396,206,209,415
10396,179,193,372
10396,162,150,312
10396,145,126,271
10396,209,156,365
10396,288,292,580
10396,223,234,457
10396,187,140,327
10396,179,179,358
10396,179,234,413
10396,189,166,355
10396,310,283,593
10396,186,128,314
10396,177,193,370
10396,180,166,346
10396,159,160,319
10396,130,132,262
10396,165,131,296
10396,247,230,477
10396,179,193,372
10396,199,204,403
10396,209,156,365
10396,183,174,357
10396,158,129,287
10396,205,223,428
10396,186,152,338
10396,179,193,372
10396,157,172,329
10396,292,283,575
10396,186,128,314
10396,156,148,304
10396,165,185,350
10396,178,197,375
10396,180,182,362
10396,145,126,271
10396,203,205,408
10396,186,152,338
10396,201,170,371
10396,173,190,363
10397,177,176,353
10397,158,128,286
10397,173,189,362
10397,297,307,604
10397,156,151,307
10397,178,198,376
10397,189,130,319
10397,190,169,359
10397,286,282,568
10397,163,154,317
10397,179,151,330
10397,129,131,260
10397,175,136,311
10397,184,194,378
10397,249,235,484
10397,161,176,337
10397,202,212,414
10397,202,204,406
10397,199,154,353
10397,177,172,349
10397,159,162,321
10397,181,181,362
10397,173,189,362
10397,173,191,364
10397,314,284,598
10397,196,168,364
10397,146,123,269
10397,150,152,302
10397,176,136,312
10397,146,123,269
10397,187,180,367
10397,176,125,301
10397,207,228,435
10397,160,178,338
10397,209,217,426
10397,199,154,353
10397,199,211,410
10397,194,183,377
10397,173,189,362
10397,223,236,459
10397,179,151,330
10398,176,191,367
10398,176,191,367
10398,150,125,275
10398,174,172,346
10398,188,150,338
10398,225,242,467
10398,176,191,367
10398,189,130,319
10398,203,204,407
10398,154,163,317
10398,159,160,319
10398,176,177,353
10398,150,125,275
10398,172,167,339
10398,196,209,405
10398,156,128,284
10398,188,150,338
10398,157,166,323
10398,180,187,367
10398,294,296,590
10398,161,165,326
10398,202,211,413
10398,177,151,328
10398,185,214,399
10398,159,161,320
10398,182,166,348
10398,188,195,383
10398,177,151,328
10398,173,135,308
10398,130,131,261
10398,286,281,567
10398,161,151,312
10398,188,129,317
10398,208,217,425
10398,171,175,346
10398,206,223,429
10398,197,192,389
10398,158,166,324
10398,195,203,398
10398,306,284,590
10398,274,217,491
10399,190,180,370
10399,195,206,401
10399,150,158,308
10399,161,128,289
10399,298,279,577
10399,176,178,354
10399,191,196,387
10399,163,156,319
10399,224,237,461
10399,160,167,327
10399,160,175,335
10399,213,194,407
10399,179,152,331
10399,179,152,331
10399,191,196,387
10399,173,184,357
10399,161,128,289
10399,186,129,315
10399,154,164,318
10399,191,196,387
10399,199,204,403
10399,274,217,491
10399,188,149,337
10399,158,165,323
10399,300,311,611
10399,172,166,338
10399,210,223,433
10399,207,226,433
10399,188,195,383
10399,199,213,412
10399,174,170,344
10399,165,152,317
10399,162,163,325
10399,207,204,411
10399,159,160,319
10399,288,285,573
10399,156,131,287
10399,132,138,270
10399,188,149,337
10399,168,170,338
10399,178,180,358
10400,186,154,340
10400,160,126,286
10400,190,150,340
10400,197,199,396
10400,159,158,317
10400,174,170,344
10400,177,135,312
10400,176,167,343
10400,176,178,354
10400,217,207,424
10400,209,243,452
10400,219,225,444
10400,175,177,352
10400,206,192,398
10400,164,151,315
10400,304,322,626
10400,165,177,342
10400,190,150,340
10400,161,148,309
10400,207,173,380
10400,208,221,429
10400,198,202,400
10400,191,175,366
10400,173,181,354
10400,151,159,310
10400,131,137,268
10400,190,130,320
10400,202,211,413
10400,158,159,317
10400,162,187,349
10400,197,199,396
10400,157,133,290
10400,193,142,335
10400,174,191,365
10400,197,199,396
10400,186,154,340
10400,160,126,286
10400,197,209,406
10400,301,280,581
10400,274,284,558
10400,248,235,483
10401,192,194,386
10401,131,138,269
10401,164,182,346
10401,194,154,348
10401,177,182,359
10401,176,201,377
10401,158,136,294
10401,173,167,340
10401,199,197,396
10401,269,280,549
10401,164,176,340
10401,167,150,317
10401,158,125,283
10401,170,173,343
10401,200,173,373
10401,299,305,604
10401,164,145,309
10401,200,206,406
10401,188,156,344
10401,208,219,427
10401,158,125,283
10401,162,164,326
10401,149,149,298
10401,194,154,348
10401,303,280,583
10401,181,174,355
10401,278,216,494
10401,150,155,305
10401,185,140,325
10401,188,156,344
10401,199,197,396
10401,191,171,362
10401,167,187,354
10401,180,234,414
10401,230,214,444
10401,237,219,456
10401,216,220,436
10401,195,132,327
10401,156,160,316
10401,190,179,369
10401,199,197,396
10402,266,279,545
10402,151,159,310
10402,183,175,358
10402,193,153,346
10402,176,180,356
10402,154,145,299
10402,165,176,341
10402,164,152,316
10402,157,141,298
10402,299,304,603
10402,276,215,491
10402,175,220,395
10402,174,191,365
10402,197,212,409
10402,159,161,320
10402,233,215,448
10402,190,185,375
10402,208,214,422
10402,193,153,346
10402,325,284,609
10402,176,134,310
10402,158,177,335
10402,197,197,394
10402,161,186,347
10402,197,197,394
10402,160,126,286
10402,196,189,385
10402,195,132,327
10402,216,219,435
10402,175,171,346
10402,161,172,333
10402,174,184,358
10402,158,177,335
10402,192,142,334
10402,197,197,394
10402,134,149,283
10402,160,126,286
10402,199,174,373
10402,172,166,338
10402,199,202,401
10402,173,150,323
10403,201,208,409
10403,199,198,397
10403,319,283,602
10403,201,156,357
10403,171,184,355
10403,158,178,336
10403,199,198,397
10403,201,156,357
10403,182,176,358
10403,155,160,315
10403,191,182,373
10403,153,139,292
10403,136,156,292
10403,158,159,317
10403,163,144,307
10403,193,184,377
10403,198,204,402
10403,193,133,326
10403,175,150,325
10403,219,226,445
10403,207,217,424
10403,171,174,345
10403,161,166,327
10403,166,174,340
10403,176,178,354
10403,199,198,397
10403,157,134,291
10403,277,278,555
10403,173,168,341
10403,176,221,397
10403,161,161,322
10403,169,188,357
10403,164,127,291
10403,223,208,431
10403,158,178,336
10403,188,170,358
10403,164,127,291
10403,175,136,311
10403,173,190,363
10403,274,213,487
10403,302,310,612
10404,160,155,315
10404,171,184,355
10404,192,179,371
10404,160,167,327
10404,197,178,375
10404,294,296,590
10404,273,280,553
10404,213,208,421
10404,165,199,364
10404,155,172,327
10404,201,156,357
10404,170,212,382
10404,137,159,296
10404,170,212,382
10404,163,139,302
10404,226,209,435
10404,161,159,320
10404,161,125,286
10404,210,225,435
10404,148,128,276
10404,165,146,311
10404,201,156,357
10404,174,135,309
10404,263,210,473
10404,155,172,327
10404,194,190,384
10404,162,168,330
10404,301,316,617
10404,159,165,324
10404,161,125,286
10404,160,144,304
10404,207,204,411
10404,181,204,385
10404,173,170,343
10404,172,171,343
10404,194,132,326
10404,174,168,342
10404,191,169,360
10404,225,238,463
10404,170,212,382
10404,207,214,421
10405,228,248,476
10405,205,203,408
10405,196,135,331
10405,168,148,316
10405,172,216,388
10405,208,212,420
10405,325,285,610
10405,165,200,365
10405,208,182,390
10405,206,158,364
10405,172,216,388
10405,157,124,281
10405,154,166,320
10405,158,156,314
10405,169,135,304
10405,175,168,343
10405,224,208,432
10405,149,130,279
10405,193,159,352
10405,133,149,282
10405,206,158,364
10405,197,211,408
10405,171,170,341
10405,176,187,363
10405,299,287,586
10405,169,177,346
10405,154,166,320
10405,160,165,325
10405,175,174,349
10405,162,135,297
10405,177,164,341
10405,157,124,281
10405,163,152,315
10405,293,290,583
10405,158,152,310
10405,192,176,368
10405,267,212,479
10405,172,216,388
10405,156,155,311
10405,162,170,332
10405,221,208,429
10406,176,174,350
10406,202,157,359
10406,194,210,404
10406,158,123,281
10406,172,212,384
10406,206,201,407
10406,172,190,362
10406,162,162,324
10406,154,160,314
10406,164,171,335
10406,150,160,310
10406,248,228,476
10406,159,155,314
10406,202,157,359
10406,159,160,319
10406,172,182,354
10406,186,166,352
10406,232,253,485
10406,221,189,410
10406,155,149,304
10406,324,284,608
10406,172,212,384
10406,165,150,315
10406,198,204,402
10406,186,173,359
10406,158,123,281
10406,174,151,325
10406,133,144,277
10406,298,289,587
10406,163,134,297
10406,172,212,384
10406,162,151,313
10406,210,220,430
10406,305,289,594
10406,167,207,374
10406,176,177,353
10406,211,237,448
10406,154,160,314
10406,157,148,305
10406,175,172,347
10406,178,167,345
10407,162,136,298
10407,234,261,495
10407,211,223,434
10407,199,206,405
10407,157,125,282
10407,174,198,372
10407,177,183,360
10407,299,291,590
10407,175,176,351
10407,195,195,390
10407,164,177,341
10407,191,143,334
10407,168,185,353
10407,278,218,496
10407,195,211,406
10407,160,151,311
10407,176,174,350
10407,279,311,590
10407,196,154,350
10407,182,172,354
10407,135,149,284
10407,157,125,282
10407,198,198,396
10407,174,170,344
10407,161,149,310
10407,308,280,588
10407,155,148,303
10407,209,202,411
10407,147,155,302
10407,205,224,429
10407,162,163,325
10407,153,162,315
10407,150,133,283
10407,198,198,396
10407,159,161,320
10407,196,154,350
10407,217,187,404
10407,153,162,315
10407,168,206,374
10407,198,198,396
10407,162,138,300
10408,173,171,344
10408,213,204,417
10408,164,161,325
10408,177,178,355
10408,199,207,406
10408,178,185,363
10408,162,163,325
10408,278,216,494
10408,196,209,405
10408,159,148,307
10408,277,311,588
10408,195,155,350
10408,137,151,288
10408,169,210,379
10408,310,279,589
10408,169,126,295
10408,171,186,357
10408,157,124,281
10408,154,148,302
10408,153,164,317
10408,199,178,377
10408,195,155,350
10408,169,210,379
10408,153,164,317
10408,148,156,304
10408,216,172,388
10408,169,126,295
10408,261,236,497
10408,169,210,379
10408,168,203,371
10408,165,146,311
10408,168,172,340
10408,173,171,344
10408,162,173,335
10408,211,228,439
10408,210,235,445
10408,177,171,348
10408,165,135,300
10408,295,286,581
10408,149,124,273
10408,165,169,334
10409,156,147,303
10409,183,184,367
10409,165,198,363
10409,230,210,440
10409,176,174,350
10409,178,131,309
10409,155,171,326
10409,166,162,328
10409,165,198,363
10409,134,148,282
10409,164,131,295
10409,212,186,398
10409,172,172,344
10409,202,159,361
10409,166,202,368
10409,176,171,347
10409,165,198,363
10409,155,171,326
10409,164,168,332
10409,176,135,311
10409,216,171,387
10409,235,255,490
10409,160,129,289
10409,182,188,370
10409,178,131,309
10409,239,207,446
10409,178,182,360
10409,307,298,605
10409,158,124,282
10409,168,174,342
10409,295,292,587
10409,202,159,361
10409,276,215,491
10409,277,306,583
10409,197,212,409
10409,162,159,321
10409,217,207,424
10409,161,164,325
10409,199,208,407
10409,163,147,310
10409,159,157,316
10410,160,128,288
10410,173,170,343
10410,208,161,369
10410,163,194,357
10410,166,180,346
10410,162,167,329
10410,167,189,356
10410,153,168,321
10410,311,312,623
10410,184,207,391
10410,224,189,413
10410,249,221,470
10410,170,133,303
10410,203,167,370
10410,259,237,496
10410,161,157,318
10410,180,190,370
10410,182,147,329
10410,167,130,297
10410,174,171,345
10410,226,204,430
10410,163,168,331
10410,165,153,318
10410,176,179,355
10410,167,130,297
10410,185,136,321
10410,137,153,290
10410,167,131,298
10410,204,229,433
10410,163,194,357
10410,162,172,334
10410,208,161,369
10410,153,168,321
10410,224,210,434
10410,292,285,577
10410,163,194,357
10410,176,185,361
10410,214,204,418
10410,158,150,308
10410,300,287,587
10410,165,145,310
10411,163,193,356
10411,301,284,585
10411,174,134,308
10411,169,165,334
10411,138,158,296
10411,174,131,305
10411,170,145,315
10411,227,205,432
10411,162,134,296
10411,197,211,408
10411,189,140,329
10411,211,162,373
10411,179,182,361
10411,163,193,356
10411,184,194,378
10411,193,164,357
10411,274,301,575
10411,159,174,333
10411,161,188,349
10411,204,214,418
10411,157,157,314
10411,168,131,299
10411,163,164,327
10411,211,162,373
10411,198,209,407
10411,149,160,309
10411,249,227,476
10411,163,193,356
10411,166,174,340
10411,149,160,309
10411,168,131,299
10411,157,162,319
10411,225,208,433
10411,173,180,353
10411,248,231,479
10411,163,141,304
10411,175,177,352
10411,306,293,599
10411,163,132,295
10411,227,209,436
10411,178,179,357
10412,272,292,564
10412,199,210,409
10412,174,178,352
10412,166,179,345
10412,191,185,376
10412,193,143,336
10412,182,185,367
10412,231,211,442
10412,166,197,363
10412,157,155,312
10412,159,127,286
10412,172,174,346
10412,248,229,477
10412,315,294,609
10412,165,171,336
10412,149,162,311
10412,198,209,407
10412,165,132,297
10412,226,205,431
10412,211,163,374
10412,166,197,363
10412,149,162,311
10412,163,143,306
10412,178,177,355
10412,241,229,470
10412,164,132,296
10412,196,165,361
10412,173,134,307
10412,208,165,373
10412,177,133,310
10412,211,163,374
10412,136,154,290
10412,198,210,408
10412,167,189,356
10412,166,178,344
10412,308,298,606
10412,166,165,331
10412,173,134,307
10412,166,197,363
10412,158,168,326
10412,201,222,423
10413,164,163,327
10413,167,131,298
10413,155,129,284
10413,168,190,358
10413,149,164,313
10413,301,301,602
10413,314,308,622
10413,216,201,417
10413,161,132,293
10413,167,131,298
10413,164,144,308
10413,277,214,491
10413,159,124,283
10413,157,156,313
10413,137,159,296
10413,163,192,355
10413,169,129,298
10413,205,228,433
10413,200,220,420
10413,171,166,337
10413,180,208,388
10413,199,206,405
10413,163,192,355
10413,158,170,328
10413,171,168,339
10413,270,294,564
10413,188,187,375
10413,165,169,334
10413,188,187,375
10413,192,208,400
10413,176,173,349
10413,164,176,340
10413,195,165,360
10413,211,165,376
10413,149,164,313
10413,239,227,466
10413,185,191,376
10413,163,192,355
10413,162,163,325
10413,224,211,435
10413,175,164,339
10414,191,176,367
10414,217,187,404
10414,158,125,283
10414,158,125,283
10414,267,290,557
10414,163,168,331
10414,165,196,361
10414,164,145,309
10414,195,183,378
10414,160,177,337
10414,165,196,361
10414,196,210,406
10414,309,297,606
10414,151,128,279
10414,186,181,367
10414,170,188,358
10414,225,210,435
10414,181,134,315
10414,160,167,327
10414,136,157,293
10414,201,160,361
10414,202,221,423
10414,165,163,328
10414,175,172,347
10414,238,229,467
10414,165,196,361
10414,196,164,360
10414,155,150,305
10414,150,165,315
10414,182,188,370
10414,248,208,456
10414,150,165,315
10414,186,181,367
10414,166,163,329
10414,170,165,335
10414,202,199,401
10414,191,208,399
10414,160,126,286
10414,295,294,589
10414,157,128,285
10414,163,164,327
10415,175,175,350
10415,205,205,410
10415,151,149,300
10415,151,171,322
10415,208,228,436
10415,198,162,360
10415,157,127,284
10415,139,158,297
10415,202,203,405
10415,183,189,372
10415,195,186,381
10415,193,165,358
10415,154,127,281
10415,159,166,325
10415,186,206,392
10415,169,203,372
10415,213,185,398
10415,162,161,323
10415,231,226,457
10415,209,210,419
10415,160,160,320
10415,151,171,322
10415,157,157,314
10415,169,203,372
10415,165,149,314
10415,313,303,616
10415,175,177,352
10415,157,127,284
10415,186,174,360
10415,155,130,285
10415,169,203,372
10415,171,153,324
10415,171,166,337
10415,157,154,311
10415,157,160,317
10415,208,165,373
10415,298,291,589
10415,276,217,493
10415,163,190,353
10415,208,165,373
10415,266,284,550
10416,297,305,602
10416,202,204,406
10416,154,157,311
10416,161,132,293
10416,344,300,644
10416,152,178,330
10416,179,174,353
10416,153,124,277
10416,161,163,324
10416,168,204,372
10416,189,190,379
10416,179,172,351
10416,189,190,379
10416,235,213,448
10416,161,167,328
10416,157,151,308
10416,175,164,339
10416,168,191,359
10416,275,215,490
10416,166,149,315
10416,171,175,346
10416,168,191,359
10416,178,169,347
10416,271,291,562
10416,159,163,322
10416,152,178,330
10416,142,162,304
10416,161,158,319
10416,206,171,377
10416,211,206,417
10416,167,138,305
10416,220,209,429
10416,168,191,359
10416,227,225,452
10416,156,129,285
10416,200,182,382
10416,183,206,389
10416,201,164,365
10416,153,124,277
10416,159,169,328
10416,172,204,376
10417,204,164,368
10417,298,296,594
10417,281,312,593
10417,157,172,329
10417,152,127,279
10417,171,215,386
10417,255,211,466
10417,180,208,388
10417,176,166,342
10417,159,160,319
10417,222,210,432
10417,207,214,421
10417,164,134,298
10417,187,185,372
10417,187,185,372
10417,167,157,324
10417,165,138,303
10417,165,148,313
10417,204,171,375
10417,150,181,331
10417,167,197,364
10417,167,197,364
10417,211,206,417
10417,160,127,287
10417,165,179,344
10417,157,150,307
10417,150,181,331
10417,235,228,463
10417,199,177,376
10417,319,304,623
10417,207,229,436
10417,157,129,286
10417,161,165,326
10417,172,130,302
10417,210,186,396
10417,183,179,362
10417,165,173,338
10417,160,127,287
10417,167,197,364
10417,180,180,360
10417,192,143,335
10418,208,220,428
10418,157,151,308
10418,151,181,332
10418,185,184,369
10418,151,128,279
10418,303,321,624
10418,212,176,388
10418,169,211,380
10418,163,169,332
10418,168,128,296
10418,151,181,332
10418,204,163,367
10418,234,226,460
10418,179,187,366
10418,185,185,370
10418,185,172,357
10418,158,155,313
10418,168,200,368
10418,168,200,368
10418,203,182,385
10418,169,180,349
10418,171,164,335
10418,161,130,291
10418,226,210,436
10418,157,135,292
10418,162,127,289
10418,166,147,313
10418,168,200,368
10418,185,184,369
10418,198,206,404
10418,162,127,289
10418,172,169,341
10418,274,305,579
10418,263,211,474
10418,181,135,316
10418,177,206,383
10418,206,231,437
10418,321,312,633
10418,168,176,344
10418,168,180,348
10418,164,167,331
10419,168,184,352
10419,229,231,460
10419,182,150,332
10419,172,169,341
10419,166,196,362
10419,163,164,327
10419,210,176,386
10419,157,155,312
10419,187,183,370
10419,173,166,339
10419,311,301,612
10419,175,209,384
10419,321,300,621
10419,158,153,311
10419,189,179,368
10419,169,209,378
10419,166,196,362
10419,178,181,359
10419,156,131,287
10419,156,137,293
10419,160,126,286
10419,184,134,318
10419,153,185,338
10419,186,201,387
10419,208,222,430
10419,212,202,414
10419,162,171,333
10419,272,292,564
10419,235,213,448
10419,180,131,311
10419,203,205,408
10419,182,188,370
10419,187,183,370
10419,166,196,362
10419,186,170,356
10419,244,205,449
10419,173,173,346
10419,189,125,314
10419,153,185,338
10419,160,126,286
10419,151,128,279
10420,167,204,371
10420,162,172,334
10420,163,129,292
10420,180,162,342
10420,180,162,342
10420,161,140,301
10420,167,204,371
10420,233,242,475
10420,167,204,371
10420,209,177,386
10420,209,200,409
10420,178,150,328
10420,167,165,332
10420,205,164,369
10420,192,176,368
10420,174,168,342
10420,147,127,274
10420,187,136,323
10420,190,135,325
10420,310,299,609
10420,179,207,386
10420,160,156,316
10420,191,184,375
10420,163,129,292
10420,178,180,358
10420,188,190,378
10420,167,204,371
10420,206,217,423
10420,176,186,362
10420,228,208,436
10420,154,145,299
10420,219,179,398
10420,241,207,448
10420,186,124,310
10420,199,209,408
10420,353,300,653
10420,158,135,293
10420,188,190,378
10420,164,175,339
10420,172,176,348
10420,274,299,573
10421,164,165,329
10421,187,174,361
10421,198,171,369
10421,188,136,324
10421,222,202,424
10421,165,192,357
10421,190,186,376
10421,159,164,323
10421,230,239,469
10421,153,147,300
10421,165,141,306
10421,208,204,412
10421,187,188,375
10421,176,159,335
10421,159,162,321
10421,192,127,319
10421,154,154,308
10421,140,133,273
10421,162,170,332
10421,334,302,636
10421,156,133,289
10421,208,224,432
10421,187,188,375
10421,305,296,601
10421,186,183,369
10421,166,159,325
10421,165,192,357
10421,171,134,305
10421,171,134,305
10421,176,159,335
10421,281,313,594
10421,222,208,430
10421,168,207,375
10421,178,178,356
10421,187,153,340
10421,177,213,390
10421,171,176,347
10421,203,163,366
10421,250,230,480
10421,181,173,354
10421,165,192,357
10422,203,219,422
10422,166,192,358
10422,232,209,441
10422,172,165,337
10422,165,165,330
10422,184,182,366
10422,159,163,322
10422,184,171,355
10422,162,157,319
10422,174,135,309
10422,156,155,311
10422,157,154,311
10422,162,157,319
10422,179,166,345
10422,201,180,381
10422,151,145,296
10422,203,164,367
10422,210,224,434
10422,188,181,369
10422,238,259,497
10422,164,154,318
10422,174,135,309
10422,166,156,322
10422,166,192,358
10422,311,319,630
10422,152,131,283
10422,186,182,368
10422,346,326,672
10422,153,150,303
10422,140,137,277
10422,166,192,358
10422,278,310,588
10422,167,206,373
10422,186,182,368
10422,192,157,349
10422,176,207,383
10422,190,126,316
10422,199,171,370
10422,282,222,504
10422,227,205,432
10422,159,138,297
10423,200,199,399
10423,139,136,275
10423,197,159,356
10423,152,145,297
10423,164,197,361
10423,211,167,378
10423,343,311,654
10423,164,197,361
10423,201,171,372
10423,169,132,301
10423,188,184,372
10423,182,170,352
10423,337,301,638
10423,159,164,323
10423,224,205,429
10423,212,230,442
10423,185,182,367
10423,180,219,399
10423,271,294,565
10423,172,190,362
10423,251,236,487
10423,237,262,499
10423,190,126,316
10423,169,132,301
10423,144,129,273
10423,189,185,374
10423,167,157,324
10423,167,157,324
10423,185,182,367
10423,203,220,423
10423,155,136,291
10423,151,144,295
10423,158,162,320
10423,164,197,361
10423,166,165,331
10423,208,183,391
10423,216,200,416
10423,167,144,311
10423,195,169,364
10423,163,150,313
10423,156,149,305
10424,206,172,378
10424,171,144,315
10424,158,149,307
10424,175,169,344
10424,215,202,417
10424,162,157,319
10424,163,149,312
10424,251,237,488
10424,162,163,325
10424,209,222,431
10424,336,305,641
10424,202,211,413
10424,151,145,296
10424,184,228,412
10424,188,188,376
10424,177,197,374
10424,189,185,374
10424,249,230,479
10424,279,316,595
10424,171,183,354
10424,162,165,327
10424,148,140,288
10424,188,188,376
10424,166,156,322
10424,182,189,371
10424,337,310,647
10424,191,156,347
10424,150,141,291
10424,209,203,412
10424,203,177,380
10424,178,197,375
10424,162,157,319
10424,193,185,378
10424,177,197,374
10424,162,172,334
10424,137,129,266
10424,192,198,390
10424,164,130,294
10424,150,135,285
10424,164,130,294
10424,177,197,374
10425,225,215,440
10425,165,172,337
10425,216,166,382
10425,186,196,382
10425,208,204,412
10425,235,232,467
10425,329,309,638
10425,173,166,339
10425,145,134,279
10425,208,220,428
10425,175,191,366
10425,160,158,318
10425,162,129,291
10425,162,129,291
10425,192,154,346
10425,199,215,414
10425,161,145,306
10425,142,128,270
10425,245,223,468
10425,162,150,312
10425,324,310,634
10425,216,166,382
10425,185,182,367
10425,188,157,345
10425,217,206,423
10425,154,144,298
10425,176,196,372
10425,198,169,367
10425,176,196,372
10425,213,176,389
10425,171,164,335
10425,181,187,368
10425,149,156,305
10425,162,144,306
10425,166,158,324
10425,185,227,412
10425,303,292,595
10425,151,134,285
10425,176,196,372
10425,160,158,318
10425,207,180,387
10426,137,131,268
10426,168,131,299
10426,143,131,274
10426,184,195,379
10426,161,165,326
10426,224,208,432
10426,203,177,380
10426,161,140,301
10426,156,155,311
10426,184,164,348
10426,202,225,427
10426,148,140,288
10426,200,206,406
10426,205,173,378
10426,163,168,331
10426,168,195,363
10426,209,163,372
10426,167,180,347
10426,176,175,351
10426,158,152,310
10426,162,143,305
10426,162,146,308
10426,215,236,451
10426,209,163,372
10426,168,164,332
10426,178,214,392
10426,207,203,410
10426,168,131,299
10426,248,232,480
10426,168,195,363
10426,176,170,346
10426,151,155,306
10426,168,195,363
10426,200,179,379
10426,176,179,355
10426,313,324,637
10426,229,242,471
10426,156,155,311
10426,160,164,324
10426,318,319,637
10426,276,307,583
10427,163,158,321
10427,271,297,568
10427,231,233,464
10427,248,228,476
10427,163,194,357
10427,206,163,369
10427,305,284,589
10427,161,159,320
10427,216,225,441
10427,206,163,369
10427,152,158,310
10427,167,132,299
10427,192,184,376
10427,161,141,302
10427,163,194,357
10427,213,174,387
10427,190,198,388
10427,163,194,357
10427,315,326,641
10427,196,202,398
10427,131,126,257
10427,151,148,299
10427,161,145,306
10427,175,204,379
10427,164,163,327
10427,189,123,312
10427,140,137,277
10427,239,212,451
10427,163,160,323
10427,178,159,337
10427,184,172,356
10427,166,179,345
10427,224,209,433
10427,159,162,321
10427,196,177,373
10427,165,178,343
10427,173,167,340
10427,150,142,292
10427,193,176,369
10427,163,158,321
10427,167,132,299
10428,161,162,323
10428,167,130,297
10428,136,125,261
10428,152,156,308
10428,167,130,297
10428,183,173,356
10428,168,140,308
10428,155,149,304
10428,235,212,447
10428,214,223,437
10428,162,200,362
10428,165,179,344
10428,194,198,392
10428,317,325,642
10428,178,161,339
10428,130,126,256
10428,162,200,362
10428,155,164,319
10428,209,233,442
10428,216,232,448
10428,199,204,403
10428,160,142,302
10428,216,168,384
10428,189,125,314
10428,309,284,593
10428,203,179,382
10428,171,160,331
10428,242,236,478
10428,171,160,331
10428,267,283,550
10428,143,134,277
10428,175,171,346
10428,173,169,342
10428,249,230,479
10428,162,200,362
10428,202,188,390
10428,163,172,335
10428,216,168,384
10428,163,172,335
10428,178,203,381
10428,161,162,323
10429,163,195,358
10429,187,125,312
10429,160,157,317
10429,150,149,299
10429,142,137,279
10429,211,225,436
10429,181,173,354
10429,162,170,332
10429,348,318,666
10429,159,127,286
10429,248,228,476
10429,243,237,480
10429,323,278,601
10429,269,287,556
10429,180,204,384
10429,220,230,450
10429,178,180,358
10429,167,168,335
10429,163,195,358
10429,167,159,326
10429,159,161,320
10429,159,127,286
10429,177,200,377
10429,173,160,333
10429,187,186,373
10429,175,172,347
10429,187,186,373
10429,163,195,358
10429,166,178,344
10429,157,154,311
10429,144,140,284
10429,167,160,327
10429,230,210,440
10429,223,182,405
10429,200,198,398
10429,167,159,326
10429,233,211,444
10429,212,191,403
10429,173,141,314
10429,132,127,259
10429,158,137,295
10430,171,196,367
10430,144,144,288
10430,166,182,348
10430,173,171,344
10430,170,196,366
10430,279,222,501
10430,177,144,321
10430,186,186,372
10430,166,157,323
10430,186,186,372
10430,223,212,435
10430,179,181,360
10430,272,298,570
10430,332,276,608
10430,160,156,316
10430,154,158,312
10430,184,191,375
10430,155,145,300
10430,175,184,359
10430,156,128,284
10430,214,231,445
10430,193,208,401
10430,167,161,328
10430,209,213,422
10430,219,182,401
10430,170,196,366
10430,170,196,366
10430,185,196,381
10430,336,315,651
10430,135,128,263
10430,214,235,449
10430,154,125,279
10430,158,152,310
10430,154,125,279
10430,181,177,358
10430,149,145,294
10430,249,236,485
10430,199,178,377
10430,166,157,323
10430,161,148,309
10430,208,191,399
10431,182,191,373
10431,150,156,306
10431,211,191,402
10431,160,156,316
10431,132,127,259
10431,172,195,367
10431,172,170,342
10431,161,144,305
10431,160,156,316
10431,144,138,282
10431,219,168,387
10431,265,284,549
10431,159,195,354
10431,219,168,387
10431,154,137,291
10431,147,156,303
10431,146,124,270
10431,275,223,498
10431,179,196,375
10431,224,208,432
10431,171,203,374
10431,222,236,458
10431,169,183,352
10431,216,236,452
10431,196,200,396
10431,178,181,359
10431,214,233,447
10431,159,141,300
10431,185,242,427
10431,338,315,653
10431,159,195,354
10431,174,143,317
10431,159,195,354
10431,170,167,337
10431,304,287,591
10431,225,184,409
10431,167,181,348
10431,146,124,270
10431,260,240,500
10431,156,150,306
10431,169,178,347
10432,147,123,270
10432,179,171,350
10432,175,176,351
10432,211,223,434
10432,212,192,404
10432,160,156,316
10432,169,175,344
10432,165,156,321
10432,194,178,372
10432,251,242,493
10432,171,191,362
10432,202,157,359
10432,210,216,426
10432,141,138,279
10432,213,203,416
10432,173,138,311
10432,161,152,313
10432,147,123,270
10432,277,309,586
10432,158,197,355
10432,174,141,315
10432,158,197,355
10432,304,284,588
10432,225,184,409
10432,166,173,339
10432,167,178,345
10432,158,197,355
10432,159,145,304
10432,324,343,667
10432,214,167,381
10432,264,244,508
10432,148,146,294
10432,160,139,299
10432,165,156,321
10432,219,217,436
10432,214,167,381
10432,213,173,386
10432,204,200,404
10432,131,128,259
10432,214,234,448
10432,178,191,369
10433,171,141,312
10433,174,173,347
10433,211,226,437
10433,160,156,316
10433,160,156,316
10433,169,155,324
10433,158,193,351
10433,205,215,420
10433,186,240,426
10433,180,177,357
10433,158,193,351
10433,171,136,307
10433,170,202,372
10433,206,168,374
10433,152,160,312
10433,202,203,405
10433,165,151,316
10433,158,193,351
10433,161,164,325
10433,210,167,377
10433,148,129,277
10433,255,244,499
10433,273,301,574
10433,180,225,405
10433,132,130,262
10433,276,222,498
10433,173,194,367
10433,216,191,407
10433,203,225,428
10433,176,188,364
10433,159,157,316
10433,210,167,377
10433,146,149,295
10433,324,340,664
10433,184,151,335
10433,173,184,357
10433,161,148,309
10433,148,129,277
10433,216,180,396
10433,180,172,352
10433,301,278,579
10434,212,167,379
10434,215,178,393
10434,200,200,400
10434,164,158,322
10434,132,127,259
10434,204,206,410
10434,302,267,569
10434,198,200,398
10434,157,197,354
10434,187,167,354
10434,196,139,335
10434,157,197,354
10434,162,166,328
10434,157,197,354
10434,171,195,366
10434,173,173,346
10434,212,167,379
10434,152,163,315
10434,160,143,303
10434,349,317,666
10434,170,177,347
10434,170,141,311
10434,198,154,352
10434,270,280,550
10434,169,175,344
10434,215,232,447
10434,148,125,273
10434,164,158,322
10434,170,156,326
10434,152,142,294
10434,185,237,422
10434,149,155,304
10434,244,272,516
10434,148,125,273
10434,226,207,433
10434,168,187,355
10434,160,132,292
10434,169,201,370
10434,248,233,481
10434,172,201,373
10434,194,181,375
10435,190,129,319
10435,188,169,357
10435,177,223,400
10435,209,190,399
10435,158,151,309
10435,159,205,364
10435,206,212,418
10435,170,181,351
10435,170,145,315
10435,214,171,385
10435,303,265,568
10435,273,282,555
10435,173,170,343
10435,163,145,308
10435,156,124,280
10435,175,165,340
10435,159,205,364
10435,162,180,342
10435,175,165,340
10435,149,157,306
10435,151,130,281
10435,168,170,338
10435,131,127,258
10435,156,124,280
10435,159,205,364
10435,251,244,495
10435,231,211,442
10435,206,232,438
10435,200,139,339
10435,175,175,350
10435,204,211,415
10435,179,143,322
10435,206,178,384
10435,167,182,349
10435,214,171,385
10435,166,178,344
10435,186,238,424
10435,172,157,329
10435,315,320,635
10435,150,152,302
10435,250,242,492
10436,171,140,311
10436,185,151,336
10436,197,162,359
10436,131,127,258
10436,242,241,483
10436,170,229,399
10436,293,289,582
10436,170,229,399
10436,171,171,342
10436,173,172,345
10436,155,131,286
10436,169,206,375
10436,145,142,287
10436,168,154,322
10436,165,160,325
10436,196,175,371
10436,204,208,412
10436,167,172,339
10436,295,286,581
10436,214,207,421
10436,275,222,497
10436,164,179,343
10436,170,173,343
10436,191,174,365
10436,147,123,270
10436,205,209,414
10436,167,149,316
10436,165,160,325
10436,151,158,309
10436,175,146,321
10436,168,196,364
10436,208,229,437
10436,160,145,305
10436,207,190,397
10436,147,123,270
10436,317,320,637
10436,169,188,357
10436,199,212,411
10436,197,162,359
10436,167,158,325
10436,170,229,399
10437,194,206,400
10437,199,207,406
10437,256,216,472
10437,146,128,274
10437,172,141,313
10437,193,173,366
10437,194,206,400
10437,172,170,342
10437,171,170,341
10437,183,160,343
10437,172,197,369
10437,310,306,616
10437,194,139,333
10437,161,147,308
10437,156,160,316
10437,206,215,421
10437,161,176,337
10437,183,160,343
10437,223,209,432
10437,130,128,258
10437,167,187,354
10437,153,126,279
10437,153,163,316
10437,195,179,374
10437,178,148,326
10437,194,186,380
10437,153,126,279
10437,224,210,434
10437,172,185,357
10437,298,293,591
10437,242,273,515
10437,194,206,400
10437,304,291,595
10437,174,177,351
10437,193,207,400
10437,162,133,295
10437,169,156,325
10437,156,160,316
10437,183,155,338
10437,174,157,331
10437,171,209,380
10438,184,203,387
10438,324,304,628
10438,153,137,290
10438,226,211,437
10438,171,206,377
10438,151,158,309
10438,145,164,309
10438,188,127,315
10438,171,192,363
10438,209,223,432
10438,205,221,426
10438,140,133,273
10438,153,124,277
10438,186,193,379
10438,195,186,381
10438,175,200,375
10438,186,161,347
10438,184,175,359
10438,160,168,328
10438,166,159,325
10438,164,133,297
10438,242,266,508
10438,145,164,309
10438,186,161,347
10438,170,165,335
10438,296,288,584
10438,163,156,319
10438,190,172,362
10438,153,124,277
10438,173,159,332
10438,263,217,480
10438,152,134,286
10438,291,276,567
10438,197,205,402
10438,152,131,283
10438,197,205,402
10438,197,205,402
10438,190,138,328
10438,185,155,340
10438,172,194,366
10438,203,183,386
10439,182,133,315
10439,163,172,335
10439,233,209,442
10439,189,177,366
10439,317,301,618
10439,137,130,267
10439,239,263,502
10439,166,157,323
10439,178,124,302
10439,201,235,436
10439,164,130,294
10439,149,122,271
10439,192,198,390
10439,288,268,556
10439,142,155,297
10439,153,138,291
10439,169,227,396
10439,186,166,352
10439,149,122,271
10439,271,283,554
10439,171,164,335
10439,214,213,427
10439,169,227,396
10439,258,216,474
10439,151,133,284
10439,169,161,330
10439,169,227,396
10439,182,169,351
10439,171,198,369
10439,171,215,386
10439,142,155,297
10439,153,153,306
10439,148,155,303
10439,175,151,326
10439,168,187,355
10439,204,207,411
10439,234,214,448
10439,172,189,361
10439,186,166,352
10439,157,134,291
10439,200,182,382
10440,193,185,378
10440,165,180,345
10440,167,158,325
10440,193,185,378
10440,197,178,375
10440,192,202,394
10440,192,202,394
10440,149,169,318
10440,177,143,320
10440,300,290,590
10440,167,156,323
10440,165,193,358
10440,228,207,435
10440,181,170,351
10440,197,216,413
10440,244,216,460
10440,209,200,409
10440,146,125,271
10440,169,191,360
10440,166,182,348
10440,331,307,638
10440,160,137,297
10440,133,138,271
10440,205,210,415
10440,155,138,293
10440,215,210,425
10440,186,126,312
10440,187,180,367
10440,156,153,309
10440,192,202,394
10440,150,126,276
10440,146,125,271
10440,149,169,318
10440,175,180,355
10440,183,135,318
10440,277,285,562
10440,155,147,302
10440,165,174,339
10440,273,222,495
10440,264,249,513
10440,173,153,326
10441,168,168,336
10441,207,210,417
10441,204,221,425
10441,170,227,397
10441,224,208,432
10441,159,164,323
10441,133,140,273
10441,155,180,335
10441,187,178,365
10441,211,164,375
10441,147,123,270
10441,164,138,302
10441,183,155,338
10441,289,292,581
10441,170,227,397
10441,157,141,298
10441,167,186,353
10441,168,178,346
10441,170,227,397
10441,164,196,360
10441,183,126,309
10441,250,244,494
10441,303,306,609
10441,211,164,375
10441,147,124,271
10441,175,208,383
10441,179,187,366
10441,164,130,294
10441,147,123,270
10441,155,180,335
10441,317,268,585
10441,215,209,424
10441,165,154,319
10441,259,250,509
10441,189,205,394
10441,196,204,400
10441,156,135,291
10441,180,142,322
10441,179,176,355
10441,155,133,288
10441,151,152,303
10442,163,178,341
10442,174,133,307
10442,266,247,513
10442,191,157,348
10442,159,137,296
10442,150,125,275
10442,199,182,381
10442,166,200,366
10442,191,188,379
10442,233,217,450
10442,294,295,589
10442,148,122,270
10442,241,214,455
10442,187,128,315
10442,180,171,351
10442,167,182,349
10442,218,164,382
10442,155,160,315
10442,169,163,332
10442,169,227,396
10442,137,151,288
10442,169,227,396
10442,220,194,414
10442,156,171,327
10442,295,281,576
10442,166,167,333
10442,166,138,304
10442,157,187,344
10442,157,187,344
10442,174,175,349
10442,195,192,387
10442,186,149,335
10442,148,122,270
10442,179,192,371
10442,207,209,416
10442,169,227,396
10442,218,164,382
10442,264,220,484
10442,203,222,425
10442,298,292,590
10442,170,141,311
10443,289,262,551
10443,160,125,285
10443,135,148,283
10443,196,201,397
10443,158,128,286
10443,157,185,342
10443,201,207,408
10443,192,159,351
10443,166,171,337
10443,268,219,487
10443,216,161,377
10443,203,190,393
10443,157,185,342
10443,158,166,324
10443,184,188,372
10443,181,128,309
10443,160,125,285
10443,165,142,307
10443,173,143,316
10443,227,215,442
10443,232,248,480
10443,170,187,357
10443,173,199,372
10443,154,163,317
10443,175,181,356
10443,173,171,344
10443,219,238,457
10443,171,217,388
10443,292,295,587
10443,171,143,314
10443,216,161,377
10443,195,204,399
10443,196,204,400
10443,169,168,337
10443,198,170,368
10443,302,311,613
10443,164,166,330
10443,164,137,301
10443,154,157,311
10444,174,201,375
10444,167,139,306
10444,192,197,389
10444,164,167,331
10444,276,318,594
10444,214,193,407
10444,178,188,366
10444,155,183,338
10444,303,315,618
10444,177,172,349
10444,165,143,308
10444,180,189,369
10444,196,207,403
10444,183,197,380
10444,156,172,328
10444,239,209,448
10444,193,175,368
10444,159,163,322
10444,155,183,338
10444,156,119,275
10444,153,123,276
10444,239,265,504
10444,166,131,297
10444,230,218,448
10444,154,154,308
10444,176,171,347
10444,321,269,590
10444,183,222,405
10444,153,123,276
10444,191,194,385
10444,167,130,297
10444,193,175,368
10444,171,191,362
10444,180,145,325
10444,201,211,412
10444,133,139,272
10444,208,196,404
10444,237,213,450
10444,195,160,355
10445,147,140,287
10445,161,126,287
10445,184,212,396
10445,164,180,344
10445,241,220,461
10445,167,139,306
10445,158,170,328
10445,225,194,419
10445,181,195,376
10445,316,268,584
10445,168,189,357
10445,161,126,287
10445,186,168,354
10445,226,199,425
10445,160,127,287
10445,156,183,339
10445,133,142,275
10445,186,156,342
10445,227,209,436
10445,194,182,376
10445,299,295,594
10445,162,164,326
10445,155,153,308
10445,198,175,373
10445,169,224,393
10445,178,195,373
10445,194,182,376
10445,156,183,339
10445,235,261,496
10445,161,119,280
10445,167,130,297
10445,220,214,434
10445,178,184,362
10445,274,307,581
10445,207,199,406
10445,202,210,412
10445,197,167,364
10445,163,163,326
10445,158,136,294
10446,204,196,400
10446,299,316,615
10446,238,210,448
10446,169,197,366
10446,169,167,336
10446,177,184,361
10446,182,193,375
10446,164,212,376
10446,198,185,383
10446,175,186,361
10446,164,137,301
10446,161,157,318
10446,171,195,366
10446,151,172,323
10446,150,121,271
10446,236,259,495
10446,201,207,408
10446,166,119,285
10446,196,209,405
10446,226,215,441
10446,166,130,296
10446,220,194,414
10446,186,169,355
10446,190,172,362
10446,190,172,362
10446,175,145,320
10446,152,152,304
10446,172,192,364
10446,170,184,354
10446,151,172,323
10446,323,269,592
10446,177,180,357
10446,215,236,451
10446,154,162,316
10446,177,135,312
10446,277,313,590
10446,134,144,278
10446,150,121,271
10446,154,163,317
10447,147,161,308
10447,162,181,343
10447,185,172,357
10447,173,179,352
10447,156,139,295
10447,213,192,405
10447,185,133,318
10447,193,199,392
10447,190,169,359
10447,147,161,308
10447,280,310,590
10447,231,239,470
10447,209,208,417
10447,199,208,407
10447,161,121,282
10447,317,265,582
10447,161,125,286
10447,183,157,340
10447,183,157,340
10447,177,144,321
10447,302,297,599
10447,221,200,421
10447,175,171,346
10447,153,152,305
10447,164,168,332
10447,149,142,291
10447,239,213,452
10447,135,147,282
10447,168,193,361
10447,172,142,314
10447,168,227,395
10447,154,135,289
10447,167,173,340
10447,175,181,356
10447,182,195,377
10447,215,236,451
10447,177,183,360
10447,183,181,364
10448,192,161,353
10448,178,176,354
10448,225,195,420
10448,182,178,360
10448,166,161,327
10448,167,139,306
10448,248,212,460
10448,296,284,580
10448,198,211,409
10448,135,148,283
10448,304,300,604
10448,157,121,278
10448,153,149,302
10448,163,167,330
10448,214,228,442
10448,174,131,305
10448,145,156,301
10448,196,175,371
10448,163,195,358
10448,180,194,374
10448,192,161,353
10448,176,187,363
10448,204,189,393
10448,170,141,311
10448,170,185,355
10448,210,220,430
10448,145,156,301
10448,281,313,594
10448,173,173,346
10448,232,238,470
10448,193,205,398
10448,181,178,359
10448,154,134,288
10448,189,133,322
10448,163,182,345
10448,168,222,390
10448,157,137,294
10448,149,144,293
10449,166,217,383
10449,200,217,417
10449,245,210,455
10449,187,159,346
10449,151,158,309
10449,302,307,609
10449,154,133,287
10449,153,151,304
10449,179,166,345
10449,202,216,418
10449,169,143,312
10449,166,157,323
10449,166,195,361
10449,185,173,358
10449,164,186,350
10449,197,190,387
10449,290,253,543
10449,167,167,334
10449,207,217,424
10449,194,159,353
10449,170,193,363
10449,209,218,427
10449,192,185,377
10449,137,157,294
10449,153,125,278
10449,196,205,401
10449,172,156,328
10449,159,139,298
10449,187,170,357
10449,198,135,333
10449,161,128,289
10449,271,290,561
10449,227,240,467
10449,159,160,319
10449,188,178,366
10449,167,171,338
10449,187,159,346
10449,159,160,319
10450,201,135,336
10450,173,185,358
10450,174,169,343
10450,206,212,418
10450,163,161,324
10450,165,140,305
10450,163,214,377
10450,167,168,335
10450,312,330,642
10450,190,161,351
10450,195,202,397
10450,203,183,386
10450,230,242,472
10450,163,183,346
10450,163,161,324
10450,206,210,416
10450,189,211,400
10450,155,130,285
10450,192,170,362
10450,227,198,425
10450,190,161,351
10450,137,154,291
10450,176,176,352
10450,169,207,376
10450,147,150,297
10450,152,143,295
10450,172,171,343
10450,181,190,371
10450,193,184,377
10450,314,260,574
10450,151,163,314
10450,165,130,295
10450,250,238,488
10450,166,199,365
10450,183,167,350
10450,167,141,308
10450,206,185,391
10450,272,299,571
10451,195,166,361
10451,166,163,329
10451,202,182,384
10451,197,184,381
10451,177,145,322
10451,184,166,350
10451,162,178,340
10451,164,179,343
10451,157,183,340
10451,145,159,304
10451,146,144,290
10451,195,166,361
10451,186,203,389
10451,150,123,273
10451,175,183,358
10451,153,170,323
10451,190,188,378
10451,251,236,487
10451,168,144,312
10451,169,145,314
10451,169,232,401
10451,167,131,298
10451,234,244,478
10451,221,213,434
10451,133,146,279
10451,271,291,562
10451,206,209,415
10451,145,159,304
10451,173,170,343
10451,171,211,382
10451,205,212,417
10451,199,147,346
10451,289,251,540
10451,163,162,325
10451,309,297,606
10451,172,186,358
10451,178,184,362
10451,151,138,289
10452,188,200,388
10452,160,127,287
10452,142,149,291
10452,179,196,375
10452,144,161,305
10452,146,149,295
10452,167,167,334
10452,194,186,380
10452,255,243,498
10452,234,216,450
10452,170,146,316
10452,132,140,272
10452,180,154,334
10452,176,147,323
10452,171,229,400
10452,284,291,575
10452,209,214,423
10452,189,163,352
10452,152,141,293
10452,189,163,352
10452,301,317,618
10452,198,179,377
10452,161,162,323
10452,293,257,550
10452,185,140,325
10452,204,182,386
10452,171,161,332
10452,168,199,367
10452,155,177,332
10452,196,187,383
10452,171,142,313
10452,157,166,323
10452,166,131,297
10452,237,198,435
10452,181,149,330
10452,144,161,305
10452,178,167,345
10452,231,251,482
10453,157,149,306
10453,153,136,289
10453,311,252,563
10453,174,149,323
10453,189,153,342
10453,322,308,630
10453,166,142,308
10453,198,170,368
10453,165,161,326
10453,173,209,382
10453,152,137,289
10453,166,136,302
10453,286,294,580
10453,168,168,336
10453,232,215,447
10453,184,172,356
10453,174,167,341
10453,135,143,278
10453,150,178,328
10453,216,239,455
10453,172,177,349
10453,240,202,442
10453,150,167,317
10453,161,171,332
10453,176,161,337
10453,276,218,494
10453,196,192,388
10453,186,220,406
10453,139,138,277
10453,150,178,328
10453,162,130,292
10453,183,201,384
10453,207,186,393
10453,198,170,368
10453,234,282,516
10453,185,215,400
10453,158,164,322
10453,230,187,417
10454,162,149,311
10454,181,169,350
10454,233,219,452
10454,302,246,548
10454,153,131,284
10454,170,204,374
10454,154,134,288
10454,285,321,606
10454,186,189,375
10454,246,215,461
10454,159,188,347
10454,240,277,517
10454,180,215,395
10454,228,194,422
10454,208,188,396
10454,331,312,643
10454,152,183,335
10454,145,127,272
10454,167,180,347
10454,205,197,402
10454,159,181,340
10454,152,168,320
10454,199,170,369
10454,162,164,326
10454,152,183,335
10454,176,171,347
10454,199,170,369
10454,195,208,403
10454,184,206,390
10454,176,153,329
10454,171,173,344
10454,161,134,295
10454,160,159,319
10454,187,209,396
10454,159,174,333
10454,270,217,487
10454,150,167,317
10454,152,141,293
10455,181,126,307
10455,245,270,515
10455,165,143,308
10455,187,197,384
10455,174,170,344
10455,143,144,287
10455,175,150,325
10455,156,162,318
10455,170,176,346
10455,178,170,348
10455,201,222,423
10455,147,163,310
10455,308,333,641
10455,200,173,373
10455,166,173,339
10455,178,176,354
10455,280,303,583
10455,178,158,336
10455,147,163,310
10455,154,150,304
10455,153,149,302
10455,213,191,404
10455,273,219,492
10455,187,201,388
10455,200,173,373
10455,170,166,336
10455,205,184,389
10455,188,140,328
10455,178,198,376
10455,221,233,454
10455,174,209,383
10455,191,181,372
10455,144,122,266
10455,319,282,601
10455,156,195,351
10455,152,168,320
10455,162,135,297
10455,193,200,393
11521,145,130,275
11522,149,136,285
11523,146,128,274
11524,142,123,265
11525,142,116,258
11526,140,113,253
11527,141,114,255
11528,141,113,254
11529,140,113,253
11530,140,116,256
11531,143,113,256
11532,147,113,260
11533,145,112,257
11534,140,116,256
11535,143,124,267
11536,141,119,260
11537,142,120,262
11538,141,114,255
11539,145,115,260
11540,141,112,253
11541,142,115,257
11542,144,115,259
11543,161,115,276
11544,159,115,274
11545,155,114,269
11546,153,118,271
11547,144,114,258
11548,160,123,283
11549,166,124,290
11550,166,125,291
11551,177,125,302
11552,148,136,284
11553,151,131,282
11554,147,127,274
11555,149,131,280
11556,148,134,282
11557,148,137,285
11558,148,137,285
11559,151,138,289
11560,151,139,290
11561,148,134,282
11562,150,136,286
11563,146,129,275
11564,146,129,275
11565,148,124,272
11566,147,124,271
11567,148,124,272
11568,145,115,260
11569,147,127,274
11570,148,130,278
11571,151,142,293
11572,150,140,290
11573,153,146,299
11574,150,140,290
11575,152,148,300
11576,151,146,297
11577,150,143,293
11578,148,138,286
11579,148,137,285
11580,146,136,282
11581,148,139,287
11582,148,138,286
11583,153,151,304
11584,178,130,308
11585,177,132,309
11586,151,147,298
11587,149,135,284
11588,149,140,289
11589,145,128,273
11590,149,144,293
11591,147,125,272
11592,145,121,266
11593,145,116,261
11594,147,125,272
11595,149,134,283
11596,151,137,288
11597,153,145,298
11598,152,142,294
11599,154,151,305
11600,155,157,312
11601,155,155,310
11602,156,157,313
11603,185,133,318
11604,181,134,315
11605,178,133,311
11606,154,158,312
11607,155,154,309
11608,156,158,314
11609,154,147,301
11610,164,131,295
11611,171,132,303
11612,170,130,300
11613,170,132,302
11614,174,136,310
11615,177,134,311
11616,182,135,317
11617,169,131,300
11618,165,130,295
11619,165,131,296
11620,154,129,283
11621,155,131,286
11622,166,132,298
11623,172,133,305
11624,170,132,302
11625,178,136,314
11626,173,134,307
11627,176,135,311
11628,175,136,311
11629,167,133,300
11630,185,137,322
11631,179,135,314
11632,154,150,304
11633,156,157,313
11634,156,155,311
11635,159,158,317
11636,184,138,322
11637,154,149,303
11638,157,157,314
11639,179,137,316
11640,176,136,312
11641,180,138,318
11642,179,138,317
11643,185,140,325
11644,174,135,309
11645,184,141,325
11646,157,152,309
11647,156,154,310
11648,158,158,316
11649,149,134,283
11650,150,137,287
11651,153,140,293
11652,155,150,305
11653,156,143,299
11654,155,141,296
11655,153,138,291
11656,157,146,303
11657,157,150,307
11658,154,145,299
11659,159,156,315
11660,179,136,315
11661,176,135,311
11662,168,133,301
11663,164,134,298
11664,163,134,297
11665,156,132,288
11666,151,132,283
11667,152,133,285
11668,161,133,294
11669,161,135,296
11670,166,134,300
11671,160,131,291
11672,162,131,293
11673,158,132,290
11674,157,131,288
11675,156,137,293
11676,153,128,281
11677,154,132,286
11678,162,134,296
11679,172,134,306
11680,173,136,309
11681,175,137,312
11682,181,137,318
11683,178,137,315
11684,177,139,316
11685,170,138,308
11686,181,141,322
11687,169,138,307
11688,172,139,311
11689,180,142,322
11690,182,141,323
11691,174,140,314
11692,186,143,329
11693,171,140,311
11694,185,142,327
11695,182,143,325
11696,182,145,327
11697,161,166,327
11698,176,140,316
11699,162,134,296
11700,157,143,300
11701,154,137,291
11702,155,135,290
11703,155,134,289
11704,161,134,295
11705,168,136,304
11706,174,136,310
11707,170,134,304
11708,169,135,304
11709,165,132,297
11710,166,135,301
11711,160,133,293
11712,153,130,283
11713,163,134,297
11714,172,136,308
11715,175,139,314
11716,164,137,301
11717,185,139,324
11718,155,159,314
11719,151,144,295
11720,153,146,299
11721,155,154,309
11722,157,154,311
11723,155,152,307
11724,184,134,318
11725,159,158,317
11726,153,147,300
11727,148,138,286
11728,142,122,264
11729,145,122,267
11730,150,124,274
11731,145,121,266
11732,146,123,269
11733,149,122,271
11734,144,122,266
11735,143,123,266
11736,148,121,269
11737,148,120,268
11738,159,123,282
11739,164,126,290
11740,145,123,268
11741,146,122,268
11742,146,130,276
11743,146,130,276
11744,149,138,287
11745,152,142,294
11746,148,137,285
11747,145,121,266
11748,152,121,273
11749,152,121,273
11750,157,124,281
11751,159,124,283
11752,170,126,296
11753,177,129,306
11754,177,127,304
11755,147,140,287
11756,146,134,280
11757,149,138,287
11758,150,147,297
11759,149,148,297
11760,148,145,293
11761,146,142,288
11762,146,144,290
11763,179,128,307
11764,177,128,305
11765,180,129,309
11766,176,128,304
11767,179,129,308
11768,149,149,298
11769,146,142,288
11770,173,128,301
11771,179,129,308
11772,178,128,306
11773,171,127,298
11774,176,127,303
11775,168,125,293
11776,170,127,297
11777,171,128,299
11778,178,130,308
11779,176,127,303
11780,176,128,304
11781,173,127,300
11782,177,126,303
11783,148,148,296
11784,147,141,288
11785,152,149,301
11786,177,124,301
11787,161,123,284
11788,163,125,288
11789,167,125,292
11790,170,126,296
11791,174,126,300
11792,167,124,291
11793,156,121,277
11794,166,122,288
11795,162,124,286
11796,176,126,302
11797,177,129,306
11798,149,148,297
11799,179,125,304
11800,177,127,304
11801,162,123,285
11802,172,125,297
11803,150,151,301
11804,180,126,306
11805,162,123,285
11806,167,123,290
11807,167,124,291
11808,150,148,298
11809,150,144,294
11810,150,144,294
11811,151,147,298
11812,150,143,293
11813,147,136,283
11814,146,131,277
11815,151,141,292
11816,177,123,300
11817,172,122,294
11818,174,122,296
11819,158,117,275
11820,160,117,277
11821,159,118,277
11822,166,120,286
11823,149,116,265
11824,161,122,283
11825,150,146,296
11826,149,141,290
11827,146,132,278
11828,146,132,278
11829,148,137,285
11830,146,129,275
11831,148,140,288
11832,142,126,268
11833,140,114,254
11834,144,120,264
11835,150,138,288
11836,150,146,296
11837,151,139,290
11838,144,125,269
11839,146,129,275
11840,147,133,280
11841,143,121,264
11842,145,113,258
11843,148,114,262
11844,146,114,260
11845,144,111,255
11846,151,116,267
11847,139,115,254
11848,151,113,264
11849,164,118,282
11850,176,117,293
11851,146,137,283
11852,171,115,286
11853,143,134,277
11854,142,130,272
11855,141,125,266
11856,140,120,260
11857,138,116,254
11858,137,115,252
11859,137,115,252
11860,134,106,240
11861,135,109,244
11862,137,118,255
11863,136,113,249
11864,139,104,243
11865,135,103,238
11866,136,105,241
11867,144,108,252
11868,147,111,258
11869,147,109,256
11870,161,116,277
11871,163,117,280
11872,141,145,286
11873,141,144,285
11874,169,122,291
11875,164,119,283
11876,156,117,273
11877,141,145,286
11878,138,139,277
11879,135,133,268
11880,138,144,282
11881,169,124,293
11882,165,122,287
11883,171,125,296
11884,167,124,291
11885,161,121,282
11886,151,117,268
11887,161,121,282
11888,164,121,285
11889,145,115,260
11890,148,118,266
11891,139,119,258
11892,138,121,259
11893,139,130,269
11894,140,137,277
11895,133,125,258
